1990,2005,2020,2025,2030,2035,2040,2045,2050,scenario,baseline,GCAM,sector,subsector,technology,output,concentration,input,product,fuel,LandLeaf,GHG,Units
15.2079,14.539,14.4841,13.3528,12.8905,12.3461,11.9167,11.5816,11.2713,procure-scaling-l,500Mt-CostDecrease,Africa_Eastern,missing,missing,missing,missing,missing,missing,missing,elect_td_bld,missing,missing,1975$/GJ
13.0129,12.429,12.8473,11.8184,11.6587,11.4516,11.1041,10.6743,10.205,procure-scaling-l,500Mt-CostDecrease,Africa_Eastern,missing,missing,missing,missing,missing,missing,missing,elect_td_ind,missing,missing,1975$/GJ
15.2079,14.539,14.8373,13.7684,13.5687,13.3216,12.9341,12.4643,11.955,procure-scaling-l,500Mt-CostDecrease,Africa_Eastern,missing,missing,missing,missing,missing,missing,missing,elect_td_trn,missing,missing,1975$/GJ
10.3317,9.61029,9.53447,8.75113,8.6476,8.50654,8.25476,7.93751,7.58837,procure-scaling-l,500Mt-CostDecrease,Africa_Eastern,missing,missing,missing,missing,missing,missing,missing,electricity,missing,missing,1975$/GJ
11.5037,10.525,12.9376,12.021,11.4209,11.0279,10.7292,10.4178,10.2115,procure-scaling-l,500Mt-CostDecrease,Africa_Northern,missing,missing,missing,missing,missing,missing,missing,elect_td_bld,missing,missing,1975$/GJ
9.30874,8.41504,11.012,10.3224,9.71425,9.30297,8.98779,8.66207,8.46071,procure-scaling-l,500Mt-CostDecrease,Africa_Northern,missing,missing,missing,missing,missing,missing,missing,elect_td_ind,missing,missing,1975$/GJ
11.5037,10.525,13.002,12.2724,11.6243,11.173,10.8178,10.4521,10.2107,procure-scaling-l,500Mt-CostDecrease,Africa_Northern,missing,missing,missing,missing,missing,missing,missing,elect_td_trn,missing,missing,1975$/GJ
6.93394,6.51421,8.44994,7.90805,7.43157,7.11516,6.87676,6.6291,6.48308,procure-scaling-l,500Mt-CostDecrease,Africa_Northern,missing,missing,missing,missing,missing,missing,missing,electricity,missing,missing,1975$/GJ
11.9595,12.3177,15.8292,14.7733,13.6791,12.8197,12.359,12.0609,11.8685,procure-scaling-l,500Mt-CostDecrease,Africa_Southern,missing,missing,missing,missing,missing,missing,missing,elect_td_bld,missing,missing,1975$/GJ
9.76452,10.2077,14.8992,14.3146,13.487,12.7243,12.2779,11.9072,11.5738,procure-scaling-l,500Mt-CostDecrease,Africa_Southern,missing,missing,missing,missing,missing,missing,missing,elect_td_ind,missing,missing,1975$/GJ
11.9595,12.3177,16.8892,16.2646,15.397,14.5943,14.1079,13.6972,13.3238,procure-scaling-l,500Mt-CostDecrease,Africa_Southern,missing,missing,missing,missing,missing,missing,missing,elect_td_trn,missing,missing,1975$/GJ
8.23199,7.96576,12.1042,11.6334,10.9544,10.329,9.97233,9.67949,9.4178,procure-scaling-l,500Mt-CostDecrease,Africa_Southern,missing,missing,missing,missing,missing,missing,missing,electricity,missing,missing,1975$/GJ
11.4045,11.2863,13.0748,12.1522,11.6226,11.3011,11.1066,10.9561,10.8511,procure-scaling-l,500Mt-CostDecrease,Africa_Western,missing,missing,missing,missing,missing,missing,missing,elect_td_bld,missing,missing,1975$/GJ
9.20954,9.17629,11.2954,10.601,10.0628,9.76836,9.59559,9.4438,9.33177,procure-scaling-l,500Mt-CostDecrease,Africa_Western,missing,missing,missing,missing,missing,missing,missing,elect_td_ind,missing,missing,1975$/GJ
11.4045,11.2863,13.2854,12.551,11.9728,11.6384,11.4256,11.2338,11.0818,procure-scaling-l,500Mt-CostDecrease,Africa_Western,missing,missing,missing,missing,missing,missing,missing,elect_td_trn,missing,missing,1975$/GJ
6.95912,6.5606,8.33072,7.80726,7.40514,7.19373,7.07752,6.97754,6.90868,procure-scaling-l,500Mt-CostDecrease,Africa_Western,missing,missing,missing,missing,missing,missing,missing,electricity,missing,missing,1975$/GJ
10.5399,10.487,10.8383,10.1943,9.73739,9.67828,9.73454,9.65772,9.52715,procure-scaling-l,500Mt-CostDecrease,Australia_NZ,missing,missing,missing,missing,missing,missing,missing,elect_td_bld,missing,missing,1975$/GJ
8.34493,8.37701,8.81781,8.19951,7.75794,7.71317,7.78448,7.72473,7.61477,procure-scaling-l,500Mt-CostDecrease,Australia_NZ,missing,missing,missing,missing,missing,missing,missing,elect_td_ind,missing,missing,1975$/GJ
10.5399,10.487,10.8078,10.1495,9.66794,9.58317,9.61448,9.51473,9.36477,procure-scaling-l,500Mt-CostDecrease,Australia_NZ,missing,missing,missing,missing,missing,missing,missing,elect_td_trn,missing,missing,1975$/GJ
6.67367,6.71122,7.3284,6.78864,6.40734,6.3826,6.46229,6.42407,6.34056,procure-scaling-l,500Mt-CostDecrease,Australia_NZ,missing,missing,missing,missing,missing,missing,missing,electricity,missing,missing,1975$/GJ
14.1434,12.1058,12.5183,11.564,10.8422,10.4791,10.2853,10.0863,9.97383,procure-scaling-l,500Mt-CostDecrease,Brazil,missing,missing,missing,missing,missing,missing,missing,elect_td_bld,missing,missing,1975$/GJ
11.9484,9.99584,10.5057,9.73001,9.04155,8.66185,8.44967,8.2372,8.12815,procure-scaling-l,500Mt-CostDecrease,Brazil,missing,missing,missing,missing,missing,missing,missing,elect_td_ind,missing,missing,1975$/GJ
14.1434,12.1058,12.4957,11.68,10.9516,10.5319,10.2797,10.0272,9.87815,procure-scaling-l,500Mt-CostDecrease,Brazil,missing,missing,missing,missing,missing,missing,missing,elect_td_trn,missing,missing,1975$/GJ
9.53315,7.66063,8.15813,7.55501,7.02015,6.73988,6.59828,6.45528,6.39874,procure-scaling-l,500Mt-CostDecrease,Brazil,missing,missing,missing,missing,missing,missing,missing,electricity,missing,missing,1975$/GJ
11.5958,11.4474,12.4442,12.1132,11.4607,10.9898,10.6116,10.2478,9.97133,procure-scaling-l,500Mt-CostDecrease,Canada,missing,missing,missing,missing,missing,missing,missing,elect_td_bld,missing,missing,1975$/GJ
9.40085,9.33738,10.4485,10.1259,9.48062,9.03131,8.68633,8.362,8.12168,procure-scaling-l,500Mt-CostDecrease,Canada,missing,missing,missing,missing,missing,missing,missing,elect_td_ind,missing,missing,1975$/GJ
11.5958,11.4474,12.4385,12.0759,11.3906,10.9013,10.5163,10.152,9.87168,procure-scaling-l,500Mt-CostDecrease,Canada,missing,missing,missing,missing,missing,missing,missing,elect_td_trn,missing,missing,1975$/GJ
7.80106,7.64528,8.553,8.28718,7.739,7.36171,7.07538,6.80685,6.61165,procure-scaling-l,500Mt-CostDecrease,Canada,missing,missing,missing,missing,missing,missing,missing,electricity,missing,missing,1975$/GJ
14.5905,12.7525,14.3806,13.0891,12.6814,12.4325,12.1734,11.8451,11.4491,procure-scaling-l,500Mt-CostDecrease,Central America and Caribbean,missing,missing,missing,missing,missing,missing,missing,elect_td_bld,missing,missing,1975$/GJ
12.3955,10.6425,12.4288,11.1582,10.7776,10.5878,10.3725,10.0548,9.65081,procure-scaling-l,500Mt-CostDecrease,Central America and Caribbean,missing,missing,missing,missing,missing,missing,missing,elect_td_ind,missing,missing,1975$/GJ
14.5905,12.7525,14.4188,13.1082,12.6876,12.4578,12.2025,11.8448,11.4008,procure-scaling-l,500Mt-CostDecrease,Central America and Caribbean,missing,missing,missing,missing,missing,missing,missing,elect_td_trn,missing,missing,1975$/GJ
9.97867,8.34278,9.95094,8.92163,8.64265,8.52453,8.38355,8.15319,7.84633,procure-scaling-l,500Mt-CostDecrease,Central America and Caribbean,missing,missing,missing,missing,missing,missing,missing,electricity,missing,missing,1975$/GJ
11.5436,12.0655,12.5147,12.0878,11.3611,11.0163,10.8799,10.819,10.8435,procure-scaling-l,500Mt-CostDecrease,Central Asia,missing,missing,missing,missing,missing,missing,missing,elect_td_bld,missing,missing,1975$/GJ
9.34861,9.9555,10.4913,10.1008,9.41644,9.07613,8.93809,8.88376,8.92217,procure-scaling-l,500Mt-CostDecrease,Central Asia,missing,missing,missing,missing,missing,missing,missing,elect_td_ind,missing,missing,1975$/GJ
11.5436,12.0655,12.4813,12.0508,11.3264,10.9461,10.7681,10.6738,10.6722,procure-scaling-l,500Mt-CostDecrease,Central Asia,missing,missing,missing,missing,missing,missing,missing,elect_td_trn,missing,missing,1975$/GJ
7.49762,7.52981,7.59721,7.30964,6.79461,6.54526,6.45227,6.42402,6.46762,procure-scaling-l,500Mt-CostDecrease,Central Asia,missing,missing,missing,missing,missing,missing,missing,electricity,missing,missing,1975$/GJ
11.4441,11.0946,11.3632,10.8758,10.5224,10.4987,10.5972,10.5971,10.5473,procure-scaling-l,500Mt-CostDecrease,China,missing,missing,missing,missing,missing,missing,missing,elect_td_bld,missing,missing,1975$/GJ
9.24915,8.98464,9.34123,8.93611,8.602,8.58342,8.69007,8.69991,8.66795,procure-scaling-l,500Mt-CostDecrease,China,missing,missing,missing,missing,missing,missing,missing,elect_td_ind,missing,missing,1975$/GJ
11.4441,11.0946,11.3312,10.8861,10.512,10.4534,10.5201,10.4899,10.418,procure-scaling-l,500Mt-CostDecrease,China,missing,missing,missing,missing,missing,missing,missing,elect_td_trn,missing,missing,1975$/GJ
7.31741,7.06214,7.60544,7.26612,6.98881,6.98801,7.09714,7.12138,7.10889,procure-scaling-l,500Mt-CostDecrease,China,missing,missing,missing,missing,missing,missing,missing,electricity,missing,missing,1975$/GJ
12.6529,12.1253,12.4594,12.0824,11.6285,11.3727,11.2069,10.9596,10.8082,procure-scaling-l,500Mt-CostDecrease,EU-12,missing,missing,missing,missing,missing,missing,missing,elect_td_bld,missing,missing,1975$/GJ
10.4579,10.0153,10.4524,10.0696,9.62702,9.38925,9.24569,9.02292,8.89343,procure-scaling-l,500Mt-CostDecrease,EU-12,missing,missing,missing,missing,missing,missing,missing,elect_td_ind,missing,missing,1975$/GJ
12.6529,12.1253,12.4424,12.0196,11.537,11.2592,11.0757,10.8129,10.6434,procure-scaling-l,500Mt-CostDecrease,EU-12,missing,missing,missing,missing,missing,missing,missing,elect_td_trn,missing,missing,1975$/GJ
7.93701,7.72241,8.22626,7.9201,7.56345,7.37874,7.27313,7.10072,7.00672,procure-scaling-l,500Mt-CostDecrease,EU-12,missing,missing,missing,missing,missing,missing,missing,electricity,missing,missing,1975$/GJ
11.8479,11.4095,12.0217,11.4022,10.9956,10.8093,10.7113,10.3466,10.2001,procure-scaling-l,500Mt-CostDecrease,EU-15,missing,missing,missing,missing,missing,missing,missing,elect_td_bld,missing,missing,1975$/GJ
9.65286,9.29947,10.0154,9.40537,9.01793,8.85247,8.77657,8.43785,8.31177,procure-scaling-l,500Mt-CostDecrease,EU-15,missing,missing,missing,missing,missing,missing,missing,elect_td_ind,missing,missing,1975$/GJ
11.8479,11.4095,12.0054,11.3554,10.9279,10.7225,10.6066,10.2278,10.0618,procure-scaling-l,500Mt-CostDecrease,EU-15,missing,missing,missing,missing,missing,missing,missing,elect_td_trn,missing,missing,1975$/GJ
7.81516,7.60704,8.3239,7.7972,7.46828,7.3368,7.28505,6.99879,6.90201,procure-scaling-l,500Mt-CostDecrease,EU-15,missing,missing,missing,missing,missing,missing,missing,electricity,missing,missing,1975$/GJ
12.1297,12.9756,12.8842,12.6233,12.0605,11.7409,11.4898,11.2555,11.098,procure-scaling-l,500Mt-CostDecrease,Europe_Eastern,missing,missing,missing,missing,missing,missing,missing,elect_td_bld,missing,missing,1975$/GJ
9.93467,10.8656,10.8745,10.6036,10.0606,9.75035,9.51046,9.29498,9.15902,procure-scaling-l,500Mt-CostDecrease,Europe_Eastern,missing,missing,missing,missing,missing,missing,missing,elect_td_ind,missing,missing,1975$/GJ
12.1297,12.9756,12.8645,12.5536,11.9706,11.6203,11.3405,11.085,10.909,procure-scaling-l,500Mt-CostDecrease,Europe_Eastern,missing,missing,missing,missing,missing,missing,missing,elect_td_trn,missing,missing,1975$/GJ
7.89273,7.99369,8.37778,8.17495,7.7482,7.51202,7.33329,7.17433,7.08063,procure-scaling-l,500Mt-CostDecrease,Europe_Eastern,missing,missing,missing,missing,missing,missing,missing,electricity,missing,missing,1975$/GJ
11.6747,10.5545,11.7955,11.5049,10.9575,10.7687,10.8203,10.849,10.9106,procure-scaling-l,500Mt-CostDecrease,Europe_Non_EU,missing,missing,missing,missing,missing,missing,missing,elect_td_bld,missing,missing,1975$/GJ
9.47967,8.44454,9.77618,9.50854,8.99699,8.81347,8.86903,8.90441,8.97897,procure-scaling-l,500Mt-CostDecrease,Europe_Non_EU,missing,missing,missing,missing,missing,missing,missing,elect_td_ind,missing,missing,1975$/GJ
11.6747,10.5545,11.7662,11.4585,10.907,10.6835,10.699,10.6944,10.729,procure-scaling-l,500Mt-CostDecrease,Europe_Non_EU,missing,missing,missing,missing,missing,missing,missing,elect_td_trn,missing,missing,1975$/GJ
7.0715,6.17106,7.38246,7.18393,6.7872,6.65607,6.71904,6.76569,6.84436,procure-scaling-l,500Mt-CostDecrease,Europe_Non_EU,missing,missing,missing,missing,missing,missing,missing,electricity,missing,missing,1975$/GJ
12.8846,12.8429,12.781,11.4922,10.6704,10.2234,9.98993,9.86025,9.70647,procure-scaling-l,500Mt-CostDecrease,European Free Trade Association,missing,missing,missing,missing,missing,missing,missing,elect_td_bld,missing,missing,1975$/GJ
10.6896,10.7329,10.788,9.53021,8.7434,8.33375,8.13805,8.04517,7.92381,procure-scaling-l,500Mt-CostDecrease,European Free Trade Association,missing,missing,missing,missing,missing,missing,missing,elect_td_ind,missing,missing,1975$/GJ
12.8846,12.8429,12.778,11.4802,10.6534,10.2038,9.96805,9.83517,9.67381,procure-scaling-l,500Mt-CostDecrease,European Free Trade Association,missing,missing,missing,missing,missing,missing,missing,elect_td_trn,missing,missing,1975$/GJ
9.15178,9.12998,9.41215,8.26015,7.54518,7.18048,7.0146,6.94435,6.84749,procure-scaling-l,500Mt-CostDecrease,European Free Trade Association,missing,missing,missing,missing,missing,missing,missing,electricity,missing,missing,1975$/GJ
12.9123,13.031,13.3319,12.7538,12.4101,12.2074,12.0233,11.7852,11.5576,procure-scaling-l,500Mt-CostDecrease,India,missing,missing,missing,missing,missing,missing,missing,elect_td_bld,missing,missing,1975$/GJ
10.7173,10.921,11.362,10.9561,10.6058,10.4166,10.2444,10.0127,9.79393,procure-scaling-l,500Mt-CostDecrease,India,missing,missing,missing,missing,missing,missing,missing,elect_td_ind,missing,missing,1975$/GJ
12.9123,13.031,13.352,12.9061,12.5158,12.2866,12.0744,11.8027,11.5439,procure-scaling-l,500Mt-CostDecrease,India,missing,missing,missing,missing,missing,missing,missing,elect_td_trn,missing,missing,1975$/GJ
7.29334,6.96936,8.17663,7.95616,7.77392,7.71394,7.66552,7.56752,7.47731,procure-scaling-l,500Mt-CostDecrease,India,missing,missing,missing,missing,missing,missing,missing,electricity,missing,missing,1975$/GJ
12.3733,11.5709,12.1299,11.8426,11.5285,11.4111,11.3443,11.1354,10.9652,procure-scaling-l,500Mt-CostDecrease,Indonesia,missing,missing,missing,missing,missing,missing,missing,elect_td_bld,missing,missing,1975$/GJ
10.1783,9.46085,10.1082,9.93897,9.62524,9.50329,9.43816,9.23155,9.07123,procure-scaling-l,500Mt-CostDecrease,Indonesia,missing,missing,missing,missing,missing,missing,missing,elect_td_ind,missing,missing,1975$/GJ
12.3733,11.5709,12.0982,11.889,11.5352,11.3733,11.2682,11.0215,10.8212,procure-scaling-l,500Mt-CostDecrease,Indonesia,missing,missing,missing,missing,missing,missing,missing,elect_td_trn,missing,missing,1975$/GJ
8.1847,7.41089,8.20203,8.07702,7.82604,7.74152,7.70633,7.54748,7.42869,procure-scaling-l,500Mt-CostDecrease,Indonesia,missing,missing,missing,missing,missing,missing,missing,electricity,missing,missing,1975$/GJ
11.1013,10.9297,11.2761,10.9075,10.5802,10.4587,10.2769,9.96395,9.74758,procure-scaling-l,500Mt-CostDecrease,Japan,missing,missing,missing,missing,missing,missing,missing,elect_td_bld,missing,missing,1975$/GJ
8.90628,8.81971,9.27227,8.9086,8.59607,8.49318,8.33706,8.04321,7.84635,procure-scaling-l,500Mt-CostDecrease,Japan,missing,missing,missing,missing,missing,missing,missing,elect_td_ind,missing,missing,1975$/GJ
11.1013,10.9297,11.2623,10.8586,10.5061,10.3632,10.1671,9.83321,9.59635,procure-scaling-l,500Mt-CostDecrease,Japan,missing,missing,missing,missing,missing,missing,missing,elect_td_trn,missing,missing,1975$/GJ
7.4428,7.41716,8.01783,7.69582,7.42122,7.34179,7.21262,6.95479,6.78727,procure-scaling-l,500Mt-CostDecrease,Japan,missing,missing,missing,missing,missing,missing,missing,electricity,missing,missing,1975$/GJ
12.7869,11.8566,12.6513,11.6097,10.9755,10.6702,10.5004,10.3061,10.1548,procure-scaling-l,500Mt-CostDecrease,Mexico,missing,missing,missing,missing,missing,missing,missing,elect_td_bld,missing,missing,1975$/GJ
10.5919,9.74659,10.6832,9.96026,9.33697,8.98266,8.77494,8.54561,8.38569,procure-scaling-l,500Mt-CostDecrease,Mexico,missing,missing,missing,missing,missing,missing,missing,elect_td_ind,missing,missing,1975$/GJ
12.7869,11.8566,12.6732,11.9103,11.247,10.8527,10.6049,10.3356,10.1357,procure-scaling-l,500Mt-CostDecrease,Mexico,missing,missing,missing,missing,missing,missing,missing,elect_td_trn,missing,missing,1975$/GJ
8.09398,7.15978,8.32761,7.76739,7.28637,7.02759,6.89039,6.73376,6.63483,procure-scaling-l,500Mt-CostDecrease,Mexico,missing,missing,missing,missing,missing,missing,missing,electricity,missing,missing,1975$/GJ
10.9626,11.4847,15.6804,14.2688,13.1073,12.3258,11.8527,11.4282,11.1285,procure-scaling-l,500Mt-CostDecrease,Middle East,missing,missing,missing,missing,missing,missing,missing,elect_td_bld,missing,missing,1975$/GJ
8.76755,9.37475,13.9245,12.6566,11.4431,10.6173,10.1083,9.65421,9.34429,procure-scaling-l,500Mt-CostDecrease,Middle East,missing,missing,missing,missing,missing,missing,missing,elect_td_ind,missing,missing,1975$/GJ
10.9626,11.4847,15.9145,14.6066,13.3531,12.4873,11.9383,11.4442,11.0943,procure-scaling-l,500Mt-CostDecrease,Middle East,missing,missing,missing,missing,missing,missing,missing,elect_td_trn,missing,missing,1975$/GJ
7.03465,7.09419,11.1168,10.0858,9.09654,8.43015,8.0286,7.67192,7.43604,procure-scaling-l,500Mt-CostDecrease,Middle East,missing,missing,missing,missing,missing,missing,missing,electricity,missing,missing,1975$/GJ
12.1499,11.851,14.5106,13.3904,12.9955,12.6937,12.3923,12.0986,11.8598,procure-scaling-l,500Mt-CostDecrease,Pakistan,missing,missing,missing,missing,missing,missing,missing,elect_td_bld,missing,missing,1975$/GJ
9.95487,9.74102,12.658,11.5983,11.2937,11.1734,11.0334,10.7765,10.5161,procure-scaling-l,500Mt-CostDecrease,Pakistan,missing,missing,missing,missing,missing,missing,missing,elect_td_ind,missing,missing,1975$/GJ
12.1499,11.851,14.648,13.5483,13.2037,13.0434,12.8634,12.5665,12.2661,procure-scaling-l,500Mt-CostDecrease,Pakistan,missing,missing,missing,missing,missing,missing,missing,elect_td_trn,missing,missing,1975$/GJ
7.05339,6.5338,9.71088,8.87535,8.65043,8.57465,8.48264,8.29524,8.10446,procure-scaling-l,500Mt-CostDecrease,Pakistan,missing,missing,missing,missing,missing,missing,missing,electricity,missing,missing,1975$/GJ
12.3083,12.0346,11.9289,11.4831,10.9389,10.5282,10.2029,9.89429,9.76629,procure-scaling-l,500Mt-CostDecrease,Russia,missing,missing,missing,missing,missing,missing,missing,elect_td_bld,missing,missing,1975$/GJ
10.1133,9.92455,9.93383,9.49469,8.94738,8.54842,8.24433,7.96288,7.86223,procure-scaling-l,500Mt-CostDecrease,Russia,missing,missing,missing,missing,missing,missing,missing,elect_td_ind,missing,missing,1975$/GJ
12.3083,12.0346,11.9238,11.4447,10.8574,10.4184,10.0743,9.75288,9.61223,procure-scaling-l,500Mt-CostDecrease,Russia,missing,missing,missing,missing,missing,missing,missing,elect_td_trn,missing,missing,1975$/GJ
8.03141,7.48972,7.74885,7.40814,6.97537,6.66553,6.43432,6.22126,6.1602,procure-scaling-l,500Mt-CostDecrease,Russia,missing,missing,missing,missing,missing,missing,missing,electricity,missing,missing,1975$/GJ
11.061,10.8523,11.0468,10.3157,10.0742,10.2774,10.49,10.5225,10.4796,procure-scaling-l,500Mt-CostDecrease,South Africa,missing,missing,missing,missing,missing,missing,missing,elect_td_bld,missing,missing,1975$/GJ
8.86601,8.74234,9.03145,8.41695,8.1705,8.38171,8.61162,8.66651,8.64857,procure-scaling-l,500Mt-CostDecrease,South Africa,missing,missing,missing,missing,missing,missing,missing,elect_td_ind,missing,missing,1975$/GJ
11.061,10.8523,11.0214,10.3669,10.0805,10.2517,10.4416,10.4565,10.3986,procure-scaling-l,500Mt-CostDecrease,South Africa,missing,missing,missing,missing,missing,missing,missing,elect_td_trn,missing,missing,1975$/GJ
6.98882,6.85706,7.19547,6.6874,6.49524,6.69738,6.91617,6.98414,6.9892,procure-scaling-l,500Mt-CostDecrease,South Africa,missing,missing,missing,missing,missing,missing,missing,electricity,missing,missing,1975$/GJ
10.711,13.0819,16.7896,15.3355,13.5815,12.5636,11.6539,11.1598,10.8173,procure-scaling-l,500Mt-CostDecrease,South America_Northern,missing,missing,missing,missing,missing,missing,missing,elect_td_bld,missing,missing,1975$/GJ
8.51599,10.9719,15.3789,14.6279,12.7642,11.6552,10.4967,9.81796,9.36149,procure-scaling-l,500Mt-CostDecrease,South America_Northern,missing,missing,missing,missing,missing,missing,missing,elect_td_ind,missing,missing,1975$/GJ
10.711,13.0819,17.3689,16.5779,14.6742,13.5252,12.3267,11.608,11.1115,procure-scaling-l,500Mt-CostDecrease,South America_Northern,missing,missing,missing,missing,missing,missing,missing,elect_td_trn,missing,missing,1975$/GJ
6.35028,7.54957,10.0426,9.57534,8.33969,7.61534,6.85114,6.41456,6.12971,procure-scaling-l,500Mt-CostDecrease,South America_Northern,missing,missing,missing,missing,missing,missing,missing,electricity,missing,missing,1975$/GJ
11.9657,10.8731,12.7691,11.8751,11.2049,10.8473,10.6226,10.3621,10.1345,procure-scaling-l,500Mt-CostDecrease,South America_Southern,missing,missing,missing,missing,missing,missing,missing,elect_td_bld,missing,missing,1975$/GJ
9.77065,8.76305,10.7554,10.0082,9.34798,8.97869,8.74365,8.47866,8.25718,procure-scaling-l,500Mt-CostDecrease,South America_Southern,missing,missing,missing,missing,missing,missing,missing,elect_td_ind,missing,missing,1975$/GJ
11.9657,10.8731,12.7454,11.9582,11.258,10.8487,10.5737,10.2687,10.0072,procure-scaling-l,500Mt-CostDecrease,South America_Southern,missing,missing,missing,missing,missing,missing,missing,elect_td_trn,missing,missing,1975$/GJ
8.09376,7.15891,9.07492,8.44713,7.89343,7.59987,7.42649,7.22425,7.0604,procure-scaling-l,500Mt-CostDecrease,South America_Southern,missing,missing,missing,missing,missing,missing,missing,electricity,missing,missing,1975$/GJ
11.2123,11.1997,12.5205,11.6007,10.9689,10.6115,10.4278,10.2964,10.1823,procure-scaling-l,500Mt-CostDecrease,South Asia,missing,missing,missing,missing,missing,missing,missing,elect_td_bld,missing,missing,1975$/GJ
9.01729,9.08967,10.5526,9.85343,9.19174,8.82585,8.65124,8.53283,8.44039,procure-scaling-l,500Mt-CostDecrease,South Asia,missing,missing,missing,missing,missing,missing,missing,elect_td_ind,missing,missing,1975$/GJ
11.2123,11.1997,12.5426,11.8034,11.1017,10.6958,10.4812,10.3228,10.1904,procure-scaling-l,500Mt-CostDecrease,South Asia,missing,missing,missing,missing,missing,missing,missing,elect_td_trn,missing,missing,1975$/GJ
6.22497,6.96583,8.33493,7.76707,7.22953,6.94076,6.8132,6.73296,6.67454,procure-scaling-l,500Mt-CostDecrease,South Asia,missing,missing,missing,missing,missing,missing,missing,electricity,missing,missing,1975$/GJ
12.2302,11.2217,11.4377,11.0819,10.5229,10.3033,10.2759,10.2276,10.1997,procure-scaling-l,500Mt-CostDecrease,South Korea,missing,missing,missing,missing,missing,missing,missing,elect_td_bld,missing,missing,1975$/GJ
10.0352,9.1117,9.4239,9.07301,8.53884,8.33247,8.31573,8.28214,8.27107,procure-scaling-l,500Mt-CostDecrease,South Korea,missing,missing,missing,missing,missing,missing,missing,elect_td_ind,missing,missing,1975$/GJ
12.2302,11.2217,11.4139,11.023,10.4488,10.2025,10.1457,10.0721,10.0211,procure-scaling-l,500Mt-CostDecrease,South Korea,missing,missing,missing,missing,missing,missing,missing,elect_td_trn,missing,missing,1975$/GJ
8.34039,7.70302,8.0843,7.77709,7.30045,7.12613,7.12688,7.11205,7.11805,procure-scaling-l,500Mt-CostDecrease,South Korea,missing,missing,missing,missing,missing,missing,missing,electricity,missing,missing,1975$/GJ
12.1657,9.85856,11.1356,10.8631,10.4298,10.2778,10.2316,10.1696,10.0872,procure-scaling-l,500Mt-CostDecrease,Southeast Asia,missing,missing,missing,missing,missing,missing,missing,elect_td_bld,missing,missing,1975$/GJ
9.97072,7.74856,9.1142,8.92215,8.50962,8.35501,8.31031,8.25659,8.18825,procure-scaling-l,500Mt-CostDecrease,Southeast Asia,missing,missing,missing,missing,missing,missing,missing,elect_td_ind,missing,missing,1975$/GJ
12.1657,9.85856,11.1042,10.8722,10.4196,10.225,10.1403,10.0466,9.93825,procure-scaling-l,500Mt-CostDecrease,Southeast Asia,missing,missing,missing,missing,missing,missing,missing,elect_td_trn,missing,missing,1975$/GJ
7.80337,6.08915,7.5195,7.37001,7.02365,6.90665,6.88759,6.86039,6.82001,procure-scaling-l,500Mt-CostDecrease,Southeast Asia,missing,missing,missing,missing,missing,missing,missing,electricity,missing,missing,1975$/GJ
12.2658,10.9519,10.8859,10.6722,10.2246,10.0537,10.0258,9.92204,9.79745,procure-scaling-l,500Mt-CostDecrease,Taiwan,missing,missing,missing,missing,missing,missing,missing,elect_td_bld,missing,missing,1975$/GJ
10.0708,8.84185,8.87766,8.66335,8.23634,8.07972,8.06567,7.98049,7.87697,procure-scaling-l,500Mt-CostDecrease,Taiwan,missing,missing,missing,missing,missing,missing,missing,elect_td_ind,missing,missing,1975$/GJ
12.2658,10.9519,10.8677,10.6133,10.1463,9.94972,9.89567,9.77049,9.62697,procure-scaling-l,500Mt-CostDecrease,Taiwan,missing,missing,missing,missing,missing,missing,missing,elect_td_trn,missing,missing,1975$/GJ
8.33287,7.39409,7.56588,7.38481,7.00765,6.87939,6.88251,6.81998,6.74046,procure-scaling-l,500Mt-CostDecrease,Taiwan,missing,missing,missing,missing,missing,missing,missing,electricity,missing,missing,1975$/GJ
12.1706,10.0752,13.0454,11.9126,10.9279,10.3272,9.92446,9.59918,9.40526,procure-scaling-l,500Mt-CostDecrease,Argentina,missing,missing,missing,missing,missing,missing,missing,elect_td_bld,missing,missing,1975$/GJ
9.97556,7.96519,11.027,10.0134,9.03186,8.41155,8.00109,7.68078,7.50071,procure-scaling-l,500Mt-CostDecrease,Argentina,missing,missing,missing,missing,missing,missing,missing,elect_td_ind,missing,missing,1975$/GJ
12.1706,10.0752,13.017,11.9634,10.9419,10.2815,9.83109,9.47078,9.25071,procure-scaling-l,500Mt-CostDecrease,Argentina,missing,missing,missing,missing,missing,missing,missing,elect_td_trn,missing,missing,1975$/GJ
7.19638,5.94066,8.83929,8.01676,7.21556,6.71966,6.40155,6.15926,6.03734,procure-scaling-l,500Mt-CostDecrease,Argentina,missing,missing,missing,missing,missing,missing,missing,electricity,missing,missing,1975$/GJ
11.5553,10.4048,12.1535,11.6504,11.1077,10.8552,10.6945,10.4494,10.2457,procure-scaling-l,500Mt-CostDecrease,Colombia,missing,missing,missing,missing,missing,missing,missing,elect_td_bld,missing,missing,1975$/GJ
9.36034,8.2948,10.1293,9.72741,9.21795,8.95858,8.78863,8.53972,8.34204,procure-scaling-l,500Mt-CostDecrease,Colombia,missing,missing,missing,missing,missing,missing,missing,elect_td_ind,missing,missing,1975$/GJ
11.5553,10.4048,12.1193,11.6774,11.128,10.8286,10.6186,10.3297,10.092,procure-scaling-l,500Mt-CostDecrease,Colombia,missing,missing,missing,missing,missing,missing,missing,elect_td_trn,missing,missing,1975$/GJ
6.45906,5.96673,8.39084,8.0771,7.6649,7.47357,7.36113,7.17645,7.03671,procure-scaling-l,500Mt-CostDecrease,Colombia,missing,missing,missing,missing,missing,missing,missing,electricity,missing,missing,1975$/GJ
18.0691,15.6449,10.517,11.6109,12.3634,13.5054,13.7066,12.3757,10.71,procure-scaling-l,500Mt-CostDecrease,AL,missing,missing,missing,missing,missing,missing,missing,elect_td_bld,missing,missing,1975$/GJ
15.8741,13.5349,8.51719,9.56468,10.2217,11.3447,11.5495,10.3634,8.83721,procure-scaling-l,500Mt-CostDecrease,AL,missing,missing,missing,missing,missing,missing,missing,elect_td_ind,missing,missing,1975$/GJ
18.0691,15.6449,10.5072,11.5147,12.1317,13.2147,13.3795,12.1534,10.5872,procure-scaling-l,500Mt-CostDecrease,AL,missing,missing,missing,missing,missing,missing,missing,elect_td_trn,missing,missing,1975$/GJ
15.1117,14.5061,11.4428,13.1423,13.0691,14.4555,15.5918,16.6817,17.0931,procure-scaling-l,500Mt-CostDecrease,AK,missing,missing,missing,missing,missing,missing,missing,elect_td_bld,missing,missing,1975$/GJ
12.9167,12.3961,9.45084,11.184,11.1421,12.5498,13.6973,14.789,15.2075,procure-scaling-l,500Mt-CostDecrease,AK,missing,missing,missing,missing,missing,missing,missing,elect_td_ind,missing,missing,1975$/GJ
15.1117,14.5061,11.4408,13.134,13.0521,14.4198,15.5273,16.579,16.9575,procure-scaling-l,500Mt-CostDecrease,AK,missing,missing,missing,missing,missing,missing,missing,elect_td_trn,missing,missing,1975$/GJ
16.7243,13.3897,9.8824,10.6745,11.0434,12.3531,12.3419,11.0828,9.4232,procure-scaling-l,500Mt-CostDecrease,AZ,missing,missing,missing,missing,missing,missing,missing,elect_td_bld,missing,missing,1975$/GJ
14.5293,11.2797,7.80955,8.44661,8.7512,10.0327,10.0672,8.90984,7.44433,procure-scaling-l,500Mt-CostDecrease,AZ,missing,missing,missing,missing,missing,missing,missing,elect_td_ind,missing,missing,1975$/GJ
16.7243,13.3897,9.79955,10.3966,10.6612,11.9027,11.8972,10.6998,9.19433,procure-scaling-l,500Mt-CostDecrease,AZ,missing,missing,missing,missing,missing,missing,missing,elect_td_trn,missing,missing,1975$/GJ
18.0691,15.6449,10.519,11.6266,12.3907,13.5311,13.7305,12.3943,10.7217,procure-scaling-l,500Mt-CostDecrease,AR,missing,missing,missing,missing,missing,missing,missing,elect_td_bld,missing,missing,1975$/GJ
15.8741,13.5349,8.51719,9.56468,10.2217,11.3447,11.5495,10.3634,8.83721,procure-scaling-l,500Mt-CostDecrease,AR,missing,missing,missing,missing,missing,missing,missing,elect_td_ind,missing,missing,1975$/GJ
18.0691,15.6449,10.5072,11.5147,12.1317,13.2147,13.3795,12.1534,10.5872,procure-scaling-l,500Mt-CostDecrease,AR,missing,missing,missing,missing,missing,missing,missing,elect_td_trn,missing,missing,1975$/GJ
16.0399,14.2632,10.7474,11.558,12.1966,13.373,13.3641,11.4775,9.9619,procure-scaling-l,500Mt-CostDecrease,CA,missing,missing,missing,missing,missing,missing,missing,elect_td_bld,missing,missing,1975$/GJ
13.8449,12.1532,8.73818,9.5036,10.051,11.1138,11.1041,9.42401,8.06266,procure-scaling-l,500Mt-CostDecrease,CA,missing,missing,missing,missing,missing,missing,missing,elect_td_ind,missing,missing,1975$/GJ
16.0399,14.2632,10.7282,11.4536,11.961,12.9838,12.9341,11.214,9.81266,procure-scaling-l,500Mt-CostDecrease,CA,missing,missing,missing,missing,missing,missing,missing,elect_td_trn,missing,missing,1975$/GJ
16.7243,13.3897,9.83207,10.5322,10.8566,12.2085,12.239,10.9326,9.31671,procure-scaling-l,500Mt-CostDecrease,CO,missing,missing,missing,missing,missing,missing,missing,elect_td_bld,missing,missing,1975$/GJ
14.5293,11.2797,7.80955,8.44661,8.7512,10.0327,10.0672,8.90984,7.44433,procure-scaling-l,500Mt-CostDecrease,CO,missing,missing,missing,missing,missing,missing,missing,elect_td_ind,missing,missing,1975$/GJ
16.7243,13.3897,9.79955,10.3966,10.6612,11.9027,11.8972,10.6998,9.19433,procure-scaling-l,500Mt-CostDecrease,CO,missing,missing,missing,missing,missing,missing,missing,elect_td_trn,missing,missing,1975$/GJ
15.9892,14.8926,11.6811,12.2788,12.8,14.0984,14.3255,13.2702,12.066,procure-scaling-l,500Mt-CostDecrease,CT,missing,missing,missing,missing,missing,missing,missing,elect_td_bld,missing,missing,1975$/GJ
13.7942,12.7826,9.68369,10.2801,10.7735,12.0429,12.2757,11.3112,10.1942,procure-scaling-l,500Mt-CostDecrease,CT,missing,missing,missing,missing,missing,missing,missing,elect_td_ind,missing,missing,1975$/GJ
15.9892,14.8926,11.6737,12.2301,12.6835,13.9129,14.1057,13.1012,11.9442,procure-scaling-l,500Mt-CostDecrease,CT,missing,missing,missing,missing,missing,missing,missing,elect_td_trn,missing,missing,1975$/GJ
17.168,15.789,11.0166,12.0564,12.7088,13.8817,14.1787,12.6087,10.9518,procure-scaling-l,500Mt-CostDecrease,DE,missing,missing,missing,missing,missing,missing,missing,elect_td_bld,missing,missing,1975$/GJ
14.973,13.679,9.02046,10.0501,10.6436,11.7869,12.0821,10.6543,9.10959,procure-scaling-l,500Mt-CostDecrease,DE,missing,missing,missing,missing,missing,missing,missing,elect_td_ind,missing,missing,1975$/GJ
17.168,15.789,11.0105,12.0001,12.5536,13.6569,13.9121,12.4443,10.8596,procure-scaling-l,500Mt-CostDecrease,DE,missing,missing,missing,missing,missing,missing,missing,elect_td_trn,missing,missing,1975$/GJ
17.168,15.789,11.0184,12.0679,12.7318,13.9083,14.2059,12.6296,10.9653,procure-scaling-l,500Mt-CostDecrease,DC,missing,missing,missing,missing,missing,missing,missing,elect_td_bld,missing,missing,1975$/GJ
14.973,13.679,9.02046,10.0501,10.6436,11.7869,12.0821,10.6543,9.10959,procure-scaling-l,500Mt-CostDecrease,DC,missing,missing,missing,missing,missing,missing,missing,elect_td_ind,missing,missing,1975$/GJ
17.168,15.789,11.0105,12.0001,12.5536,13.6569,13.9121,12.4443,10.8596,procure-scaling-l,500Mt-CostDecrease,DC,missing,missing,missing,missing,missing,missing,missing,elect_td_trn,missing,missing,1975$/GJ
15.0597,13.2365,9.82922,11.2551,12.4654,13.7323,13.8691,11.395,9.83674,procure-scaling-l,500Mt-CostDecrease,FL,missing,missing,missing,missing,missing,missing,missing,elect_td_bld,missing,missing,1975$/GJ
12.8647,11.1265,7.82673,9.16804,10.2464,11.4805,11.6278,9.38885,7.96759,procure-scaling-l,500Mt-CostDecrease,FL,missing,missing,missing,missing,missing,missing,missing,elect_td_ind,missing,missing,1975$/GJ
15.0597,13.2365,9.81673,11.118,12.1564,13.3505,13.4578,11.1789,9.71759,procure-scaling-l,500Mt-CostDecrease,FL,missing,missing,missing,missing,missing,missing,missing,elect_td_trn,missing,missing,1975$/GJ
18.0691,15.6449,10.5213,11.6408,12.4118,13.5511,13.7491,12.4108,10.7332,procure-scaling-l,500Mt-CostDecrease,GA,missing,missing,missing,missing,missing,missing,missing,elect_td_bld,missing,missing,1975$/GJ
15.8741,13.5349,8.51719,9.56468,10.2217,11.3447,11.5495,10.3634,8.83721,procure-scaling-l,500Mt-CostDecrease,GA,missing,missing,missing,missing,missing,missing,missing,elect_td_ind,missing,missing,1975$/GJ
18.0691,15.6449,10.5072,11.5147,12.1317,13.2147,13.3795,12.1534,10.5872,procure-scaling-l,500Mt-CostDecrease,GA,missing,missing,missing,missing,missing,missing,missing,elect_td_trn,missing,missing,1975$/GJ
17.8469,16.9395,16.0187,18.8945,18.3111,18.3742,18.095,18.0265,17.5132,procure-scaling-l,500Mt-CostDecrease,HI,missing,missing,missing,missing,missing,missing,missing,elect_td_bld,missing,missing,1975$/GJ
15.6519,14.8295,13.8036,16.6429,16.5078,17.0904,16.8394,16.6918,16.0953,procure-scaling-l,500Mt-CostDecrease,HI,missing,missing,missing,missing,missing,missing,missing,elect_td_ind,missing,missing,1975$/GJ
17.8469,16.9395,15.7936,18.5929,18.4178,18.9604,18.6694,18.4818,17.8453,procure-scaling-l,500Mt-CostDecrease,HI,missing,missing,missing,missing,missing,missing,missing,elect_td_trn,missing,missing,1975$/GJ
17.7215,14.2166,10.0756,10.6822,10.8335,11.5199,11.5216,10.7054,9.46669,procure-scaling-l,500Mt-CostDecrease,ID,missing,missing,missing,missing,missing,missing,missing,elect_td_bld,missing,missing,1975$/GJ
15.5265,12.1066,8.07239,8.66783,8.82494,9.50916,9.52365,8.78883,7.64131,procure-scaling-l,500Mt-CostDecrease,ID,missing,missing,missing,missing,missing,missing,missing,elect_td_ind,missing,missing,1975$/GJ
17.7215,14.2166,10.0624,10.6178,10.7349,11.3792,11.3537,10.5788,9.39131,procure-scaling-l,500Mt-CostDecrease,ID,missing,missing,missing,missing,missing,missing,missing,elect_td_trn,missing,missing,1975$/GJ
17.9797,15.3737,10.4842,11.1125,11.6868,13.1354,13.2751,12.1919,10.6049,procure-scaling-l,500Mt-CostDecrease,IL,missing,missing,missing,missing,missing,missing,missing,elect_td_bld,missing,missing,1975$/GJ
15.7847,13.2637,8.48581,9.10819,9.64655,11.0705,11.2171,10.2437,8.76176,procure-scaling-l,500Mt-CostDecrease,IL,missing,missing,missing,missing,missing,missing,missing,elect_td_ind,missing,missing,1975$/GJ
17.9797,15.3737,10.4758,11.0582,11.5566,12.9405,13.0471,12.0337,10.5118,procure-scaling-l,500Mt-CostDecrease,IL,missing,missing,missing,missing,missing,missing,missing,elect_td_trn,missing,missing,1975$/GJ
17.088,14.9692,10.4813,11.2936,11.8403,13.4823,13.5955,12.1392,10.5662,procure-scaling-l,500Mt-CostDecrease,IN,missing,missing,missing,missing,missing,missing,missing,elect_td_bld,missing,missing,1975$/GJ
14.893,12.8592,8.48356,9.28492,9.77988,11.3754,11.4978,10.1876,8.72268,procure-scaling-l,500Mt-CostDecrease,IN,missing,missing,missing,missing,missing,missing,missing,elect_td_ind,missing,missing,1975$/GJ
17.088,14.9692,10.4736,11.2349,11.6899,13.2454,13.3278,11.9776,10.4727,procure-scaling-l,500Mt-CostDecrease,IN,missing,missing,missing,missing,missing,missing,missing,elect_td_trn,missing,missing,1975$/GJ
17.3287,14.7722,10.1021,10.67,11.092,12.7189,12.6595,11.8677,10.7315,procure-scaling-l,500Mt-CostDecrease,IA,missing,missing,missing,missing,missing,missing,missing,elect_td_bld,missing,missing,1975$/GJ
15.1337,12.6622,8.10487,8.66735,9.043,10.6482,10.6109,9.93072,8.88038,procure-scaling-l,500Mt-CostDecrease,IA,missing,missing,missing,missing,missing,missing,missing,elect_td_ind,missing,missing,1975$/GJ
17.3287,14.7722,10.0949,10.6174,10.953,12.5182,12.4409,11.7207,10.6304,procure-scaling-l,500Mt-CostDecrease,IA,missing,missing,missing,missing,missing,missing,missing,elect_td_trn,missing,missing,1975$/GJ
13.8964,12.3376,9.76548,10.2529,10.6213,11.734,11.7942,11.0716,9.89516,procure-scaling-l,500Mt-CostDecrease,KS,missing,missing,missing,missing,missing,missing,missing,elect_td_bld,missing,missing,1975$/GJ
11.7014,10.2276,7.75551,8.17696,8.4783,9.60921,9.69779,9.09308,8.02482,procure-scaling-l,500Mt-CostDecrease,KS,missing,missing,missing,missing,missing,missing,missing,elect_td_ind,missing,missing,1975$/GJ
13.8964,12.3376,9.74551,10.127,10.3883,11.4792,11.5278,10.8831,9.77482,procure-scaling-l,500Mt-CostDecrease,KS,missing,missing,missing,missing,missing,missing,missing,elect_td_trn,missing,missing,1975$/GJ
17.088,14.9692,10.4799,11.2873,11.832,13.4762,13.5915,12.1342,10.562,procure-scaling-l,500Mt-CostDecrease,KY,missing,missing,missing,missing,missing,missing,missing,elect_td_bld,missing,missing,1975$/GJ
14.893,12.8592,8.48356,9.28492,9.77988,11.3754,11.4978,10.1876,8.72268,procure-scaling-l,500Mt-CostDecrease,KY,missing,missing,missing,missing,missing,missing,missing,elect_td_ind,missing,missing,1975$/GJ
17.088,14.9692,10.4736,11.2349,11.6899,13.2454,13.3278,11.9776,10.4727,procure-scaling-l,500Mt-CostDecrease,KY,missing,missing,missing,missing,missing,missing,missing,elect_td_trn,missing,missing,1975$/GJ
18.0691,15.6449,10.5174,11.6189,12.382,13.5241,13.725,12.3884,10.7167,procure-scaling-l,500Mt-CostDecrease,LA,missing,missing,missing,missing,missing,missing,missing,elect_td_bld,missing,missing,1975$/GJ
15.8741,13.5349,8.51719,9.56468,10.2217,11.3447,11.5495,10.3634,8.83721,procure-scaling-l,500Mt-CostDecrease,LA,missing,missing,missing,missing,missing,missing,missing,elect_td_ind,missing,missing,1975$/GJ
18.0691,15.6449,10.5072,11.5147,12.1317,13.2147,13.3795,12.1534,10.5872,procure-scaling-l,500Mt-CostDecrease,LA,missing,missing,missing,missing,missing,missing,missing,elect_td_trn,missing,missing,1975$/GJ
15.9892,14.8926,11.6831,12.2924,12.8298,14.138,14.3678,13.3026,12.0895,procure-scaling-l,500Mt-CostDecrease,ME,missing,missing,missing,missing,missing,missing,missing,elect_td_bld,missing,missing,1975$/GJ
13.7942,12.7826,9.68369,10.2801,10.7735,12.0429,12.2757,11.3112,10.1942,procure-scaling-l,500Mt-CostDecrease,ME,missing,missing,missing,missing,missing,missing,missing,elect_td_ind,missing,missing,1975$/GJ
15.9892,14.8926,11.6737,12.2301,12.6835,13.9129,14.1057,13.1012,11.9442,procure-scaling-l,500Mt-CostDecrease,ME,missing,missing,missing,missing,missing,missing,missing,elect_td_trn,missing,missing,1975$/GJ
17.168,15.789,11.0167,12.0566,12.7089,13.8816,14.1785,12.6089,10.952,procure-scaling-l,500Mt-CostDecrease,MD,missing,missing,missing,missing,missing,missing,missing,elect_td_bld,missing,missing,1975$/GJ
14.973,13.679,9.02046,10.0501,10.6436,11.7869,12.0821,10.6543,9.10959,procure-scaling-l,500Mt-CostDecrease,MD,missing,missing,missing,missing,missing,missing,missing,elect_td_ind,missing,missing,1975$/GJ
17.168,15.789,11.0105,12.0001,12.5536,13.6569,13.9121,12.4443,10.8596,procure-scaling-l,500Mt-CostDecrease,MD,missing,missing,missing,missing,missing,missing,missing,elect_td_trn,missing,missing,1975$/GJ
15.9892,14.8926,11.6827,12.2893,12.8231,14.1291,14.3582,13.2949,12.0836,procure-scaling-l,500Mt-CostDecrease,MA,missing,missing,missing,missing,missing,missing,missing,elect_td_bld,missing,missing,1975$/GJ
13.7942,12.7826,9.68369,10.2801,10.7735,12.0429,12.2757,11.3112,10.1942,procure-scaling-l,500Mt-CostDecrease,MA,missing,missing,missing,missing,missing,missing,missing,elect_td_ind,missing,missing,1975$/GJ
15.9892,14.8926,11.6737,12.2301,12.6835,13.9129,14.1057,13.1012,11.9442,procure-scaling-l,500Mt-CostDecrease,MA,missing,missing,missing,missing,missing,missing,missing,elect_td_trn,missing,missing,1975$/GJ
17.088,14.9692,10.4768,11.2612,11.7655,13.3834,13.4926,12.0743,10.5272,procure-scaling-l,500Mt-CostDecrease,MI,missing,missing,missing,missing,missing,missing,missing,elect_td_bld,missing,missing,1975$/GJ
14.893,12.8592,8.48356,9.28492,9.77988,11.3754,11.4978,10.1876,8.72268,procure-scaling-l,500Mt-CostDecrease,MI,missing,missing,missing,missing,missing,missing,missing,elect_td_ind,missing,missing,1975$/GJ
17.088,14.9692,10.4736,11.2349,11.6899,13.2454,13.3278,11.9776,10.4727,procure-scaling-l,500Mt-CostDecrease,MI,missing,missing,missing,missing,missing,missing,missing,elect_td_trn,missing,missing,1975$/GJ
17.3287,14.7722,10.0988,10.6474,11.0391,12.6561,12.5961,11.8257,10.7022,procure-scaling-l,500Mt-CostDecrease,MN,missing,missing,missing,missing,missing,missing,missing,elect_td_bld,missing,missing,1975$/GJ
15.1337,12.6622,8.10487,8.66735,9.043,10.6482,10.6109,9.93072,8.88038,procure-scaling-l,500Mt-CostDecrease,MN,missing,missing,missing,missing,missing,missing,missing,elect_td_ind,missing,missing,1975$/GJ
17.3287,14.7722,10.0949,10.6174,10.953,12.5182,12.4409,11.7207,10.6304,procure-scaling-l,500Mt-CostDecrease,MN,missing,missing,missing,missing,missing,missing,missing,elect_td_trn,missing,missing,1975$/GJ
18.0691,15.6449,10.5183,11.6203,12.3793,13.5207,13.7211,12.3873,10.7175,procure-scaling-l,500Mt-CostDecrease,MS,missing,missing,missing,missing,missing,missing,missing,elect_td_bld,missing,missing,1975$/GJ
15.8741,13.5349,8.51719,9.56468,10.2217,11.3447,11.5495,10.3634,8.83721,procure-scaling-l,500Mt-CostDecrease,MS,missing,missing,missing,missing,missing,missing,missing,elect_td_ind,missing,missing,1975$/GJ
18.0691,15.6449,10.5072,11.5147,12.1317,13.2147,13.3795,12.1534,10.5872,procure-scaling-l,500Mt-CostDecrease,MS,missing,missing,missing,missing,missing,missing,missing,elect_td_trn,missing,missing,1975$/GJ
17.9797,15.3737,10.4855,11.1281,11.729,13.1905,13.3361,12.2325,10.6279,procure-scaling-l,500Mt-CostDecrease,MO,missing,missing,missing,missing,missing,missing,missing,elect_td_bld,missing,missing,1975$/GJ
15.7847,13.2637,8.48581,9.10819,9.64655,11.0705,11.2171,10.2437,8.76176,procure-scaling-l,500Mt-CostDecrease,MO,missing,missing,missing,missing,missing,missing,missing,elect_td_ind,missing,missing,1975$/GJ
17.9797,15.3737,10.4758,11.0582,11.5566,12.9405,13.0471,12.0337,10.5118,procure-scaling-l,500Mt-CostDecrease,MO,missing,missing,missing,missing,missing,missing,missing,elect_td_trn,missing,missing,1975$/GJ
17.7215,14.2166,10.07,10.6541,10.793,11.4666,11.4602,10.6603,9.44037,procure-scaling-l,500Mt-CostDecrease,MT,missing,missing,missing,missing,missing,missing,missing,elect_td_bld,missing,missing,1975$/GJ
15.5265,12.1066,8.07239,8.66783,8.82494,9.50916,9.52365,8.78883,7.64131,procure-scaling-l,500Mt-CostDecrease,MT,missing,missing,missing,missing,missing,missing,missing,elect_td_ind,missing,missing,1975$/GJ
17.7215,14.2166,10.0624,10.6178,10.7349,11.3792,11.3537,10.5788,9.39131,procure-scaling-l,500Mt-CostDecrease,MT,missing,missing,missing,missing,missing,missing,missing,elect_td_trn,missing,missing,1975$/GJ
17.3287,14.7722,10.1076,10.7071,11.1723,12.8059,12.7447,11.9265,10.7729,procure-scaling-l,500Mt-CostDecrease,NE,missing,missing,missing,missing,missing,missing,missing,elect_td_bld,missing,missing,1975$/GJ
15.1337,12.6622,8.10487,8.66735,9.043,10.6482,10.6109,9.93072,8.88038,procure-scaling-l,500Mt-CostDecrease,NE,missing,missing,missing,missing,missing,missing,missing,elect_td_ind,missing,missing,1975$/GJ
17.3287,14.7722,10.0949,10.6174,10.953,12.5182,12.4409,11.7207,10.6304,procure-scaling-l,500Mt-CostDecrease,NE,missing,missing,missing,missing,missing,missing,missing,elect_td_trn,missing,missing,1975$/GJ
17.7215,14.2166,10.1404,10.8983,11.1117,11.7932,11.7783,10.9346,9.62494,procure-scaling-l,500Mt-CostDecrease,NV,missing,missing,missing,missing,missing,missing,missing,elect_td_bld,missing,missing,1975$/GJ
15.5265,12.1066,8.07239,8.66783,8.82494,9.50916,9.52365,8.78883,7.64131,procure-scaling-l,500Mt-CostDecrease,NV,missing,missing,missing,missing,missing,missing,missing,elect_td_ind,missing,missing,1975$/GJ
17.7215,14.2166,10.0624,10.6178,10.7349,11.3792,11.3537,10.5788,9.39131,procure-scaling-l,500Mt-CostDecrease,NV,missing,missing,missing,missing,missing,missing,missing,elect_td_trn,missing,missing,1975$/GJ
15.9892,14.8926,11.6812,12.2817,12.8096,14.1141,14.3437,13.2835,12.075,procure-scaling-l,500Mt-CostDecrease,NH,missing,missing,missing,missing,missing,missing,missing,elect_td_bld,missing,missing,1975$/GJ
13.7942,12.7826,9.68369,10.2801,10.7735,12.0429,12.2757,11.3112,10.1942,procure-scaling-l,500Mt-CostDecrease,NH,missing,missing,missing,missing,missing,missing,missing,elect_td_ind,missing,missing,1975$/GJ
15.9892,14.8926,11.6737,12.2301,12.6835,13.9129,14.1057,13.1012,11.9442,procure-scaling-l,500Mt-CostDecrease,NH,missing,missing,missing,missing,missing,missing,missing,elect_td_trn,missing,missing,1975$/GJ
17.168,15.789,11.0168,12.0548,12.7002,13.8686,14.163,12.5997,10.9473,procure-scaling-l,500Mt-CostDecrease,NJ,missing,missing,missing,missing,missing,missing,missing,elect_td_bld,missing,missing,1975$/GJ
14.973,13.679,9.02046,10.0501,10.6436,11.7869,12.0821,10.6543,9.10959,procure-scaling-l,500Mt-CostDecrease,NJ,missing,missing,missing,missing,missing,missing,missing,elect_td_ind,missing,missing,1975$/GJ
17.168,15.789,11.0105,12.0001,12.5536,13.6569,13.9121,12.4443,10.8596,procure-scaling-l,500Mt-CostDecrease,NJ,missing,missing,missing,missing,missing,missing,missing,elect_td_trn,missing,missing,1975$/GJ
16.7243,13.3897,9.87319,10.6655,11.0291,12.3523,12.3449,11.0714,9.40798,procure-scaling-l,500Mt-CostDecrease,NM,missing,missing,missing,missing,missing,missing,missing,elect_td_bld,missing,missing,1975$/GJ
14.5293,11.2797,7.80955,8.44661,8.7512,10.0327,10.0672,8.90984,7.44433,procure-scaling-l,500Mt-CostDecrease,NM,missing,missing,missing,missing,missing,missing,missing,elect_td_ind,missing,missing,1975$/GJ
16.7243,13.3897,9.79955,10.3966,10.6612,11.9027,11.8972,10.6998,9.19433,procure-scaling-l,500Mt-CostDecrease,NM,missing,missing,missing,missing,missing,missing,missing,elect_td_trn,missing,missing,1975$/GJ
14.9148,14.5353,10.6835,11.1938,11.7881,12.9236,13.2362,12.3264,11.0112,procure-scaling-l,500Mt-CostDecrease,NY,missing,missing,missing,missing,missing,missing,missing,elect_td_bld,missing,missing,1975$/GJ
12.7198,12.4253,8.68547,9.19533,9.76679,10.8918,11.2125,10.3877,9.1635,procure-scaling-l,500Mt-CostDecrease,NY,missing,missing,missing,missing,missing,missing,missing,elect_td_ind,missing,missing,1975$/GJ
14.9148,14.5353,10.6755,11.1453,11.6768,12.7618,13.0425,12.1777,10.9135,procure-scaling-l,500Mt-CostDecrease,NY,missing,missing,missing,missing,missing,missing,missing,elect_td_trn,missing,missing,1975$/GJ
18.0691,15.6449,10.5191,11.6205,12.3737,13.5142,13.7137,12.3842,10.7174,procure-scaling-l,500Mt-CostDecrease,NC,missing,missing,missing,missing,missing,missing,missing,elect_td_bld,missing,missing,1975$/GJ
15.8741,13.5349,8.51719,9.56468,10.2217,11.3447,11.5495,10.3634,8.83721,procure-scaling-l,500Mt-CostDecrease,NC,missing,missing,missing,missing,missing,missing,missing,elect_td_ind,missing,missing,1975$/GJ
18.0691,15.6449,10.5072,11.5147,12.1317,13.2147,13.3795,12.1534,10.5872,procure-scaling-l,500Mt-CostDecrease,NC,missing,missing,missing,missing,missing,missing,missing,elect_td_trn,missing,missing,1975$/GJ
17.3287,14.7722,10.0999,10.6514,11.0432,12.6588,12.5978,11.8295,10.7062,procure-scaling-l,500Mt-CostDecrease,ND,missing,missing,missing,missing,missing,missing,missing,elect_td_bld,missing,missing,1975$/GJ
15.1337,12.6622,8.10487,8.66735,9.043,10.6482,10.6109,9.93072,8.88038,procure-scaling-l,500Mt-CostDecrease,ND,missing,missing,missing,missing,missing,missing,missing,elect_td_ind,missing,missing,1975$/GJ
17.3287,14.7722,10.0949,10.6174,10.953,12.5182,12.4409,11.7207,10.6304,procure-scaling-l,500Mt-CostDecrease,ND,missing,missing,missing,missing,missing,missing,missing,elect_td_trn,missing,missing,1975$/GJ
17.088,14.9692,10.4784,11.2719,11.7898,13.4162,13.5269,12.0962,10.5406,procure-scaling-l,500Mt-CostDecrease,OH,missing,missing,missing,missing,missing,missing,missing,elect_td_bld,missing,missing,1975$/GJ
14.893,12.8592,8.48356,9.28492,9.77988,11.3754,11.4978,10.1876,8.72268,procure-scaling-l,500Mt-CostDecrease,OH,missing,missing,missing,missing,missing,missing,missing,elect_td_ind,missing,missing,1975$/GJ
17.088,14.9692,10.4736,11.2349,11.6899,13.2454,13.3278,11.9776,10.4727,procure-scaling-l,500Mt-CostDecrease,OH,missing,missing,missing,missing,missing,missing,missing,elect_td_trn,missing,missing,1975$/GJ
13.8964,12.3376,9.75965,10.2277,10.5882,11.7029,11.7653,11.0482,9.87826,procure-scaling-l,500Mt-CostDecrease,OK,missing,missing,missing,missing,missing,missing,missing,elect_td_bld,missing,missing,1975$/GJ
11.7014,10.2276,7.75551,8.17696,8.4783,9.60921,9.69779,9.09308,8.02482,procure-scaling-l,500Mt-CostDecrease,OK,missing,missing,missing,missing,missing,missing,missing,elect_td_ind,missing,missing,1975$/GJ
13.8964,12.3376,9.74551,10.127,10.3883,11.4792,11.5278,10.8831,9.77482,procure-scaling-l,500Mt-CostDecrease,OK,missing,missing,missing,missing,missing,missing,missing,elect_td_trn,missing,missing,1975$/GJ
17.7215,14.2166,10.0689,10.6464,10.781,11.4495,11.4399,10.6462,9.43283,procure-scaling-l,500Mt-CostDecrease,OR,missing,missing,missing,missing,missing,missing,missing,elect_td_bld,missing,missing,1975$/GJ
15.5265,12.1066,8.07239,8.66783,8.82494,9.50916,9.52365,8.78883,7.64131,procure-scaling-l,500Mt-CostDecrease,OR,missing,missing,missing,missing,missing,missing,missing,elect_td_ind,missing,missing,1975$/GJ
17.7215,14.2166,10.0624,10.6178,10.7349,11.3792,11.3537,10.5788,9.39131,procure-scaling-l,500Mt-CostDecrease,OR,missing,missing,missing,missing,missing,missing,missing,elect_td_trn,missing,missing,1975$/GJ
17.168,15.789,11.018,12.0599,12.706,13.8727,14.1656,12.6041,10.9516,procure-scaling-l,500Mt-CostDecrease,PA,missing,missing,missing,missing,missing,missing,missing,elect_td_bld,missing,missing,1975$/GJ
14.973,13.679,9.02046,10.0501,10.6436,11.7869,12.0821,10.6543,9.10959,procure-scaling-l,500Mt-CostDecrease,PA,missing,missing,missing,missing,missing,missing,missing,elect_td_ind,missing,missing,1975$/GJ
17.168,15.789,11.0105,12.0001,12.5536,13.6569,13.9121,12.4443,10.8596,procure-scaling-l,500Mt-CostDecrease,PA,missing,missing,missing,missing,missing,missing,missing,elect_td_trn,missing,missing,1975$/GJ
15.9892,14.8926,11.6822,12.2892,12.8264,14.1355,14.3659,13.2998,12.0863,procure-scaling-l,500Mt-CostDecrease,RI,missing,missing,missing,missing,missing,missing,missing,elect_td_bld,missing,missing,1975$/GJ
13.7942,12.7826,9.68369,10.2801,10.7735,12.0429,12.2757,11.3112,10.1942,procure-scaling-l,500Mt-CostDecrease,RI,missing,missing,missing,missing,missing,missing,missing,elect_td_ind,missing,missing,1975$/GJ
15.9892,14.8926,11.6737,12.2301,12.6835,13.9129,14.1057,13.1012,11.9442,procure-scaling-l,500Mt-CostDecrease,RI,missing,missing,missing,missing,missing,missing,missing,elect_td_trn,missing,missing,1975$/GJ
18.0691,15.6449,10.5191,11.6263,12.3898,13.5309,13.7308,12.3952,10.7226,procure-scaling-l,500Mt-CostDecrease,SC,missing,missing,missing,missing,missing,missing,missing,elect_td_bld,missing,missing,1975$/GJ
15.8741,13.5349,8.51719,9.56468,10.2217,11.3447,11.5495,10.3634,8.83721,procure-scaling-l,500Mt-CostDecrease,SC,missing,missing,missing,missing,missing,missing,missing,elect_td_ind,missing,missing,1975$/GJ
18.0691,15.6449,10.5072,11.5147,12.1317,13.2147,13.3795,12.1534,10.5872,procure-scaling-l,500Mt-CostDecrease,SC,missing,missing,missing,missing,missing,missing,missing,elect_td_trn,missing,missing,1975$/GJ
17.3287,14.7722,10.1057,10.6917,11.1367,12.7682,12.7083,11.9031,10.7573,procure-scaling-l,500Mt-CostDecrease,SD,missing,missing,missing,missing,missing,missing,missing,elect_td_bld,missing,missing,1975$/GJ
15.1337,12.6622,8.10487,8.66735,9.043,10.6482,10.6109,9.93072,8.88038,procure-scaling-l,500Mt-CostDecrease,SD,missing,missing,missing,missing,missing,missing,missing,elect_td_ind,missing,missing,1975$/GJ
17.3287,14.7722,10.0949,10.6174,10.953,12.5182,12.4409,11.7207,10.6304,procure-scaling-l,500Mt-CostDecrease,SD,missing,missing,missing,missing,missing,missing,missing,elect_td_trn,missing,missing,1975$/GJ
18.0691,15.6449,10.5193,11.6155,12.3583,13.4973,13.6959,12.3728,10.7121,procure-scaling-l,500Mt-CostDecrease,TN,missing,missing,missing,missing,missing,missing,missing,elect_td_bld,missing,missing,1975$/GJ
15.8741,13.5349,8.51719,9.56468,10.2217,11.3447,11.5495,10.3634,8.83721,procure-scaling-l,500Mt-CostDecrease,TN,missing,missing,missing,missing,missing,missing,missing,elect_td_ind,missing,missing,1975$/GJ
18.0691,15.6449,10.5072,11.5147,12.1317,13.2147,13.3795,12.1534,10.5872,procure-scaling-l,500Mt-CostDecrease,TN,missing,missing,missing,missing,missing,missing,missing,elect_td_trn,missing,missing,1975$/GJ
14.4079,12.6015,9.54087,10.3268,10.8877,12.1036,12.2433,11.5061,10.0369,procure-scaling-l,500Mt-CostDecrease,TX,missing,missing,missing,missing,missing,missing,missing,elect_td_bld,missing,missing,1975$/GJ
12.2129,10.4915,7.53697,8.27318,8.79139,10.0088,10.1543,9.51465,8.17098,procure-scaling-l,500Mt-CostDecrease,TX,missing,missing,missing,missing,missing,missing,missing,elect_td_ind,missing,missing,1975$/GJ
14.4079,12.6015,9.52697,10.2232,10.7014,11.8788,11.9843,11.3046,9.92098,procure-scaling-l,500Mt-CostDecrease,TX,missing,missing,missing,missing,missing,missing,missing,elect_td_trn,missing,missing,1975$/GJ
17.7215,14.2166,10.0781,10.6983,10.8567,11.5494,11.555,10.7288,9.47939,procure-scaling-l,500Mt-CostDecrease,UT,missing,missing,missing,missing,missing,missing,missing,elect_td_bld,missing,missing,1975$/GJ
15.5265,12.1066,8.07239,8.66783,8.82494,9.50916,9.52365,8.78883,7.64131,procure-scaling-l,500Mt-CostDecrease,UT,missing,missing,missing,missing,missing,missing,missing,elect_td_ind,missing,missing,1975$/GJ
17.7215,14.2166,10.0624,10.6178,10.7349,11.3792,11.3537,10.5788,9.39131,procure-scaling-l,500Mt-CostDecrease,UT,missing,missing,missing,missing,missing,missing,missing,elect_td_trn,missing,missing,1975$/GJ
15.9892,14.8926,11.6803,12.2741,12.7911,14.088,14.3153,13.2623,12.0601,procure-scaling-l,500Mt-CostDecrease,VT,missing,missing,missing,missing,missing,missing,missing,elect_td_bld,missing,missing,1975$/GJ
13.7942,12.7826,9.68369,10.2801,10.7735,12.0429,12.2757,11.3112,10.1942,procure-scaling-l,500Mt-CostDecrease,VT,missing,missing,missing,missing,missing,missing,missing,elect_td_ind,missing,missing,1975$/GJ
15.9892,14.8926,11.6737,12.2301,12.6835,13.9129,14.1057,13.1012,11.9442,procure-scaling-l,500Mt-CostDecrease,VT,missing,missing,missing,missing,missing,missing,missing,elect_td_trn,missing,missing,1975$/GJ
18.0691,15.6449,10.5151,11.5846,12.3002,13.4371,13.6359,12.3286,10.6852,procure-scaling-l,500Mt-CostDecrease,VA,missing,missing,missing,missing,missing,missing,missing,elect_td_bld,missing,missing,1975$/GJ
15.8741,13.5349,8.51719,9.56468,10.2217,11.3447,11.5495,10.3634,8.83721,procure-scaling-l,500Mt-CostDecrease,VA,missing,missing,missing,missing,missing,missing,missing,elect_td_ind,missing,missing,1975$/GJ
18.0691,15.6449,10.5072,11.5147,12.1317,13.2147,13.3795,12.1534,10.5872,procure-scaling-l,500Mt-CostDecrease,VA,missing,missing,missing,missing,missing,missing,missing,elect_td_trn,missing,missing,1975$/GJ
17.7215,14.2166,10.0666,10.6363,10.7658,11.4281,11.4147,10.6271,9.42132,procure-scaling-l,500Mt-CostDecrease,WA,missing,missing,missing,missing,missing,missing,missing,elect_td_bld,missing,missing,1975$/GJ
15.5265,12.1066,8.07239,8.66783,8.82494,9.50916,9.52365,8.78883,7.64131,procure-scaling-l,500Mt-CostDecrease,WA,missing,missing,missing,missing,missing,missing,missing,elect_td_ind,missing,missing,1975$/GJ
17.7215,14.2166,10.0624,10.6178,10.7349,11.3792,11.3537,10.5788,9.39131,procure-scaling-l,500Mt-CostDecrease,WA,missing,missing,missing,missing,missing,missing,missing,elect_td_trn,missing,missing,1975$/GJ
17.088,14.9692,10.4775,11.2661,11.777,13.3997,13.5106,12.0865,10.5349,procure-scaling-l,500Mt-CostDecrease,WV,missing,missing,missing,missing,missing,missing,missing,elect_td_bld,missing,missing,1975$/GJ
14.893,12.8592,8.48356,9.28492,9.77988,11.3754,11.4978,10.1876,8.72268,procure-scaling-l,500Mt-CostDecrease,WV,missing,missing,missing,missing,missing,missing,missing,elect_td_ind,missing,missing,1975$/GJ
17.088,14.9692,10.4736,11.2349,11.6899,13.2454,13.3278,11.9776,10.4727,procure-scaling-l,500Mt-CostDecrease,WV,missing,missing,missing,missing,missing,missing,missing,elect_td_trn,missing,missing,1975$/GJ
17.9797,15.3737,10.4803,11.0901,11.6415,13.081,13.2187,12.1514,10.5793,procure-scaling-l,500Mt-CostDecrease,WI,missing,missing,missing,missing,missing,missing,missing,elect_td_bld,missing,missing,1975$/GJ
15.7847,13.2637,8.48581,9.10819,9.64655,11.0705,11.2171,10.2437,8.76176,procure-scaling-l,500Mt-CostDecrease,WI,missing,missing,missing,missing,missing,missing,missing,elect_td_ind,missing,missing,1975$/GJ
17.9797,15.3737,10.4758,11.0582,11.5566,12.9405,13.0471,12.0337,10.5118,procure-scaling-l,500Mt-CostDecrease,WI,missing,missing,missing,missing,missing,missing,missing,elect_td_trn,missing,missing,1975$/GJ
16.7243,13.3897,9.81949,10.483,10.7921,12.1263,12.156,10.8709,9.28263,procure-scaling-l,500Mt-CostDecrease,WY,missing,missing,missing,missing,missing,missing,missing,elect_td_bld,missing,missing,1975$/GJ
14.5293,11.2797,7.80955,8.44661,8.7512,10.0327,10.0672,8.90984,7.44433,procure-scaling-l,500Mt-CostDecrease,WY,missing,missing,missing,missing,missing,missing,missing,elect_td_ind,missing,missing,1975$/GJ
16.7243,13.3897,9.79955,10.3966,10.6612,11.9027,11.8972,10.6998,9.19433,procure-scaling-l,500Mt-CostDecrease,WY,missing,missing,missing,missing,missing,missing,missing,elect_td_trn,missing,missing,1975$/GJ
