1990,2005,2020,2025,2030,2035,2040,2045,2050,scenario,baseline,GCAM,sector,subsector,technology,output,concentration,input,product,fuel,LandLeaf,GHG,Units
0.0,0.0,0.0,0.0170268,0.0258777,0.0566032,0.093706,0.117394,0.189544,CDRIA-2035-h,1500Mt-CostDecrease,USA,H2 central production,coal,coal chemical CCS,missing,missing,missing,missing,missing,missing,missing,MTC
0.0,0.0,0.0,6.53091E-4,0.00620597,0.047128,0.0857996,0.140079,0.240221,CDRIA-2035-h,1500Mt-CostDecrease,USA,H2 central production,gas,natural gas steam reforming CCS,missing,missing,missing,missing,missing,missing,missing,MTC
0.212511,0.366635,0.875148,1.40274,2.28898,3.58618,5.43568,7.80718,11.0008,CDRIA-2035-h,1500Mt-CostDecrease,Africa_Eastern,industrial feedstocks,refined liquids,refined liquids,missing,missing,missing,missing,missing,missing,missing,MTC
2.57645,3.48152,3.45067,4.32289,5.43933,6.69997,8.10765,9.56027,11.1732,CDRIA-2035-h,1500Mt-CostDecrease,Africa_Northern,industrial feedstocks,refined liquids,refined liquids,missing,missing,missing,missing,missing,missing,missing,MTC
0.123362,0.201169,0.556102,0.938148,1.52704,2.3446,3.50079,5.07119,7.19415,CDRIA-2035-h,1500Mt-CostDecrease,Africa_Southern,industrial feedstocks,refined liquids,refined liquids,missing,missing,missing,missing,missing,missing,missing,MTC
0.540268,0.362202,0.719391,1.15701,2.0099,3.34288,5.31558,7.95347,11.1957,CDRIA-2035-h,1500Mt-CostDecrease,Africa_Western,industrial feedstocks,refined liquids,refined liquids,missing,missing,missing,missing,missing,missing,missing,MTC
3.1366,3.75605,4.14298,4.81336,5.50251,6.28381,7.10126,7.91772,8.80192,CDRIA-2035-h,1500Mt-CostDecrease,Australia_NZ,industrial feedstocks,refined liquids,refined liquids,missing,missing,missing,missing,missing,missing,missing,MTC
6.98126,9.79378,12.9893,15.1065,17.5777,20.0568,22.4861,24.8446,27.1513,CDRIA-2035-h,1500Mt-CostDecrease,Brazil,industrial feedstocks,refined liquids,refined liquids,missing,missing,missing,missing,missing,missing,missing,MTC
9.28264,15.7363,17.2324,18.5212,19.8502,21.1693,22.4567,23.7548,25.0899,CDRIA-2035-h,1500Mt-CostDecrease,Canada,industrial feedstocks,refined liquids,refined liquids,missing,missing,missing,missing,missing,missing,missing,MTC
0.550883,0.678129,0.766435,0.901838,1.03956,1.20272,1.35942,1.48901,1.65351,CDRIA-2035-h,1500Mt-CostDecrease,Central America and Caribbean,industrial feedstocks,refined liquids,refined liquids,missing,missing,missing,missing,missing,missing,missing,MTC
4.29099,1.74101,1.85722,2.68386,3.61167,4.6475,5.72144,6.78474,7.87823,CDRIA-2035-h,1500Mt-CostDecrease,Central Asia,industrial feedstocks,refined liquids,refined liquids,missing,missing,missing,missing,missing,missing,missing,MTC
15.0516,44.6849,99.5505,117.656,134.838,150.342,163.251,174.457,184.34,CDRIA-2035-h,1500Mt-CostDecrease,China,industrial feedstocks,refined liquids,refined liquids,missing,missing,missing,missing,missing,missing,missing,MTC
7.01143,8.47756,8.51734,9.3085,10.041,10.7393,11.3043,11.7638,12.2611,CDRIA-2035-h,1500Mt-CostDecrease,EU-12,industrial feedstocks,refined liquids,refined liquids,missing,missing,missing,missing,missing,missing,missing,MTC
59.0704,72.3803,60.3705,63.1986,66.2385,69.4862,72.617,75.6434,78.688,CDRIA-2035-h,1500Mt-CostDecrease,EU-15,industrial feedstocks,refined liquids,refined liquids,missing,missing,missing,missing,missing,missing,missing,MTC
11.4331,3.18665,2.14299,2.46919,2.80958,3.17215,3.52845,3.86289,4.22761,CDRIA-2035-h,1500Mt-CostDecrease,Europe_Eastern,industrial feedstocks,refined liquids,refined liquids,missing,missing,missing,missing,missing,missing,missing,MTC
3.16102,3.77577,6.96974,8.14351,9.39693,10.6587,11.9216,13.1555,14.3416,CDRIA-2035-h,1500Mt-CostDecrease,Europe_Non_EU,industrial feedstocks,refined liquids,refined liquids,missing,missing,missing,missing,missing,missing,missing,MTC
1.96458,1.85548,2.15108,2.41811,2.70042,2.99787,3.29676,3.59551,3.9171,CDRIA-2035-h,1500Mt-CostDecrease,European Free Trade Association,industrial feedstocks,refined liquids,refined liquids,missing,missing,missing,missing,missing,missing,missing,MTC
5.15712,14.1469,26.7794,37.9523,48.8396,61.0625,73.9138,86.6326,100.753,CDRIA-2035-h,1500Mt-CostDecrease,India,industrial feedstocks,refined liquids,refined liquids,missing,missing,missing,missing,missing,missing,missing,MTC
2.6911,3.72815,3.61235,5.10736,6.98477,9.22171,11.689,14.0752,16.579,CDRIA-2035-h,1500Mt-CostDecrease,Indonesia,industrial feedstocks,refined liquids,refined liquids,missing,missing,missing,missing,missing,missing,missing,MTC
26.1832,29.3551,28.6407,28.8721,29.1479,29.2855,29.2715,29.2132,29.1165,CDRIA-2035-h,1500Mt-CostDecrease,Japan,industrial feedstocks,refined liquids,refined liquids,missing,missing,missing,missing,missing,missing,missing,MTC
5.47982,4.25324,4.82767,5.98661,7.39299,8.94023,10.5899,12.308,14.1056,CDRIA-2035-h,1500Mt-CostDecrease,Mexico,industrial feedstocks,refined liquids,refined liquids,missing,missing,missing,missing,missing,missing,missing,MTC
11.6185,26.2324,46.825,51.5363,57.2298,63.1579,68.5744,73.3807,78.099,CDRIA-2035-h,1500Mt-CostDecrease,Middle East,industrial feedstocks,refined liquids,refined liquids,missing,missing,missing,missing,missing,missing,missing,MTC
0.164912,0.490633,0.447452,0.576405,0.818366,1.1799,1.65866,2.22281,2.92451,CDRIA-2035-h,1500Mt-CostDecrease,Pakistan,industrial feedstocks,refined liquids,refined liquids,missing,missing,missing,missing,missing,missing,missing,MTC
15.6445,18.1813,21.7479,22.4333,23.3261,24.6313,25.957,26.758,27.981,CDRIA-2035-h,1500Mt-CostDecrease,Russia,industrial feedstocks,refined liquids,refined liquids,missing,missing,missing,missing,missing,missing,missing,MTC
1.13514,0.726925,2.50129,3.00639,3.66049,4.34299,5.02299,5.7094,6.42254,CDRIA-2035-h,1500Mt-CostDecrease,South Africa,industrial feedstocks,refined liquids,refined liquids,missing,missing,missing,missing,missing,missing,missing,MTC
0.71952,1.68073,0.41373,0.485025,0.659544,0.866608,1.10851,1.3885,1.70392,CDRIA-2035-h,1500Mt-CostDecrease,South America_Northern,industrial feedstocks,refined liquids,refined liquids,missing,missing,missing,missing,missing,missing,missing,MTC
0.536577,0.921373,1.29204,1.90529,2.68412,3.58179,4.58954,5.68941,6.87674,CDRIA-2035-h,1500Mt-CostDecrease,South America_Southern,industrial feedstocks,refined liquids,refined liquids,missing,missing,missing,missing,missing,missing,missing,MTC
0.154671,0.150824,0.256489,0.439357,0.67177,0.978474,1.36688,1.84062,2.42839,CDRIA-2035-h,1500Mt-CostDecrease,South Asia,industrial feedstocks,refined liquids,refined liquids,missing,missing,missing,missing,missing,missing,missing,MTC
5.27247,24.9131,38.4588,38.2977,37.9349,37.2874,36.2006,34.7959,33.1765,CDRIA-2035-h,1500Mt-CostDecrease,South Korea,industrial feedstocks,refined liquids,refined liquids,missing,missing,missing,missing,missing,missing,missing,MTC
2.35817,16.3413,31.5209,38.3053,44.742,51.0814,57.0713,62.4949,67.5047,CDRIA-2035-h,1500Mt-CostDecrease,Southeast Asia,industrial feedstocks,refined liquids,refined liquids,missing,missing,missing,missing,missing,missing,missing,MTC
3.01928,12.1567,17.5729,17.426,17.2327,17.0651,16.8408,16.5643,16.2607,CDRIA-2035-h,1500Mt-CostDecrease,Taiwan,industrial feedstocks,refined liquids,refined liquids,missing,missing,missing,missing,missing,missing,missing,MTC
1.33242,2.49993,2.79547,3.2553,3.71993,4.20352,4.6699,5.10482,5.5052,CDRIA-2035-h,1500Mt-CostDecrease,Argentina,industrial feedstocks,refined liquids,refined liquids,missing,missing,missing,missing,missing,missing,missing,MTC
0.257622,1.3234,0.489227,0.708446,0.975356,1.29949,1.68358,2.12553,2.62679,CDRIA-2035-h,1500Mt-CostDecrease,Colombia,industrial feedstocks,refined liquids,refined liquids,missing,missing,missing,missing,missing,missing,missing,MTC
0.0,0.0,0.0,0.00220522,0.0519009,0.118895,1.38059E-7,3.67039E-7,0.0,CDRIA-2035-h,1500Mt-CostDecrease,AL,DAC,DAC,DAC_solvent (oxy CCS),missing,missing,missing,missing,missing,missing,missing,MTC
0.0,0.0,0.0,0.0491167,0.0569983,0.0562876,5.564E-5,1.95831E-4,0.0,CDRIA-2035-h,1500Mt-CostDecrease,AL,DAC,DAC,DAC_sorbent (oxy CCS),missing,missing,missing,missing,missing,missing,missing,MTC
0.0,0.0,0.0,0.00659151,0.03209926,0.08006231,0.09895139,0.1355075,0.14625064999999998,CDRIA-2035-h,1500Mt-CostDecrease,AL,biorefining,biomass liquids,FT biofuels CCS level 1,missing,missing,missing,missing,missing,missing,missing,MTC
0.0,0.0,0.0,0.00597447,0.02927473,0.07328419,0.09065882,0.12400691999999999,0.13377849,CDRIA-2035-h,1500Mt-CostDecrease,AL,biorefining,biomass liquids,FT biofuels CCS level 2,missing,missing,missing,missing,missing,missing,missing,MTC
0.0,0.0,0.0,0.009003,0.0422054,0.10211104,0.12487438,0.16732863,0.17845988999999998,CDRIA-2035-h,1500Mt-CostDecrease,AL,biorefining,biomass liquids,cellulosic ethanol CCS level 1,missing,missing,missing,missing,missing,missing,missing,MTC
0.0,0.0,0.0,0.0147478,0.0711149,0.1755045,0.21594649999999999,0.2917012,0.31303960000000003,CDRIA-2035-h,1500Mt-CostDecrease,AL,biorefining,biomass liquids,cellulosic ethanol CCS level 2,missing,missing,missing,missing,missing,missing,missing,MTC
0.0,0.0,0.0,0.0235552,0.133896,0.197325,0.215711,0.236197,0.25368,CDRIA-2035-h,1500Mt-CostDecrease,AL,cement,cement,cement CCS,missing,missing,missing,missing,missing,missing,missing,MTC
0.0,0.0,0.0,0.0,0.0,0.0,0.0,0.00172322,0.00997069,CDRIA-2035-h,1500Mt-CostDecrease,AL,coal to liquids,coal to liquids,coal to liquids CCS level 1,missing,missing,missing,missing,missing,missing,missing,MTC
0.0,0.0,0.0,0.0,0.0,0.0,0.0,0.00234625,0.014498780000000001,CDRIA-2035-h,1500Mt-CostDecrease,AL,coal to liquids,coal to liquids,coal to liquids CCS level 2,missing,missing,missing,missing,missing,missing,missing,MTC
1.08903,2.0334,1.06377,1.10237,1.13145,1.15691,1.19874,1.23608,1.31882,CDRIA-2035-h,1500Mt-CostDecrease,AL,industrial feedstocks,refined liquids,refined liquids,missing,missing,missing,missing,missing,missing,missing,MTC
0.0,0.0,0.0,1.7693E-8,6.82434E-8,0.0365971,2.24251E-6,6.67811E-6,2.63294E-7,CDRIA-2035-h,1500Mt-CostDecrease,AL,lime,gas (CCS),lime,missing,missing,missing,missing,missing,missing,missing,MTC
0.0,0.0,0.0,5.00526E-8,2.81126E-7,3.02359E-7,2.25972E-8,0.0,1.37634E-6,CDRIA-2035-h,1500Mt-CostDecrease,AK,DAC,DAC,DAC_solvent (oxy CCS),missing,missing,missing,missing,missing,missing,missing,MTC
0.0,0.0,0.0,3.78685E-7,5.81011E-7,4.03355E-7,4.57846E-7,0.0,2.87681E-5,CDRIA-2035-h,1500Mt-CostDecrease,AK,DAC,DAC,DAC_sorbent (oxy CCS),missing,missing,missing,missing,missing,missing,missing,MTC
0.0,0.0,0.0,0.00376914,0.01479344,0.03526003,0.0432337,0.07074298,0.06297596,CDRIA-2035-h,1500Mt-CostDecrease,AK,biorefining,biomass liquids,FT biofuels CCS level 1,missing,missing,missing,missing,missing,missing,missing,MTC
0.0,0.0,0.0,0.00301492,0.01129124,0.02679439,0.032798,0.05708224,0.019775439,CDRIA-2035-h,1500Mt-CostDecrease,AK,biorefining,biomass liquids,FT biofuels CCS level 2,missing,missing,missing,missing,missing,missing,missing,MTC
0.0,0.0,0.0,0.00765178,0.03409847,0.08082029,0.09829994,0.13414948,0.14138995,CDRIA-2035-h,1500Mt-CostDecrease,AK,biorefining,biomass liquids,cellulosic ethanol CCS level 1,missing,missing,missing,missing,missing,missing,missing,MTC
0.0,0.0,0.0,0.00702744,0.02531457,0.059114230000000004,0.07175039,0.12659828,0.020956989000000002,CDRIA-2035-h,1500Mt-CostDecrease,AK,biorefining,biomass liquids,cellulosic ethanol CCS level 2,missing,missing,missing,missing,missing,missing,missing,MTC
0.0,0.0,0.0,0.0,0.0,0.0,0.0,2.0971E-6,1.0384600299999999E-5,CDRIA-2035-h,1500Mt-CostDecrease,AK,coal to liquids,coal to liquids,coal to liquids CCS level 1,missing,missing,missing,missing,missing,missing,missing,MTC
0.0,0.0,0.0,0.0,0.0,0.0,0.0,1.84973E-6,9.728401799999999E-6,CDRIA-2035-h,1500Mt-CostDecrease,AK,coal to liquids,coal to liquids,coal to liquids CCS level 2,missing,missing,missing,missing,missing,missing,missing,MTC
0.067673,0.0538275,0.797666,0.799529,0.808404,0.811589,0.836819,0.849702,0.868483,CDRIA-2035-h,1500Mt-CostDecrease,AK,industrial feedstocks,refined liquids,refined liquids,missing,missing,missing,missing,missing,missing,missing,MTC
0.0,0.0,0.0,3.51842E-10,8.36752E-10,2.46486E-7,3.27597E-8,0.0,2.2576E-6,CDRIA-2035-h,1500Mt-CostDecrease,AK,lime,gas (CCS),lime,missing,missing,missing,missing,missing,missing,missing,MTC
0.0,0.0,0.0,0.0015121,0.0442199,0.124965,4.58936E-8,8.44928E-8,0.0,CDRIA-2035-h,1500Mt-CostDecrease,AZ,DAC,DAC,DAC_solvent (oxy CCS),missing,missing,missing,missing,missing,missing,missing,MTC
0.0,0.0,0.0,0.0369885,0.0386582,0.0466176,3.23446E-5,8.93469E-5,0.0,CDRIA-2035-h,1500Mt-CostDecrease,AZ,DAC,DAC,DAC_sorbent (oxy CCS),missing,missing,missing,missing,missing,missing,missing,MTC
0.0,0.0,0.0,0.00676948,0.03301895,0.08245764,0.10196250000000001,0.13980503,0.34642045,CDRIA-2035-h,1500Mt-CostDecrease,AZ,biorefining,biomass liquids,FT biofuels CCS level 1,missing,missing,missing,missing,missing,missing,missing,MTC
0.0,0.0,0.0,0.00617078,0.03028387,0.07590102,0.09394198000000001,0.12865512,0.38114437,CDRIA-2035-h,1500Mt-CostDecrease,AZ,biorefining,biomass liquids,FT biofuels CCS level 2,missing,missing,missing,missing,missing,missing,missing,MTC
0.0,0.0,0.0,0.00908083,0.042645590000000004,0.10331477,0.12641225,0.16959965999999999,0.25694535,CDRIA-2035-h,1500Mt-CostDecrease,AZ,biorefining,biomass liquids,cellulosic ethanol CCS level 1,missing,missing,missing,missing,missing,missing,missing,MTC
0.0,0.0,0.0,0.0152722,0.0737516,0.1822118,0.22430060000000002,0.30332970000000004,0.931486,CDRIA-2035-h,1500Mt-CostDecrease,AZ,biorefining,biomass liquids,cellulosic ethanol CCS level 2,missing,missing,missing,missing,missing,missing,missing,MTC
0.0,0.0,0.0,0.0409326,0.23168,0.339621,0.374945,0.413715,0.447796,CDRIA-2035-h,1500Mt-CostDecrease,AZ,cement,cement,cement CCS,missing,missing,missing,missing,missing,missing,missing,MTC
0.0,0.0,0.0,0.0,0.0,0.0,0.0,0.00113164,0.00651406,CDRIA-2035-h,1500Mt-CostDecrease,AZ,coal to liquids,coal to liquids,coal to liquids CCS level 1,missing,missing,missing,missing,missing,missing,missing,MTC
0.0,0.0,0.0,0.0,0.0,0.0,0.0,0.00163338,0.010092950000000002,CDRIA-2035-h,1500Mt-CostDecrease,AZ,coal to liquids,coal to liquids,coal to liquids CCS level 2,missing,missing,missing,missing,missing,missing,missing,MTC
0.596406,1.34592,1.26068,1.36776,1.44926,1.49417,1.57059,1.68663,1.84056,CDRIA-2035-h,1500Mt-CostDecrease,AZ,industrial feedstocks,refined liquids,refined liquids,missing,missing,missing,missing,missing,missing,missing,MTC
0.0,0.0,0.0,4.30107E-9,1.19635E-8,0.00356378,9.86213E-8,1.78293E-7,2.0296E-9,CDRIA-2035-h,1500Mt-CostDecrease,AZ,lime,gas (CCS),lime,missing,missing,missing,missing,missing,missing,missing,MTC
0.0,0.0,0.0,0.00153953,0.0366421,0.108152,1.53097E-7,3.39168E-7,1.84947E-6,CDRIA-2035-h,1500Mt-CostDecrease,AR,DAC,DAC,DAC_solvent (oxy CCS),missing,missing,missing,missing,missing,missing,missing,MTC
0.0,0.0,0.0,0.0346051,0.0400773,0.0508806,6.34362E-5,1.87078E-4,0.00177873,CDRIA-2035-h,1500Mt-CostDecrease,AR,DAC,DAC,DAC_sorbent (oxy CCS),missing,missing,missing,missing,missing,missing,missing,MTC
0.0,0.0,0.0,0.00660943,0.03218718,0.08029079,0.09923562000000001,0.13590288,0.1459491,CDRIA-2035-h,1500Mt-CostDecrease,AR,biorefining,biomass liquids,FT biofuels CCS level 1,missing,missing,missing,missing,missing,missing,missing,MTC
0.0,0.0,0.0,0.00599452,0.029373370000000003,0.07353939,0.09097625,0.12444612000000001,0.13345703,CDRIA-2035-h,1500Mt-CostDecrease,AR,biorefining,biomass liquids,FT biofuels CCS level 2,missing,missing,missing,missing,missing,missing,missing,MTC
0.0,0.0,0.0,0.00900933,0.04223663,0.10219945999999999,0.12498524999999999,0.16748565999999998,0.17834606,CDRIA-2035-h,1500Mt-CostDecrease,AR,biorefining,biomass liquids,cellulosic ethanol CCS level 1,missing,missing,missing,missing,missing,missing,missing,MTC
0.0,0.0,0.0,0.0148016,0.0713748,0.1761631,0.21676009999999998,0.2928113,0.31233259999999996,CDRIA-2035-h,1500Mt-CostDecrease,AR,biorefining,biomass liquids,cellulosic ethanol CCS level 2,missing,missing,missing,missing,missing,missing,missing,MTC
0.0,0.0,0.0,0.00711004,0.0394835,0.058003,0.06306,0.0687875,0.0735874,CDRIA-2035-h,1500Mt-CostDecrease,AR,cement,cement,cement CCS,missing,missing,missing,missing,missing,missing,missing,MTC
0.0,0.0,0.0,0.0,0.0,0.0,0.0,5.858E-6,3.389748E-5,CDRIA-2035-h,1500Mt-CostDecrease,AR,coal to liquids,coal to liquids,coal to liquids CCS level 1,missing,missing,missing,missing,missing,missing,missing,MTC
0.0,0.0,0.0,0.0,0.0,0.0,0.0,7.98725E-6,4.9361269999999996E-5,CDRIA-2035-h,1500Mt-CostDecrease,AR,coal to liquids,coal to liquids,coal to liquids CCS level 2,missing,missing,missing,missing,missing,missing,missing,MTC
0.124864,0.137872,0.513332,0.52794,0.541913,0.553944,0.572175,0.589604,0.628109,CDRIA-2035-h,1500Mt-CostDecrease,AR,industrial feedstocks,refined liquids,refined liquids,missing,missing,missing,missing,missing,missing,missing,MTC
0.0,0.0,0.0,1.26629E-9,4.39668E-9,0.00178684,3.0963E-8,2.2051E-7,1.13573E-9,CDRIA-2035-h,1500Mt-CostDecrease,AR,lime,gas (CCS),lime,missing,missing,missing,missing,missing,missing,missing,MTC
0.0,0.0,0.0,0.00321827,0.10453,0.291305,4.52858E-8,1.01166E-7,0.0,CDRIA-2035-h,1500Mt-CostDecrease,CA,DAC,DAC,DAC_solvent (oxy CCS),missing,missing,missing,missing,missing,missing,missing,MTC
0.0,0.0,0.0,0.183757,0.238031,0.26131,5.85435E-5,1.8537E-4,0.0,CDRIA-2035-h,1500Mt-CostDecrease,CA,DAC,DAC,DAC_sorbent (oxy CCS),missing,missing,missing,missing,missing,missing,missing,MTC
0.0,0.0,0.0,0.00996923,0.040816740000000004,0.0981196,0.13940634,0.1979801,0.26130437,CDRIA-2035-h,1500Mt-CostDecrease,CA,N fertilizer,gas,gas CCS,missing,missing,missing,missing,missing,missing,missing,MTC
0.0,0.0,0.0,0.0112817,0.057497,0.1058431,0.12465960000000001,0.1600429,0.17370696,CDRIA-2035-h,1500Mt-CostDecrease,CA,biorefining,biomass liquids,FT biofuels CCS level 1,missing,missing,missing,missing,missing,missing,missing,MTC
0.0,0.0,0.0,0.0115282,0.059372900000000006,0.1040577,0.12146099999999999,0.1537649,0.16680281000000002,CDRIA-2035-h,1500Mt-CostDecrease,CA,biorefining,biomass liquids,FT biofuels CCS level 2,missing,missing,missing,missing,missing,missing,missing,MTC
0.0,0.0,0.0,0.0105359,0.0510073,0.1100131,0.1322822,0.1731781,0.18523819000000002,CDRIA-2035-h,1500Mt-CostDecrease,CA,biorefining,biomass liquids,cellulosic ethanol CCS level 1,missing,missing,missing,missing,missing,missing,missing,MTC
0.0,0.0,0.0,0.0300663,0.1524124,0.2587299,0.2993129,0.37261809999999995,0.40130709999999997,CDRIA-2035-h,1500Mt-CostDecrease,CA,biorefining,biomass liquids,cellulosic ethanol CCS level 2,missing,missing,missing,missing,missing,missing,missing,MTC
0.0,0.0,0.0,0.163975,0.733651,1.05288,1.15587,1.2746,1.37328,CDRIA-2035-h,1500Mt-CostDecrease,CA,cement,cement,cement CCS,missing,missing,missing,missing,missing,missing,missing,MTC
3.74519,3.80907,4.22884,4.45119,4.59176,4.673,4.88063,5.14927,5.57624,CDRIA-2035-h,1500Mt-CostDecrease,CA,industrial feedstocks,refined liquids,refined liquids,missing,missing,missing,missing,missing,missing,missing,MTC
0.0,0.0,0.0,5.14724E-8,1.84434E-7,0.0664759,1.86858E-6,3.59759E-6,2.63448E-8,CDRIA-2035-h,1500Mt-CostDecrease,CA,lime,gas (CCS),lime,missing,missing,missing,missing,missing,missing,missing,MTC
0.0,0.0,0.0,0.00181497,0.0530771,0.149995,6.57809E-8,1.20795E-7,0.0,CDRIA-2035-h,1500Mt-CostDecrease,CO,DAC,DAC,DAC_solvent (oxy CCS),missing,missing,missing,missing,missing,missing,missing,MTC
0.0,0.0,0.0,0.0443972,0.0464013,0.0559549,4.63606E-5,1.27735E-4,0.0,CDRIA-2035-h,1500Mt-CostDecrease,CO,DAC,DAC,DAC_sorbent (oxy CCS),missing,missing,missing,missing,missing,missing,missing,MTC
0.0,0.0,0.0,0.00676948,0.03301895,0.08245764,0.10196250000000001,0.13980503,0.25442444999999997,CDRIA-2035-h,1500Mt-CostDecrease,CO,biorefining,biomass liquids,FT biofuels CCS level 1,missing,missing,missing,missing,missing,missing,missing,MTC
0.0,0.0,0.0,0.00617078,0.03028387,0.07590102,0.09394198000000001,0.12865512,0.26386937,CDRIA-2035-h,1500Mt-CostDecrease,CO,biorefining,biomass liquids,FT biofuels CCS level 2,missing,missing,missing,missing,missing,missing,missing,MTC
0.0,0.0,0.0,0.00908083,0.042645590000000004,0.10331477,0.12641225,0.16959965999999999,0.22339705,CDRIA-2035-h,1500Mt-CostDecrease,CO,biorefining,biomass liquids,cellulosic ethanol CCS level 1,missing,missing,missing,missing,missing,missing,missing,MTC
0.0,0.0,0.0,0.0152722,0.0737516,0.1822118,0.22430060000000002,0.30332970000000004,0.635053,CDRIA-2035-h,1500Mt-CostDecrease,CO,biorefining,biomass liquids,cellulosic ethanol CCS level 2,missing,missing,missing,missing,missing,missing,missing,MTC
0.0,0.0,0.0,0.0239889,0.135091,0.197775,0.218057,0.240303,0.259826,CDRIA-2035-h,1500Mt-CostDecrease,CO,cement,cement,cement CCS,missing,missing,missing,missing,missing,missing,missing,MTC
0.0,0.0,0.0,0.0,0.0,0.0,0.0,0.00270104,0.01554796,CDRIA-2035-h,1500Mt-CostDecrease,CO,coal to liquids,coal to liquids,coal to liquids CCS level 1,missing,missing,missing,missing,missing,missing,missing,MTC
0.0,0.0,0.0,0.0,0.0,0.0,0.0,0.00389861,0.0240902,CDRIA-2035-h,1500Mt-CostDecrease,CO,coal to liquids,coal to liquids,coal to liquids CCS level 2,missing,missing,missing,missing,missing,missing,missing,MTC
0.820805,0.767322,1.17491,1.26446,1.31515,1.33424,1.39332,1.47315,1.60518,CDRIA-2035-h,1500Mt-CostDecrease,CO,industrial feedstocks,refined liquids,refined liquids,missing,missing,missing,missing,missing,missing,missing,MTC
0.0,0.0,0.0,0.0,1.75347E-10,4.4227E-5,1.1959E-9,2.0564E-9,0.0,CDRIA-2035-h,1500Mt-CostDecrease,CO,lime,gas (CCS),lime,missing,missing,missing,missing,missing,missing,missing,MTC
0.0,0.0,0.0,4.13593E-4,0.00816865,0.0217252,2.73766E-8,8.27612E-8,1.03888E-6,CDRIA-2035-h,1500Mt-CostDecrease,CT,DAC,DAC,DAC_solvent (oxy CCS),missing,missing,missing,missing,missing,missing,missing,MTC
0.0,0.0,0.0,0.0150966,0.0232444,0.0283494,8.04363E-6,2.44336E-5,3.11932E-4,CDRIA-2035-h,1500Mt-CostDecrease,CT,DAC,DAC,DAC_sorbent (oxy CCS),missing,missing,missing,missing,missing,missing,missing,MTC
0.0,0.0,0.0,0.005829,0.02816486,0.06937349000000001,0.08530836,0.11497475999999998,0.12251075000000002,CDRIA-2035-h,1500Mt-CostDecrease,CT,biorefining,biomass liquids,FT biofuels CCS level 1,missing,missing,missing,missing,missing,missing,missing,MTC
0.0,0.0,0.0,0.0051605,0.025080329999999998,0.06194153,0.07620219,0.10242984999999999,0.10884889000000002,CDRIA-2035-h,1500Mt-CostDecrease,CT,biorefining,biomass liquids,FT biofuels CCS level 2,missing,missing,missing,missing,missing,missing,missing,MTC
0.0,0.0,0.0,0.00857813,0.0399428,0.09572781,0.11666918,0.1546985,0.16393508,CDRIA-2035-h,1500Mt-CostDecrease,CT,biorefining,biomass liquids,cellulosic ethanol CCS level 1,missing,missing,missing,missing,missing,missing,missing,MTC
0.0,0.0,0.0,0.0126018,0.0602817,0.1467706,0.1795914,0.23843599999999998,0.25119090000000005,CDRIA-2035-h,1500Mt-CostDecrease,CT,biorefining,biomass liquids,cellulosic ethanol CCS level 2,missing,missing,missing,missing,missing,missing,missing,MTC
0.0,0.0,0.0,0.00525584,0.0341253,0.0569516,0.0636156,0.0717854,0.0783048,CDRIA-2035-h,1500Mt-CostDecrease,CT,cement,cement,cement CCS,missing,missing,missing,missing,missing,missing,missing,MTC
0.399542,0.604395,0.472978,0.485674,0.503758,0.520585,0.547339,0.576337,0.619105,CDRIA-2035-h,1500Mt-CostDecrease,CT,industrial feedstocks,refined liquids,refined liquids,missing,missing,missing,missing,missing,missing,missing,MTC
0.0,0.0,0.0,0.0,0.0,5.24221E-5,5.95915E-9,2.06026E-8,0.0,CDRIA-2035-h,1500Mt-CostDecrease,CT,lime,gas (CCS),lime,missing,missing,missing,missing,missing,missing,missing,MTC
0.0,0.0,0.0,1.52761E-4,0.00412877,0.0105315,2.18313E-9,4.82375E-9,0.0,CDRIA-2035-h,1500Mt-CostDecrease,DE,DAC,DAC,DAC_solvent (oxy CCS),missing,missing,missing,missing,missing,missing,missing,MTC
0.0,0.0,0.0,0.00534227,0.00726088,0.00780926,1.27238E-6,3.98941E-6,0.0,CDRIA-2035-h,1500Mt-CostDecrease,DE,DAC,DAC,DAC_sorbent (oxy CCS),missing,missing,missing,missing,missing,missing,missing,MTC
0.0,0.0,0.0,0.00654793,0.0318041,0.07919453,0.09778348,0.13353928,0.15033122,CDRIA-2035-h,1500Mt-CostDecrease,DE,biorefining,biomass liquids,FT biofuels CCS level 1,missing,missing,missing,missing,missing,missing,missing,MTC
0.0,0.0,0.0,0.00594165,0.029037840000000002,0.07257035,0.08968806,0.12234186,0.13893323,CDRIA-2035-h,1500Mt-CostDecrease,DE,biorefining,biomass liquids,FT biofuels CCS level 2,missing,missing,missing,missing,missing,missing,missing,MTC
0.0,0.0,0.0,0.00891162,0.04167067,0.10065298,0.12297630000000001,0.16435497,0.1778082,CDRIA-2035-h,1500Mt-CostDecrease,DE,biorefining,biomass liquids,cellulosic ethanol CCS level 1,missing,missing,missing,missing,missing,missing,missing,MTC
0.0,0.0,0.0,0.0146744,0.0705756,0.1738826,0.2137444,0.2879544,0.3256694,CDRIA-2035-h,1500Mt-CostDecrease,DE,biorefining,biomass liquids,cellulosic ethanol CCS level 2,missing,missing,missing,missing,missing,missing,missing,MTC
0.135193,0.190649,0.236306,0.24583,0.252383,0.255575,0.265192,0.277482,0.297947,CDRIA-2035-h,1500Mt-CostDecrease,DE,industrial feedstocks,refined liquids,refined liquids,missing,missing,missing,missing,missing,missing,missing,MTC
0.0,0.0,0.0,5.86578E-10,3.0343E-9,0.00102873,4.58418E-8,9.92428E-8,8.40702E-8,CDRIA-2035-h,1500Mt-CostDecrease,DE,lime,gas (CCS),lime,missing,missing,missing,missing,missing,missing,missing,MTC
0.00763224,0.0052038,0.283008,0.298533,0.316107,0.334489,0.352321,0.37085,0.391389,CDRIA-2035-h,1500Mt-CostDecrease,DC,industrial feedstocks,refined liquids,refined liquids,missing,missing,missing,missing,missing,missing,missing,MTC
0.0,0.0,0.0,0.005154,0.112846,0.246355,6.15988E-8,1.75247E-7,0.0,CDRIA-2035-h,1500Mt-CostDecrease,FL,DAC,DAC,DAC_solvent (oxy CCS),missing,missing,missing,missing,missing,missing,missing,MTC
0.0,0.0,0.0,0.0941211,0.100092,0.0954428,2.24773E-5,1.0193E-4,0.0,CDRIA-2035-h,1500Mt-CostDecrease,FL,DAC,DAC,DAC_sorbent (oxy CCS),missing,missing,missing,missing,missing,missing,missing,MTC
0.0,0.0,0.0,0.0479889,0.2044176,0.5285872,0.7625117,1.079808,1.4029904,CDRIA-2035-h,1500Mt-CostDecrease,FL,N fertilizer,gas,gas CCS,missing,missing,missing,missing,missing,missing,missing,MTC
0.0,0.0,0.0,0.00886184,0.03471871,0.08341612999999999,0.10262958,0.14015655999999999,0.18826632,CDRIA-2035-h,1500Mt-CostDecrease,FL,biorefining,biomass liquids,FT biofuels CCS level 1,missing,missing,missing,missing,missing,missing,missing,MTC
0.0,0.0,0.0,0.00857711,0.03223505,0.076993,0.09469267,0.12897033,0.18212521999999998,CDRIA-2035-h,1500Mt-CostDecrease,FL,biorefining,biomass liquids,FT biofuels CCS level 2,missing,missing,missing,missing,missing,missing,missing,MTC
0.0,0.0,0.0,0.0098299,0.04331182,0.10381419,0.1268579,0.17025241,0.19772307000000003,CDRIA-2035-h,1500Mt-CostDecrease,FL,biorefining,biomass liquids,cellulosic ethanol CCS level 1,missing,missing,missing,missing,missing,missing,missing,MTC
0.0,0.0,0.0,0.0218196,0.0790935,0.1853334,0.2265525,0.3044365,0.4312957,CDRIA-2035-h,1500Mt-CostDecrease,FL,biorefining,biomass liquids,cellulosic ethanol CCS level 2,missing,missing,missing,missing,missing,missing,missing,MTC
0.0,0.0,0.0,0.0773732,0.419957,0.613218,0.666927,0.730026,0.778339,CDRIA-2035-h,1500Mt-CostDecrease,FL,cement,cement,cement CCS,missing,missing,missing,missing,missing,missing,missing,MTC
1.71452,1.71515,1.96646,2.12314,2.22977,2.32931,2.42398,2.48541,2.62301,CDRIA-2035-h,1500Mt-CostDecrease,FL,industrial feedstocks,refined liquids,refined liquids,missing,missing,missing,missing,missing,missing,missing,MTC
0.0,0.0,0.0,1.75091E-7,7.36993E-7,0.0537783,7.38967E-6,1.67418E-5,1.00921E-6,CDRIA-2035-h,1500Mt-CostDecrease,FL,lime,gas (CCS),lime,missing,missing,missing,missing,missing,missing,missing,MTC
0.0,0.0,0.0,0.00241102,0.0567446,0.129991,1.14442E-7,3.14488E-7,0.0,CDRIA-2035-h,1500Mt-CostDecrease,GA,DAC,DAC,DAC_solvent (oxy CCS),missing,missing,missing,missing,missing,missing,missing,MTC
0.0,0.0,0.0,0.0537006,0.0623177,0.0615407,4.61219E-5,1.67793E-4,0.0,CDRIA-2035-h,1500Mt-CostDecrease,GA,DAC,DAC,DAC_sorbent (oxy CCS),missing,missing,missing,missing,missing,missing,missing,MTC
0.0,0.0,0.0,0.00783769,0.03275855,0.08428340000000001,0.12209381999999999,0.17429684,0.22846224,CDRIA-2035-h,1500Mt-CostDecrease,GA,N fertilizer,gas,gas CCS,missing,missing,missing,missing,missing,missing,missing,MTC
0.0,0.0,0.0,0.00659151,0.03209926,0.08006231,0.09895139,0.1355075,0.21588085,CDRIA-2035-h,1500Mt-CostDecrease,GA,biorefining,biomass liquids,FT biofuels CCS level 1,missing,missing,missing,missing,missing,missing,missing,MTC
0.0,0.0,0.0,0.00597447,0.02927473,0.07328419,0.09065882,0.12400691999999999,0.21657096999999997,CDRIA-2035-h,1500Mt-CostDecrease,GA,biorefining,biomass liquids,FT biofuels CCS level 2,missing,missing,missing,missing,missing,missing,missing,MTC
0.0,0.0,0.0,0.009003,0.0422054,0.10211104,0.12487438,0.16732863,0.20782032,CDRIA-2035-h,1500Mt-CostDecrease,GA,biorefining,biomass liquids,cellulosic ethanol CCS level 1,missing,missing,missing,missing,missing,missing,missing,MTC
0.0,0.0,0.0,0.0147478,0.0711149,0.1755045,0.21594649999999999,0.2917012,0.5166091,CDRIA-2035-h,1500Mt-CostDecrease,GA,biorefining,biomass liquids,cellulosic ethanol CCS level 2,missing,missing,missing,missing,missing,missing,missing,MTC
0.0,0.0,0.0,0.0311427,0.173915,0.254835,0.275682,0.299116,0.318049,CDRIA-2035-h,1500Mt-CostDecrease,GA,cement,cement,cement CCS,missing,missing,missing,missing,missing,missing,missing,MTC
1.61241,1.8633,0.823879,0.870214,0.902414,0.930318,0.963478,0.988671,1.04821,CDRIA-2035-h,1500Mt-CostDecrease,GA,industrial feedstocks,refined liquids,refined liquids,missing,missing,missing,missing,missing,missing,missing,MTC
0.0,0.0,0.0,3.51923E-9,1.3915E-8,0.00557246,4.91035E-7,1.22498E-6,2.45789E-7,CDRIA-2035-h,1500Mt-CostDecrease,GA,lime,gas (CCS),lime,missing,missing,missing,missing,missing,missing,missing,MTC
0.0,0.0,0.0,0.00270199,0.01297243,0.03173784,0.038890980000000006,0.05176901,0.045916610000000004,CDRIA-2035-h,1500Mt-CostDecrease,HI,biorefining,biomass liquids,FT biofuels CCS level 1,missing,missing,missing,missing,missing,missing,missing,MTC
0.0,0.0,0.0,0.00202739,0.00978893,0.02407728,0.029493230000000002,0.03929544,0.013461004,CDRIA-2035-h,1500Mt-CostDecrease,HI,biorefining,biomass liquids,FT biofuels CCS level 2,missing,missing,missing,missing,missing,missing,missing,MTC
0.0,0.0,0.0,0.00668143,0.03075386,0.07264625,0.08797556000000001,0.11430074000000001,0.11988999000000002,CDRIA-2035-h,1500Mt-CostDecrease,HI,biorefining,biomass liquids,cellulosic ethanol CCS level 1,missing,missing,missing,missing,missing,missing,missing,MTC
0.0,0.0,0.0,0.0045374,0.02157063,0.05245018,0.06375617,0.0841608,0.01434523,CDRIA-2035-h,1500Mt-CostDecrease,HI,biorefining,biomass liquids,cellulosic ethanol CCS level 2,missing,missing,missing,missing,missing,missing,missing,MTC
0.0960792,0.0576769,0.293022,0.291075,0.302197,0.313929,0.329509,0.344379,0.361659,CDRIA-2035-h,1500Mt-CostDecrease,HI,industrial feedstocks,refined liquids,refined liquids,missing,missing,missing,missing,missing,missing,missing,MTC
0.0,0.0,0.0,4.31684E-4,0.0126768,0.0393318,8.45422E-9,1.93708E-8,0.0,CDRIA-2035-h,1500Mt-CostDecrease,ID,DAC,DAC,DAC_solvent (oxy CCS),missing,missing,missing,missing,missing,missing,missing,MTC
0.0,0.0,0.0,0.012393,0.0145222,0.0173923,6.52528E-6,1.90702E-5,0.0,CDRIA-2035-h,1500Mt-CostDecrease,ID,DAC,DAC,DAC_sorbent (oxy CCS),missing,missing,missing,missing,missing,missing,missing,MTC
0.0,0.0,0.0,0.00661377,0.03221791,0.08042691,0.0994137,0.1359765,0.16360165000000002,CDRIA-2035-h,1500Mt-CostDecrease,ID,biorefining,biomass liquids,FT biofuels CCS level 1,missing,missing,missing,missing,missing,missing,missing,MTC
0.0,0.0,0.0,0.00600414,0.0294282,0.07372698999999999,0.09121517000000001,0.12460999000000002,0.15357953000000002,CDRIA-2035-h,1500Mt-CostDecrease,ID,biorefining,biomass liquids,FT biofuels CCS level 2,missing,missing,missing,missing,missing,missing,missing,MTC
0.0,0.0,0.0,0.00898816,0.04215547,0.10209514,0.12487891,0.16717759000000001,0.18560559,CDRIA-2035-h,1500Mt-CostDecrease,ID,biorefining,biomass liquids,cellulosic ethanol CCS level 1,missing,missing,missing,missing,missing,missing,missing,MTC
0.0,0.0,0.0,0.0148318,0.0715368,0.1766769,0.217406,0.2933033,0.360958,CDRIA-2035-h,1500Mt-CostDecrease,ID,biorefining,biomass liquids,cellulosic ethanol CCS level 2,missing,missing,missing,missing,missing,missing,missing,MTC
0.0,0.0,0.0,0.00656187,0.0363758,0.0539589,0.059244,0.0649791,0.0699209,CDRIA-2035-h,1500Mt-CostDecrease,ID,cement,cement,cement CCS,missing,missing,missing,missing,missing,missing,missing,MTC
0.322906,0.499451,0.689982,0.753129,0.793875,0.818292,0.852765,0.896465,0.964694,CDRIA-2035-h,1500Mt-CostDecrease,ID,industrial feedstocks,refined liquids,refined liquids,missing,missing,missing,missing,missing,missing,missing,MTC
0.0,0.0,0.0,0.0,0.0,2.33766E-5,5.30235E-10,1.10736E-9,1.60124E-9,CDRIA-2035-h,1500Mt-CostDecrease,ID,lime,gas (CCS),lime,missing,missing,missing,missing,missing,missing,missing,MTC
0.0,0.0,0.0,0.00220893,0.0723733,0.18547,6.46161E-8,1.60442E-7,0.0,CDRIA-2035-h,1500Mt-CostDecrease,IL,DAC,DAC,DAC_solvent (oxy CCS),missing,missing,missing,missing,missing,missing,missing,MTC
0.0,0.0,0.0,0.0963652,0.131801,0.143138,5.80657E-5,2.01139E-4,0.0,CDRIA-2035-h,1500Mt-CostDecrease,IL,DAC,DAC,DAC_sorbent (oxy CCS),missing,missing,missing,missing,missing,missing,missing,MTC
0.0,0.0,0.0,0.00884936,0.03460055,0.08252298,0.10130043,0.13725857,0.16816681,CDRIA-2035-h,1500Mt-CostDecrease,IL,biorefining,biomass liquids,FT biofuels CCS level 1,missing,missing,missing,missing,missing,missing,missing,MTC
0.0,0.0,0.0,0.00859433,0.032257,0.07641188,0.0937515,0.12667164,0.15958,CDRIA-2035-h,1500Mt-CostDecrease,IL,biorefining,biomass liquids,FT biofuels CCS level 2,missing,missing,missing,missing,missing,missing,missing,MTC
0.0,0.0,0.0,0.00971031,0.04260531,0.1016798,0.12403022000000001,0.16530839,0.1850267,CDRIA-2035-h,1500Mt-CostDecrease,IL,biorefining,biomass liquids,cellulosic ethanol CCS level 1,missing,missing,missing,missing,missing,missing,missing,MTC
0.0,0.0,0.0,0.0218977,0.0792923,0.18421189999999998,0.2246322,0.2994937,0.37674109999999994,CDRIA-2035-h,1500Mt-CostDecrease,IL,biorefining,biomass liquids,cellulosic ethanol CCS level 2,missing,missing,missing,missing,missing,missing,missing,MTC
0.0,0.0,0.0,0.039332,0.211883,0.308143,0.336923,0.369526,0.397159,CDRIA-2035-h,1500Mt-CostDecrease,IL,cement,cement,cement CCS,missing,missing,missing,missing,missing,missing,missing,MTC
0.0,0.0,0.0,0.0,0.0,0.0,0.0,0.00857513,0.04946536,CDRIA-2035-h,1500Mt-CostDecrease,IL,coal to liquids,coal to liquids,coal to liquids CCS level 1,missing,missing,missing,missing,missing,missing,missing,MTC
0.0,0.0,0.0,0.0,0.0,0.0,0.0,0.0122651,0.075925,CDRIA-2035-h,1500Mt-CostDecrease,IL,coal to liquids,coal to liquids,coal to liquids CCS level 2,missing,missing,missing,missing,missing,missing,missing,MTC
2.10142,2.80732,2.21048,2.25494,2.30608,2.33647,2.4372,2.59274,2.82612,CDRIA-2035-h,1500Mt-CostDecrease,IL,industrial feedstocks,refined liquids,refined liquids,missing,missing,missing,missing,missing,missing,missing,MTC
0.0,0.0,0.0,8.62753E-9,3.49151E-8,0.0114719,7.30452E-7,1.69509E-6,1.65133E-8,CDRIA-2035-h,1500Mt-CostDecrease,IL,lime,gas (CCS),lime,missing,missing,missing,missing,missing,missing,missing,MTC
0.0,0.0,0.0,0.0027123,0.0805709,0.242339,0.0,3.58993E-7,0.0,CDRIA-2035-h,1500Mt-CostDecrease,IN,DAC,DAC,DAC_solvent (oxy CCS),missing,missing,missing,missing,missing,missing,missing,MTC
0.0,0.0,0.0,0.0844752,0.103236,0.138136,0.0,3.56658E-4,0.0,CDRIA-2035-h,1500Mt-CostDecrease,IN,DAC,DAC,DAC_sorbent (oxy CCS),missing,missing,missing,missing,missing,missing,missing,MTC
0.0,0.0,0.0,0.00784655,0.03382751,0.08263305,0.10789904,0.14497202,0.16301774,CDRIA-2035-h,1500Mt-CostDecrease,IN,biorefining,biomass liquids,FT biofuels CCS level 1,missing,missing,missing,missing,missing,missing,missing,MTC
0.0,0.0,0.0,0.00741017,0.03127624,0.07631094,0.10094905,0.13495673,0.15292876,CDRIA-2035-h,1500Mt-CostDecrease,IN,biorefining,biomass liquids,FT biofuels CCS level 2,missing,missing,missing,missing,missing,missing,missing,MTC
0.0,0.0,0.0,0.0094087,0.04263138,0.10251633,0.12783463,0.17013778000000002,0.1842665,CDRIA-2035-h,1500Mt-CostDecrease,IN,biorefining,biomass liquids,cellulosic ethanol CCS level 1,missing,missing,missing,missing,missing,missing,missing,MTC
0.0,0.0,0.0,0.0186397,0.0765196,0.1835968,0.24234139999999998,0.3197511,0.3606951,CDRIA-2035-h,1500Mt-CostDecrease,IN,biorefining,biomass liquids,cellulosic ethanol CCS level 2,missing,missing,missing,missing,missing,missing,missing,MTC
0.0,0.0,0.0,0.0226797,0.118389,0.170038,0.185184,0.202429,0.216597,CDRIA-2035-h,1500Mt-CostDecrease,IN,cement,cement,cement CCS,missing,missing,missing,missing,missing,missing,missing,MTC
0.0,0.0,0.0,0.0,0.0,0.0,0.0,0.00503032,0.02915396,CDRIA-2035-h,1500Mt-CostDecrease,IN,coal to liquids,coal to liquids,coal to liquids CCS level 1,missing,missing,missing,missing,missing,missing,missing,MTC
0.0,0.0,0.0,0.0,0.0,0.0,0.0,0.00711287,0.04418575,CDRIA-2035-h,1500Mt-CostDecrease,IN,coal to liquids,coal to liquids,coal to liquids CCS level 2,missing,missing,missing,missing,missing,missing,missing,MTC
2.15508,1.88267,1.45201,1.50511,1.52553,1.52499,1.58237,1.67585,1.81658,CDRIA-2035-h,1500Mt-CostDecrease,IN,industrial feedstocks,refined liquids,refined liquids,missing,missing,missing,missing,missing,missing,missing,MTC
0.0,0.0,0.0,1.18163E-8,4.6614E-8,0.0148114,9.47699E-7,2.16503E-6,1.89432E-7,CDRIA-2035-h,1500Mt-CostDecrease,IN,lime,gas (CCS),lime,missing,missing,missing,missing,missing,missing,missing,MTC
0.0,0.0,0.0,0.00213891,0.0536571,0.151947,1.07291E-7,2.65728E-7,2.02362E-6,CDRIA-2035-h,1500Mt-CostDecrease,IA,DAC,DAC,DAC_solvent (oxy CCS),missing,missing,missing,missing,missing,missing,missing,MTC
0.0,0.0,0.0,0.0485384,0.054403,0.0711102,4.73481E-5,1.4056E-4,0.00160383,CDRIA-2035-h,1500Mt-CostDecrease,IA,DAC,DAC,DAC_sorbent (oxy CCS),missing,missing,missing,missing,missing,missing,missing,MTC
0.0,0.0,0.0,0.010336,0.0427103,0.11007330000000001,0.1602738,0.23003706,0.30311256,CDRIA-2035-h,1500Mt-CostDecrease,IA,N fertilizer,gas,gas CCS,missing,missing,missing,missing,missing,missing,missing,MTC
0.0,0.0,0.0,0.00653638,0.03185416,0.07933152,0.09804077000000001,0.13409789,0.14390518,CDRIA-2035-h,1500Mt-CostDecrease,IA,biorefining,biomass liquids,FT biofuels CCS level 1,missing,missing,missing,missing,missing,missing,missing,MTC
0.0,0.0,0.0,0.00591191,0.02898939,0.07245819,0.08962945,0.12244853,0.13121874,CDRIA-2035-h,1500Mt-CostDecrease,IA,biorefining,biomass liquids,FT biofuels CCS level 2,missing,missing,missing,missing,missing,missing,missing,MTC
0.0,0.0,0.0,0.00898814,0.042166840000000004,0.10187651,0.12458178,0.16675327,0.17744523,CDRIA-2035-h,1500Mt-CostDecrease,IA,biorefining,biomass liquids,cellulosic ethanol CCS level 1,missing,missing,missing,missing,missing,missing,missing,MTC
0.0,0.0,0.0,0.0145791,0.0703545,0.17336580000000001,0.213298,0.2877853,0.3067476,CDRIA-2035-h,1500Mt-CostDecrease,IA,biorefining,biomass liquids,cellulosic ethanol CCS level 2,missing,missing,missing,missing,missing,missing,missing,MTC
0.0,0.0,0.0,0.0128281,0.076303,0.113491,0.123881,0.13546,0.144886,CDRIA-2035-h,1500Mt-CostDecrease,IA,cement,cement,cement CCS,missing,missing,missing,missing,missing,missing,missing,MTC
0.387237,0.927102,0.588536,0.605289,0.613958,0.615443,0.638102,0.667641,0.717232,CDRIA-2035-h,1500Mt-CostDecrease,IA,industrial feedstocks,refined liquids,refined liquids,missing,missing,missing,missing,missing,missing,missing,MTC
0.0,0.0,0.0,9.14859E-10,3.18263E-9,9.77203E-4,5.85323E-8,1.34391E-7,0.0,CDRIA-2035-h,1500Mt-CostDecrease,IA,lime,gas (CCS),lime,missing,missing,missing,missing,missing,missing,missing,MTC
0.0,0.0,0.0,0.00163642,0.0458843,0.130286,5.90996E-8,1.471E-7,0.0,CDRIA-2035-h,1500Mt-CostDecrease,KS,DAC,DAC,DAC_solvent (oxy CCS),missing,missing,missing,missing,missing,missing,missing,MTC
0.0,0.0,0.0,0.0381541,0.0397793,0.047227,3.81133E-5,1.18331E-4,0.0,CDRIA-2035-h,1500Mt-CostDecrease,KS,DAC,DAC,DAC_sorbent (oxy CCS),missing,missing,missing,missing,missing,missing,missing,MTC
0.0,0.0,0.0,0.00668293,0.03259844,0.08139841,0.10065051,0.13784379,3.89047339,CDRIA-2035-h,1500Mt-CostDecrease,KS,biorefining,biomass liquids,FT biofuels CCS level 1,missing,missing,missing,missing,missing,missing,missing,MTC
0.0,0.0,0.0,0.0060729,0.029805830000000002,0.07469618,0.09244936999999999,0.12646578,5.28257525,CDRIA-2035-h,1500Mt-CostDecrease,KS,biorefining,biomass liquids,FT biofuels CCS level 2,missing,missing,missing,missing,missing,missing,missing,MTC
0.0,0.0,0.0,0.00905389,0.04251686,0.1029844,0.12600150999999998,0.16884749999999998,1.2794119300000002,CDRIA-2035-h,1500Mt-CostDecrease,KS,biorefining,biomass liquids,cellulosic ethanol CCS level 1,missing,missing,missing,missing,missing,missing,missing,MTC
0.0,0.0,0.0,0.0150084,0.0724871,0.1790805,0.2204465,0.2977981,13.7159458,CDRIA-2035-h,1500Mt-CostDecrease,KS,biorefining,biomass liquids,cellulosic ethanol CCS level 2,missing,missing,missing,missing,missing,missing,missing,MTC
0.0,0.0,0.0,0.0111847,0.0655946,0.0961716,0.105094,0.11473,0.122973,CDRIA-2035-h,1500Mt-CostDecrease,KS,cement,cement,cement CCS,missing,missing,missing,missing,missing,missing,missing,MTC
0.976468,0.667145,0.628941,0.647462,0.660064,0.665994,0.690945,0.717203,0.767165,CDRIA-2035-h,1500Mt-CostDecrease,KS,industrial feedstocks,refined liquids,refined liquids,missing,missing,missing,missing,missing,missing,missing,MTC
0.0,0.0,0.0,2.03571E-10,6.35708E-10,2.04431E-4,4.10718E-9,2.14387E-8,0.0,CDRIA-2035-h,1500Mt-CostDecrease,KS,lime,gas (CCS),lime,missing,missing,missing,missing,missing,missing,missing,MTC
0.0,0.0,0.0,0.00168652,0.0500994,0.150687,1.35324E-7,2.52208E-7,0.0,CDRIA-2035-h,1500Mt-CostDecrease,KY,DAC,DAC,DAC_solvent (oxy CCS),missing,missing,missing,missing,missing,missing,missing,MTC
0.0,0.0,0.0,0.0525271,0.0641923,0.0858939,9.00524E-5,2.50568E-4,0.0,CDRIA-2035-h,1500Mt-CostDecrease,KY,DAC,DAC,DAC_sorbent (oxy CCS),missing,missing,missing,missing,missing,missing,missing,MTC
0.0,0.0,0.0,0.00671896,0.03270056,0.08150825,0.10070984,0.13782721,0.16000835000000002,CDRIA-2035-h,1500Mt-CostDecrease,KY,biorefining,biomass liquids,FT biofuels CCS level 1,missing,missing,missing,missing,missing,missing,missing,MTC
0.0,0.0,0.0,0.00612451,0.02999133,0.07502846,0.09279072000000001,0.12684915,0.14954494,CDRIA-2035-h,1500Mt-CostDecrease,KY,biorefining,biomass liquids,FT biofuels CCS level 2,missing,missing,missing,missing,missing,missing,missing,MTC
0.0,0.0,0.0,0.00901407,0.042236970000000006,0.10212268,0.12485293,0.16717187,0.18313086,CDRIA-2035-h,1500Mt-CostDecrease,KY,biorefining,biomass liquids,cellulosic ethanol CCS level 1,missing,missing,missing,missing,missing,missing,missing,MTC
0.0,0.0,0.0,0.0151574,0.0730394,0.1801231,0.22156389999999998,0.2991101,0.35152520000000004,CDRIA-2035-h,1500Mt-CostDecrease,KY,biorefining,biomass liquids,cellulosic ethanol CCS level 2,missing,missing,missing,missing,missing,missing,missing,MTC
0.0,0.0,0.0,0.0101772,0.0535343,0.0768971,0.0840421,0.0919681,0.0986058,CDRIA-2035-h,1500Mt-CostDecrease,KY,cement,cement,cement CCS,missing,missing,missing,missing,missing,missing,missing,MTC
0.0,0.0,0.0,0.0,0.0,0.0,0.0,0.00715838,0.0414875,CDRIA-2035-h,1500Mt-CostDecrease,KY,coal to liquids,coal to liquids,coal to liquids CCS level 1,missing,missing,missing,missing,missing,missing,missing,MTC
0.0,0.0,0.0,0.0,0.0,0.0,0.0,0.010122,0.0628783,CDRIA-2035-h,1500Mt-CostDecrease,KY,coal to liquids,coal to liquids,coal to liquids CCS level 2,missing,missing,missing,missing,missing,missing,missing,MTC
0.764031,1.12514,1.05801,1.08664,1.1143,1.12027,1.16122,1.22939,1.32892,CDRIA-2035-h,1500Mt-CostDecrease,KY,industrial feedstocks,refined liquids,refined liquids,missing,missing,missing,missing,missing,missing,missing,MTC
0.0,0.0,0.0,2.31448E-9,7.31441E-9,0.00253152,1.41129E-7,4.04341E-7,2.63981E-7,CDRIA-2035-h,1500Mt-CostDecrease,KY,lime,gas (CCS),lime,missing,missing,missing,missing,missing,missing,missing,MTC
0.0,0.0,0.0,0.00392567,0.0923926,0.211654,0.0,5.71009E-7,0.0,CDRIA-2035-h,1500Mt-CostDecrease,LA,DAC,DAC,DAC_solvent (oxy CCS),missing,missing,missing,missing,missing,missing,missing,MTC
0.0,0.0,0.0,0.0874362,0.101467,0.100202,0.0,3.04658E-4,0.0,CDRIA-2035-h,1500Mt-CostDecrease,LA,DAC,DAC,DAC_sorbent (oxy CCS),missing,missing,missing,missing,missing,missing,missing,MTC
0.0,0.0,0.0,0.0524481,0.2192132,0.5640054999999999,0.8170245999999999,1.1663548,1.5288188,CDRIA-2035-h,1500Mt-CostDecrease,LA,N fertilizer,gas,gas CCS,missing,missing,missing,missing,missing,missing,missing,MTC
0.0,0.0,0.0,0.00819274,0.03369958,0.08165958000000001,0.10340202999999999,0.13989818999999998,0.15243397000000003,CDRIA-2035-h,1500Mt-CostDecrease,LA,biorefining,biomass liquids,FT biofuels CCS level 1,missing,missing,missing,missing,missing,missing,missing,MTC
0.0,0.0,0.0,0.00780354,0.03110272,0.07510874000000001,0.0956867,0.12896645,0.14070354000000002,CDRIA-2035-h,1500Mt-CostDecrease,LA,biorefining,biomass liquids,FT biofuels CCS level 2,missing,missing,missing,missing,missing,missing,missing,MTC
0.0,0.0,0.0,0.00956106,0.04276314,0.10266771999999999,0.12661202,0.16904532,0.18091944999999998,CDRIA-2035-h,1500Mt-CostDecrease,LA,biorefining,biomass liquids,cellulosic ethanol CCS level 1,missing,missing,missing,missing,missing,missing,missing,MTC
0.0,0.0,0.0,0.0197064,0.0760704,0.1804508,0.2289132,0.3044828,0.3304232,CDRIA-2035-h,1500Mt-CostDecrease,LA,biorefining,biomass liquids,cellulosic ethanol CCS level 2,missing,missing,missing,missing,missing,missing,missing,MTC
0.0,0.0,0.0,0.0102449,0.0575545,0.0852746,0.0932185,0.102298,0.11006,CDRIA-2035-h,1500Mt-CostDecrease,LA,cement,cement,cement CCS,missing,missing,missing,missing,missing,missing,missing,MTC
0.0,0.0,0.0,0.0,0.0,0.0,0.0,1.48453E-4,8.58961E-4,CDRIA-2035-h,1500Mt-CostDecrease,LA,coal to liquids,coal to liquids,coal to liquids CCS level 1,missing,missing,missing,missing,missing,missing,missing,MTC
0.0,0.0,0.0,0.0,0.0,0.0,0.0,2.02126E-4,0.001249056,CDRIA-2035-h,1500Mt-CostDecrease,LA,coal to liquids,coal to liquids,coal to liquids CCS level 2,missing,missing,missing,missing,missing,missing,missing,MTC
14.0534,27.0174,19.5537,20.2208,21.6551,23.0708,24.102,25.1627,26.672,CDRIA-2035-h,1500Mt-CostDecrease,LA,industrial feedstocks,refined liquids,refined liquids,missing,missing,missing,missing,missing,missing,missing,MTC
0.0,0.0,0.0,5.93617E-9,2.68824E-8,0.012763,1.38588E-7,1.69383E-6,2.7715E-10,CDRIA-2035-h,1500Mt-CostDecrease,LA,lime,gas (CCS),lime,missing,missing,missing,missing,missing,missing,missing,MTC
0.0,0.0,0.0,1.71262E-4,0.0033825,0.0089961,5.81812E-9,0.0,1.7762E-7,CDRIA-2035-h,1500Mt-CostDecrease,ME,DAC,DAC,DAC_solvent (oxy CCS),missing,missing,missing,missing,missing,missing,missing,MTC
0.0,0.0,0.0,0.00625127,0.00962511,0.0117391,1.70945E-6,0.0,5.33316E-5,CDRIA-2035-h,1500Mt-CostDecrease,ME,DAC,DAC,DAC_sorbent (oxy CCS),missing,missing,missing,missing,missing,missing,missing,MTC
0.0,0.0,0.0,0.005829,0.02816486,0.06937349000000001,0.08530836,0.12233915999999999,0.12987095,CDRIA-2035-h,1500Mt-CostDecrease,ME,biorefining,biomass liquids,FT biofuels CCS level 1,missing,missing,missing,missing,missing,missing,missing,MTC
0.0,0.0,0.0,0.0051605,0.025080329999999998,0.06194153,0.07620219,0.11045855999999998,0.11687049000000001,CDRIA-2035-h,1500Mt-CostDecrease,ME,biorefining,biomass liquids,FT biofuels CCS level 2,missing,missing,missing,missing,missing,missing,missing,MTC
0.0,0.0,0.0,0.00857813,0.0399428,0.09572781,0.11666918,0.1578172,0.16705198000000002,CDRIA-2035-h,1500Mt-CostDecrease,ME,biorefining,biomass liquids,cellulosic ethanol CCS level 1,missing,missing,missing,missing,missing,missing,missing,MTC
0.0,0.0,0.0,0.0126018,0.0602817,0.1467706,0.1795914,0.25785579999999997,0.2705573,CDRIA-2035-h,1500Mt-CostDecrease,ME,biorefining,biomass liquids,cellulosic ethanol CCS level 2,missing,missing,missing,missing,missing,missing,missing,MTC
0.162611,0.110454,0.360051,0.373756,0.388637,0.404194,0.41926,0.425725,0.438763,CDRIA-2035-h,1500Mt-CostDecrease,ME,industrial feedstocks,refined liquids,refined liquids,missing,missing,missing,missing,missing,missing,missing,MTC
0.0,0.0,0.0,2.89731E-10,1.26286E-9,9.39457E-4,7.31294E-8,1.61442E-7,1.12538E-6,CDRIA-2035-h,1500Mt-CostDecrease,ME,lime,gas (CCS),lime,missing,missing,missing,missing,missing,missing,missing,MTC
0.0,0.0,0.0,7.21239E-4,0.0194934,0.0497231,8.81141E-9,1.9487E-8,1.46558E-7,CDRIA-2035-h,1500Mt-CostDecrease,MD,DAC,DAC,DAC_solvent (oxy CCS),missing,missing,missing,missing,missing,missing,missing,MTC
0.0,0.0,0.0,0.0252228,0.0342813,0.0368704,5.13549E-6,1.61165E-5,2.14727E-4,CDRIA-2035-h,1500Mt-CostDecrease,MD,DAC,DAC,DAC_sorbent (oxy CCS),missing,missing,missing,missing,missing,missing,missing,MTC
0.0,0.0,0.0,0.00654793,0.0318041,0.07919453,0.09778348,0.13353928,0.14318071,CDRIA-2035-h,1500Mt-CostDecrease,MD,biorefining,biomass liquids,FT biofuels CCS level 1,missing,missing,missing,missing,missing,missing,missing,MTC
0.0,0.0,0.0,0.00594165,0.029037840000000002,0.07257035,0.08968806,0.12234186,0.13099301,CDRIA-2035-h,1500Mt-CostDecrease,MD,biorefining,biomass liquids,FT biofuels CCS level 2,missing,missing,missing,missing,missing,missing,missing,MTC
0.0,0.0,0.0,0.00891162,0.04167067,0.10065298,0.12297630000000001,0.16435497,0.17474926999999998,CDRIA-2035-h,1500Mt-CostDecrease,MD,biorefining,biomass liquids,cellulosic ethanol CCS level 1,missing,missing,missing,missing,missing,missing,missing,MTC
0.0,0.0,0.0,0.0146744,0.0705756,0.1738826,0.2137444,0.2879544,0.30668860000000003,CDRIA-2035-h,1500Mt-CostDecrease,MD,biorefining,biomass liquids,cellulosic ethanol CCS level 2,missing,missing,missing,missing,missing,missing,missing,MTC
0.0,0.0,0.0,0.0161893,0.0845616,0.124126,0.135039,0.147715,0.157962,CDRIA-2035-h,1500Mt-CostDecrease,MD,cement,cement,cement CCS,missing,missing,missing,missing,missing,missing,missing,MTC
0.0,0.0,0.0,0.0,0.0,0.0,0.0,2.40283E-4,0.001390003,CDRIA-2035-h,1500Mt-CostDecrease,MD,coal to liquids,coal to liquids,coal to liquids CCS level 1,missing,missing,missing,missing,missing,missing,missing,MTC
0.0,0.0,0.0,0.0,0.0,0.0,0.0,3.29464E-4,0.002036473,CDRIA-2035-h,1500Mt-CostDecrease,MD,coal to liquids,coal to liquids,coal to liquids CCS level 2,missing,missing,missing,missing,missing,missing,missing,MTC
1.26204,0.864266,1.11259,1.15077,1.18663,1.22943,1.28387,1.34601,1.43527,CDRIA-2035-h,1500Mt-CostDecrease,MD,industrial feedstocks,refined liquids,refined liquids,missing,missing,missing,missing,missing,missing,missing,MTC
0.0,0.0,0.0,1.46771E-8,5.95403E-8,0.0177288,8.4782E-7,1.80428E-6,4.53095E-6,CDRIA-2035-h,1500Mt-CostDecrease,MD,lime,gas (CCS),lime,missing,missing,missing,missing,missing,missing,missing,MTC
0.0,0.0,0.0,7.11273E-4,0.0140479,0.0373617,5.72865E-8,1.87299E-7,2.36694E-6,CDRIA-2035-h,1500Mt-CostDecrease,MA,DAC,DAC,DAC_solvent (oxy CCS),missing,missing,missing,missing,missing,missing,missing,MTC
0.0,0.0,0.0,0.0259622,0.0399742,0.0487535,1.68316E-5,5.52962E-5,7.10691E-4,CDRIA-2035-h,1500Mt-CostDecrease,MA,DAC,DAC,DAC_sorbent (oxy CCS),missing,missing,missing,missing,missing,missing,missing,MTC
0.0,0.0,0.0,0.005829,0.02816486,0.06937349000000001,0.08530836,0.11497475999999998,0.12251075000000002,CDRIA-2035-h,1500Mt-CostDecrease,MA,biorefining,biomass liquids,FT biofuels CCS level 1,missing,missing,missing,missing,missing,missing,missing,MTC
0.0,0.0,0.0,0.0051605,0.025080329999999998,0.06194153,0.07620219,0.10242984999999999,0.10884889000000002,CDRIA-2035-h,1500Mt-CostDecrease,MA,biorefining,biomass liquids,FT biofuels CCS level 2,missing,missing,missing,missing,missing,missing,missing,MTC
0.0,0.0,0.0,0.00857813,0.0399428,0.09572781,0.11666918,0.1546985,0.16393508,CDRIA-2035-h,1500Mt-CostDecrease,MA,biorefining,biomass liquids,cellulosic ethanol CCS level 1,missing,missing,missing,missing,missing,missing,missing,MTC
0.0,0.0,0.0,0.0126018,0.0602817,0.1467706,0.1795914,0.23843599999999998,0.25119090000000005,CDRIA-2035-h,1500Mt-CostDecrease,MA,biorefining,biomass liquids,cellulosic ethanol CCS level 2,missing,missing,missing,missing,missing,missing,missing,MTC
0.0,0.0,0.0,0.00691146,0.0454837,0.0760358,0.0850564,0.0961471,0.105027,CDRIA-2035-h,1500Mt-CostDecrease,MA,cement,cement,cement CCS,missing,missing,missing,missing,missing,missing,missing,MTC
0.337338,0.381869,0.998136,1.05101,1.10019,1.13939,1.20015,1.27032,1.37031,CDRIA-2035-h,1500Mt-CostDecrease,MA,industrial feedstocks,refined liquids,refined liquids,missing,missing,missing,missing,missing,missing,missing,MTC
0.0,0.0,0.0,9.89792E-10,4.4835E-9,0.00303988,2.84597E-7,7.86027E-7,6.22581E-6,CDRIA-2035-h,1500Mt-CostDecrease,MA,lime,gas (CCS),lime,missing,missing,missing,missing,missing,missing,missing,MTC
0.0,0.0,0.0,0.00219702,0.065264,0.1963,1.24841E-7,2.31427E-7,1.1728E-6,CDRIA-2035-h,1500Mt-CostDecrease,MI,DAC,DAC,DAC_solvent (oxy CCS),missing,missing,missing,missing,missing,missing,missing,MTC
0.0,0.0,0.0,0.0684267,0.0836228,0.111893,8.30766E-5,2.29922E-4,0.00223275,CDRIA-2035-h,1500Mt-CostDecrease,MI,DAC,DAC,DAC_sorbent (oxy CCS),missing,missing,missing,missing,missing,missing,missing,MTC
0.0,0.0,0.0,0.00671896,0.03270056,0.08150825,0.10070984,0.13782721,0.14791405000000002,CDRIA-2035-h,1500Mt-CostDecrease,MI,biorefining,biomass liquids,FT biofuels CCS level 1,missing,missing,missing,missing,missing,missing,missing,MTC
0.0,0.0,0.0,0.00612451,0.02999133,0.07502846,0.09279072000000001,0.12684915,0.13594857999999999,CDRIA-2035-h,1500Mt-CostDecrease,MI,biorefining,biomass liquids,FT biofuels CCS level 2,missing,missing,missing,missing,missing,missing,missing,MTC
0.0,0.0,0.0,0.00901407,0.042236970000000006,0.10212268,0.12485293,0.16717187,0.17787534000000002,CDRIA-2035-h,1500Mt-CostDecrease,MI,biorefining,biomass liquids,cellulosic ethanol CCS level 1,missing,missing,missing,missing,missing,missing,missing,MTC
0.0,0.0,0.0,0.0151574,0.0730394,0.1801231,0.22156389999999998,0.2991101,0.3188755,CDRIA-2035-h,1500Mt-CostDecrease,MI,biorefining,biomass liquids,cellulosic ethanol CCS level 2,missing,missing,missing,missing,missing,missing,missing,MTC
0.0,0.0,0.0,0.0250601,0.131523,0.188987,0.205936,0.225254,0.241164,CDRIA-2035-h,1500Mt-CostDecrease,MI,cement,cement,cement CCS,missing,missing,missing,missing,missing,missing,missing,MTC
0.995417,1.75853,1.64997,1.7116,1.75538,1.78182,1.85215,1.95011,2.09995,CDRIA-2035-h,1500Mt-CostDecrease,MI,industrial feedstocks,refined liquids,refined liquids,missing,missing,missing,missing,missing,missing,missing,MTC
0.0,0.0,0.0,1.05884E-9,3.67479E-9,0.00113257,7.35022E-8,1.6407E-7,1.31593E-7,CDRIA-2035-h,1500Mt-CostDecrease,MI,lime,gas (CCS),lime,missing,missing,missing,missing,missing,missing,missing,MTC
0.0,0.0,0.0,0.00199332,0.0500049,0.141604,1.02991E-7,2.56451E-7,0.0,CDRIA-2035-h,1500Mt-CostDecrease,MN,DAC,DAC,DAC_solvent (oxy CCS),missing,missing,missing,missing,missing,missing,missing,MTC
0.0,0.0,0.0,0.0452346,0.0507,0.06627,4.54505E-5,1.35653E-4,0.0,CDRIA-2035-h,1500Mt-CostDecrease,MN,DAC,DAC,DAC_sorbent (oxy CCS),missing,missing,missing,missing,missing,missing,missing,MTC
0.0,0.0,0.0,0.00645456,0.03135528,0.0779328,0.09620804,0.13114904,0.14493568,CDRIA-2035-h,1500Mt-CostDecrease,MN,biorefining,biomass liquids,FT biofuels CCS level 1,missing,missing,missing,missing,missing,missing,missing,MTC
0.0,0.0,0.0,0.0058379,0.02853513,0.07118015999999999,0.08795306,0.11975612999999999,0.13300231,CDRIA-2035-h,1500Mt-CostDecrease,MN,biorefining,biomass liquids,FT biofuels CCS level 2,missing,missing,missing,missing,missing,missing,missing,MTC
0.0,0.0,0.0,0.00887562,0.04150768,0.10008577,0.12226410000000001,0.16312858,0.17516856,CDRIA-2035-h,1500Mt-CostDecrease,MN,biorefining,biomass liquids,cellulosic ethanol CCS level 1,missing,missing,missing,missing,missing,missing,missing,MTC
0.0,0.0,0.0,0.0143966,0.0692532,0.1703113,0.20931699999999998,0.28149749999999996,0.3112161,CDRIA-2035-h,1500Mt-CostDecrease,MN,biorefining,biomass liquids,cellulosic ethanol CCS level 2,missing,missing,missing,missing,missing,missing,missing,MTC
0.0,0.0,0.0,0.0149653,0.0897018,0.133834,0.146517,0.160746,0.172455,CDRIA-2035-h,1500Mt-CostDecrease,MN,cement,cement,cement CCS,missing,missing,missing,missing,missing,missing,missing,MTC
1.52195,2.15623,2.06183,2.16084,2.23472,2.2829,2.37689,2.48203,2.64526,CDRIA-2035-h,1500Mt-CostDecrease,MN,industrial feedstocks,refined liquids,refined liquids,missing,missing,missing,missing,missing,missing,missing,MTC
0.0,0.0,0.0,0.0,0.0,9.83069E-6,6.24946E-10,1.34288E-9,0.0,CDRIA-2035-h,1500Mt-CostDecrease,MN,lime,gas (CCS),lime,missing,missing,missing,missing,missing,missing,missing,MTC
0.0,0.0,0.0,0.00135477,0.0318851,0.0730426,9.28993E-8,2.42792E-7,0.0,CDRIA-2035-h,1500Mt-CostDecrease,MS,DAC,DAC,DAC_solvent (oxy CCS),missing,missing,missing,missing,missing,missing,missing,MTC
0.0,0.0,0.0,0.0301746,0.0350166,0.03458,3.74398E-5,1.2954E-4,0.0,CDRIA-2035-h,1500Mt-CostDecrease,MS,DAC,DAC,DAC_sorbent (oxy CCS),missing,missing,missing,missing,missing,missing,missing,MTC
0.0,0.0,0.0,0.00659151,0.03209926,0.08006231,0.09895139,0.1355075,1.38671245,CDRIA-2035-h,1500Mt-CostDecrease,MS,biorefining,biomass liquids,FT biofuels CCS level 1,missing,missing,missing,missing,missing,missing,missing,MTC
0.0,0.0,0.0,0.00597447,0.02927473,0.07328419,0.09065882,0.12400691999999999,1.7823339699999998,CDRIA-2035-h,1500Mt-CostDecrease,MS,biorefining,biomass liquids,FT biofuels CCS level 2,missing,missing,missing,missing,missing,missing,missing,MTC
0.0,0.0,0.0,0.009003,0.0422054,0.10211104,0.12487438,0.16732863,0.58120282,CDRIA-2035-h,1500Mt-CostDecrease,MS,biorefining,biomass liquids,cellulosic ethanol CCS level 1,missing,missing,missing,missing,missing,missing,missing,MTC
0.0,0.0,0.0,0.0147478,0.0711149,0.1755045,0.21594649999999999,0.2917012,4.548686099999999,CDRIA-2035-h,1500Mt-CostDecrease,MS,biorefining,biomass liquids,cellulosic ethanol CCS level 2,missing,missing,missing,missing,missing,missing,missing,MTC
0.0,0.0,0.0,0.00841598,0.0473711,0.069569,0.0758117,0.0827402,0.0885567,CDRIA-2035-h,1500Mt-CostDecrease,MS,cement,cement,cement CCS,missing,missing,missing,missing,missing,missing,missing,MTC
0.0,0.0,0.0,0.0,0.0,0.0,0.0,1.68829E-4,9.768580000000002E-4,CDRIA-2035-h,1500Mt-CostDecrease,MS,coal to liquids,coal to liquids,coal to liquids CCS level 1,missing,missing,missing,missing,missing,missing,missing,MTC
0.0,0.0,0.0,0.0,0.0,0.0,0.0,2.29869E-4,0.001420489,CDRIA-2035-h,1500Mt-CostDecrease,MS,coal to liquids,coal to liquids,coal to liquids CCS level 2,missing,missing,missing,missing,missing,missing,missing,MTC
0.632371,0.966194,0.691074,0.704586,0.720689,0.732749,0.756902,0.780905,0.832263,CDRIA-2035-h,1500Mt-CostDecrease,MS,industrial feedstocks,refined liquids,refined liquids,missing,missing,missing,missing,missing,missing,missing,MTC
0.0,0.0,0.0,3.60304E-9,1.52844E-8,0.00916029,3.76143E-7,1.57419E-6,2.98823E-9,CDRIA-2035-h,1500Mt-CostDecrease,MS,lime,gas (CCS),lime,missing,missing,missing,missing,missing,missing,missing,MTC
0.0,0.0,0.0,0.00134868,0.0441882,0.145906,9.16325E-8,1.93578E-7,0.0,CDRIA-2035-h,1500Mt-CostDecrease,MO,DAC,DAC,DAC_solvent (oxy CCS),missing,missing,missing,missing,missing,missing,missing,MTC
0.0,0.0,0.0,0.0588367,0.0804723,0.112604,8.23433E-5,2.42681E-4,0.0,CDRIA-2035-h,1500Mt-CostDecrease,MO,DAC,DAC,DAC_sorbent (oxy CCS),missing,missing,missing,missing,missing,missing,missing,MTC
0.0,0.0,0.0,0.0253375,0.1038606,0.255624,0.3671564,0.5287638,0.7055229000000001,CDRIA-2035-h,1500Mt-CostDecrease,MO,N fertilizer,gas,gas CCS,missing,missing,missing,missing,missing,missing,missing,MTC
0.0,0.0,0.0,0.00662685,0.0321817,0.08010847000000001,0.09890523999999999,0.13494607,0.15520755,CDRIA-2035-h,1500Mt-CostDecrease,MO,biorefining,biomass liquids,FT biofuels CCS level 1,missing,missing,missing,missing,missing,missing,missing,MTC
0.0,0.0,0.0,0.00603206,0.02947363,0.07363354999999999,0.09099539,0.12401079,0.14457096,CDRIA-2035-h,1500Mt-CostDecrease,MO,biorefining,biomass liquids,FT biofuels CCS level 2,missing,missing,missing,missing,missing,missing,missing,MTC
0.0,0.0,0.0,0.00893021,0.04175426,0.10083033,0.12318759,0.16449468999999997,0.17943900000000002,CDRIA-2035-h,1500Mt-CostDecrease,MO,biorefining,biomass liquids,cellulosic ethanol CCS level 1,missing,missing,missing,missing,missing,missing,missing,MTC
0.0,0.0,0.0,0.014919,0.07173399999999999,0.1766668,0.2171477,0.2922685,0.3395711,CDRIA-2035-h,1500Mt-CostDecrease,MO,biorefining,biomass liquids,cellulosic ethanol CCS level 2,missing,missing,missing,missing,missing,missing,missing,MTC
0.0,0.0,0.0,0.0249217,0.133908,0.194932,0.213196,0.233887,0.251221,CDRIA-2035-h,1500Mt-CostDecrease,MO,cement,cement,cement CCS,missing,missing,missing,missing,missing,missing,missing,MTC
0.0,0.0,0.0,0.0,0.0,0.0,0.0,4.38177E-5,2.527612E-4,CDRIA-2035-h,1500Mt-CostDecrease,MO,coal to liquids,coal to liquids,coal to liquids CCS level 1,missing,missing,missing,missing,missing,missing,missing,MTC
0.0,0.0,0.0,0.0,0.0,0.0,0.0,6.26729E-5,3.879663E-4,CDRIA-2035-h,1500Mt-CostDecrease,MO,coal to liquids,coal to liquids,coal to liquids CCS level 2,missing,missing,missing,missing,missing,missing,missing,MTC
1.12586,1.66526,0.891239,0.921001,0.94613,0.957977,0.99723,1.06048,1.15332,CDRIA-2035-h,1500Mt-CostDecrease,MO,industrial feedstocks,refined liquids,refined liquids,missing,missing,missing,missing,missing,missing,missing,MTC
0.0,0.0,0.0,7.10524E-10,2.3103E-9,8.67589E-4,2.74728E-8,1.12418E-7,2.46798E-9,CDRIA-2035-h,1500Mt-CostDecrease,MO,lime,gas (CCS),lime,missing,missing,missing,missing,missing,missing,missing,MTC
0.0,0.0,0.0,6.00685E-4,0.0176398,0.0547298,2.35148E-8,5.76532E-8,0.0,CDRIA-2035-h,1500Mt-CostDecrease,MT,DAC,DAC,DAC_solvent (oxy CCS),missing,missing,missing,missing,missing,missing,missing,MTC
0.0,0.0,0.0,0.0172447,0.0202075,0.0242012,1.81496E-5,5.67586E-5,0.0,CDRIA-2035-h,1500Mt-CostDecrease,MT,DAC,DAC,DAC_sorbent (oxy CCS),missing,missing,missing,missing,missing,missing,missing,MTC
0.0,0.0,0.0,0.00661377,0.03221791,0.08042691,0.0994137,0.1359765,2.80367255,CDRIA-2035-h,1500Mt-CostDecrease,MT,biorefining,biomass liquids,FT biofuels CCS level 1,missing,missing,missing,missing,missing,missing,missing,MTC
0.0,0.0,0.0,0.00600414,0.0294282,0.07372698999999999,0.09121517000000001,0.12460999000000002,3.75252573,CDRIA-2035-h,1500Mt-CostDecrease,MT,biorefining,biomass liquids,FT biofuels CCS level 2,missing,missing,missing,missing,missing,missing,missing,MTC
0.0,0.0,0.0,0.00898816,0.04215547,0.10209514,0.12487891,0.16717759000000001,0.98226289,CDRIA-2035-h,1500Mt-CostDecrease,MT,biorefining,biomass liquids,cellulosic ethanol CCS level 1,missing,missing,missing,missing,missing,missing,missing,MTC
0.0,0.0,0.0,0.0148318,0.0715368,0.1766769,0.217406,0.2933033,9.697797,CDRIA-2035-h,1500Mt-CostDecrease,MT,biorefining,biomass liquids,cellulosic ethanol CCS level 2,missing,missing,missing,missing,missing,missing,missing,MTC
0.0,0.0,0.0,0.0,0.0,0.0,0.0,0.00414861,0.02390441,CDRIA-2035-h,1500Mt-CostDecrease,MT,coal to liquids,coal to liquids,coal to liquids CCS level 1,missing,missing,missing,missing,missing,missing,missing,MTC
0.0,0.0,0.0,0.0,0.0,0.0,0.0,0.00579271,0.0357181,CDRIA-2035-h,1500Mt-CostDecrease,MT,coal to liquids,coal to liquids,coal to liquids CCS level 2,missing,missing,missing,missing,missing,missing,missing,MTC
0.374781,0.211727,0.692146,0.71943,0.744472,0.763427,0.792168,0.827891,0.881762,CDRIA-2035-h,1500Mt-CostDecrease,MT,industrial feedstocks,refined liquids,refined liquids,missing,missing,missing,missing,missing,missing,missing,MTC
0.0,0.0,0.0,1.59082E-9,5.49968E-9,0.00188457,4.01747E-8,8.75456E-8,8.1559E-8,CDRIA-2035-h,1500Mt-CostDecrease,MT,lime,gas (CCS),lime,missing,missing,missing,missing,missing,missing,missing,MTC
0.0,0.0,0.0,0.00150475,0.0377485,0.106896,1.52611E-7,4.10119E-7,0.0,CDRIA-2035-h,1500Mt-CostDecrease,NE,DAC,DAC,DAC_solvent (oxy CCS),missing,missing,missing,missing,missing,missing,missing,MTC
0.0,0.0,0.0,0.0341474,0.0382732,0.0500268,6.73481E-5,2.16938E-4,0.0,CDRIA-2035-h,1500Mt-CostDecrease,NE,DAC,DAC,DAC_sorbent (oxy CCS),missing,missing,missing,missing,missing,missing,missing,MTC
0.0,0.0,0.0,0.00653638,0.03185416,0.07933152,0.09804077000000001,0.13409789,0.14764748,CDRIA-2035-h,1500Mt-CostDecrease,NE,biorefining,biomass liquids,FT biofuels CCS level 1,missing,missing,missing,missing,missing,missing,missing,MTC
0.0,0.0,0.0,0.00591191,0.02898939,0.07245819,0.08962945,0.12244853,0.13533821,CDRIA-2035-h,1500Mt-CostDecrease,NE,biorefining,biomass liquids,FT biofuels CCS level 2,missing,missing,missing,missing,missing,missing,missing,MTC
0.0,0.0,0.0,0.00898814,0.042166840000000004,0.10187651,0.12458178,0.16675327,0.17897175,CDRIA-2035-h,1500Mt-CostDecrease,NE,biorefining,biomass liquids,cellulosic ethanol CCS level 1,missing,missing,missing,missing,missing,missing,missing,MTC
0.0,0.0,0.0,0.0145791,0.0703545,0.17336580000000001,0.213298,0.2877853,0.3165773,CDRIA-2035-h,1500Mt-CostDecrease,NE,biorefining,biomass liquids,cellulosic ethanol CCS level 2,missing,missing,missing,missing,missing,missing,missing,MTC
0.0,0.0,0.0,0.00569592,0.0339825,0.0507292,0.0555653,0.0609333,0.0653813,CDRIA-2035-h,1500Mt-CostDecrease,NE,cement,cement,cement CCS,missing,missing,missing,missing,missing,missing,missing,MTC
0.34987,0.35279,0.427069,0.441762,0.450929,0.453301,0.472177,0.497532,0.537006,CDRIA-2035-h,1500Mt-CostDecrease,NE,industrial feedstocks,refined liquids,refined liquids,missing,missing,missing,missing,missing,missing,missing,MTC
0.0,0.0,0.0,0.0,0.0,6.93417E-6,1.91462E-10,7.77579E-10,0.0,CDRIA-2035-h,1500Mt-CostDecrease,NE,lime,gas (CCS),lime,missing,missing,missing,missing,missing,missing,missing,MTC
0.0,0.0,0.0,5.48664E-4,0.0161121,0.0499902,8.92126E-9,1.83931E-8,1.18279E-7,CDRIA-2035-h,1500Mt-CostDecrease,NV,DAC,DAC,DAC_solvent (oxy CCS),missing,missing,missing,missing,missing,missing,missing,MTC
0.0,0.0,0.0,0.0157513,0.0184575,0.0221054,6.88576E-6,1.81077E-5,2.04471E-4,CDRIA-2035-h,1500Mt-CostDecrease,NV,DAC,DAC,DAC_sorbent (oxy CCS),missing,missing,missing,missing,missing,missing,missing,MTC
0.0,0.0,0.0,0.00661377,0.03221791,0.08042691,0.0994137,0.1359765,0.14589595,CDRIA-2035-h,1500Mt-CostDecrease,NV,biorefining,biomass liquids,FT biofuels CCS level 1,missing,missing,missing,missing,missing,missing,missing,MTC
0.0,0.0,0.0,0.00600414,0.0294282,0.07372698999999999,0.09121517000000001,0.12460999000000002,0.1335081,CDRIA-2035-h,1500Mt-CostDecrease,NV,biorefining,biomass liquids,FT biofuels CCS level 2,missing,missing,missing,missing,missing,missing,missing,MTC
0.0,0.0,0.0,0.00898816,0.04215547,0.10209514,0.12487891,0.16717759000000001,0.17789045,CDRIA-2035-h,1500Mt-CostDecrease,NV,biorefining,biomass liquids,cellulosic ethanol CCS level 1,missing,missing,missing,missing,missing,missing,missing,MTC
0.0,0.0,0.0,0.0148318,0.0715368,0.1766769,0.217406,0.2933033,0.3125763,CDRIA-2035-h,1500Mt-CostDecrease,NV,biorefining,biomass liquids,cellulosic ethanol CCS level 2,missing,missing,missing,missing,missing,missing,missing,MTC
0.0,0.0,0.0,0.0179598,0.0995539,0.148745,0.16443,0.181561,0.196622,CDRIA-2035-h,1500Mt-CostDecrease,NV,cement,cement,cement CCS,missing,missing,missing,missing,missing,missing,missing,MTC
0.273006,0.628752,0.650537,0.705872,0.748666,0.77612,0.815975,0.872981,0.953501,CDRIA-2035-h,1500Mt-CostDecrease,NV,industrial feedstocks,refined liquids,refined liquids,missing,missing,missing,missing,missing,missing,missing,MTC
0.0,0.0,0.0,2.77619E-9,7.79817E-9,0.00238335,6.47044E-8,1.19222E-7,2.51584E-8,CDRIA-2035-h,1500Mt-CostDecrease,NV,lime,gas (CCS),lime,missing,missing,missing,missing,missing,missing,missing,MTC
0.0,0.0,0.0,1.54751E-4,0.0030564,0.00812875,1.24638E-8,5.03439E-8,0.0,CDRIA-2035-h,1500Mt-CostDecrease,NH,DAC,DAC,DAC_solvent (oxy CCS),missing,missing,missing,missing,missing,missing,missing,MTC
0.0,0.0,0.0,0.00564858,0.00869716,0.0106072,3.66204E-6,1.4863E-5,0.0,CDRIA-2035-h,1500Mt-CostDecrease,NH,DAC,DAC,DAC_sorbent (oxy CCS),missing,missing,missing,missing,missing,missing,missing,MTC
0.0,0.0,0.0,0.005829,0.02816486,0.06937349000000001,0.08530836,0.11497475999999998,0.1230596,CDRIA-2035-h,1500Mt-CostDecrease,NH,biorefining,biomass liquids,FT biofuels CCS level 1,missing,missing,missing,missing,missing,missing,missing,MTC
0.0,0.0,0.0,0.0051605,0.025080329999999998,0.06194153,0.07620219,0.10242984999999999,0.1094618,CDRIA-2035-h,1500Mt-CostDecrease,NH,biorefining,biomass liquids,FT biofuels CCS level 2,missing,missing,missing,missing,missing,missing,missing,MTC
0.0,0.0,0.0,0.00857813,0.0399428,0.09572781,0.11666918,0.1546985,0.16413971,CDRIA-2035-h,1500Mt-CostDecrease,NH,biorefining,biomass liquids,cellulosic ethanol CCS level 1,missing,missing,missing,missing,missing,missing,missing,MTC
0.0,0.0,0.0,0.0126018,0.0602817,0.1467706,0.1795914,0.23843599999999998,0.253042,CDRIA-2035-h,1500Mt-CostDecrease,NH,biorefining,biomass liquids,cellulosic ethanol CCS level 2,missing,missing,missing,missing,missing,missing,missing,MTC
0.30202,0.302898,0.28619,0.298072,0.309727,0.31908,0.33253,0.347015,0.36874,CDRIA-2035-h,1500Mt-CostDecrease,NH,industrial feedstocks,refined liquids,refined liquids,missing,missing,missing,missing,missing,missing,missing,MTC
0.0,0.0,0.0,0.0,1.285E-10,1.02521E-4,9.04661E-9,2.31843E-8,2.28741E-7,CDRIA-2035-h,1500Mt-CostDecrease,NH,lime,gas (CCS),lime,missing,missing,missing,missing,missing,missing,missing,MTC
0.0,0.0,0.0,0.00123696,0.0334322,0.0852776,1.57164E-8,3.48785E-8,0.0,CDRIA-2035-h,1500Mt-CostDecrease,NJ,DAC,DAC,DAC_solvent (oxy CCS),missing,missing,missing,missing,missing,missing,missing,MTC
0.0,0.0,0.0,0.0432584,0.0587941,0.0632346,9.15985E-6,2.88458E-5,0.0,CDRIA-2035-h,1500Mt-CostDecrease,NJ,DAC,DAC,DAC_sorbent (oxy CCS),missing,missing,missing,missing,missing,missing,missing,MTC
0.0,0.0,0.0,0.00654793,0.0318041,0.07919453,0.09778348,0.13353928,2.05268512,CDRIA-2035-h,1500Mt-CostDecrease,NJ,biorefining,biomass liquids,FT biofuels CCS level 1,missing,missing,missing,missing,missing,missing,missing,MTC
0.0,0.0,0.0,0.00594165,0.029037840000000002,0.07257035,0.08968806,0.12234186,2.70500584,CDRIA-2035-h,1500Mt-CostDecrease,NJ,biorefining,biomass liquids,FT biofuels CCS level 2,missing,missing,missing,missing,missing,missing,missing,MTC
0.0,0.0,0.0,0.00891162,0.04167067,0.10065298,0.12297630000000001,0.16435497,0.77008311,CDRIA-2035-h,1500Mt-CostDecrease,NJ,biorefining,biomass liquids,cellulosic ethanol CCS level 1,missing,missing,missing,missing,missing,missing,missing,MTC
0.0,0.0,0.0,0.0146744,0.0705756,0.1738826,0.2137444,0.2879544,6.956277399999999,CDRIA-2035-h,1500Mt-CostDecrease,NJ,biorefining,biomass liquids,cellulosic ethanol CCS level 2,missing,missing,missing,missing,missing,missing,missing,MTC
0.0,0.0,0.0,0.0212321,0.112559,0.167548,0.184615,0.204846,0.222038,CDRIA-2035-h,1500Mt-CostDecrease,NJ,cement,cement,cement CCS,missing,missing,missing,missing,missing,missing,missing,MTC
0.903591,1.48436,1.39807,1.45044,1.50863,1.56486,1.64216,1.73782,1.87204,CDRIA-2035-h,1500Mt-CostDecrease,NJ,industrial feedstocks,refined liquids,refined liquids,missing,missing,missing,missing,missing,missing,missing,MTC
0.0,0.0,0.0,2.84183E-9,1.43079E-8,0.0057061,3.60906E-7,9.37626E-7,3.48845E-6,CDRIA-2035-h,1500Mt-CostDecrease,NJ,lime,gas (CCS),lime,missing,missing,missing,missing,missing,missing,missing,MTC
0.0,0.0,0.0,0.00108243,0.0316545,0.0894553,3.28087E-8,6.12085E-8,2.58889E-7,CDRIA-2035-h,1500Mt-CostDecrease,NM,DAC,DAC,DAC_solvent (oxy CCS),missing,missing,missing,missing,missing,missing,missing,MTC
0.0,0.0,0.0,0.026478,0.0276732,0.0333709,2.31227E-5,6.47249E-5,5.84838E-4,CDRIA-2035-h,1500Mt-CostDecrease,NM,DAC,DAC,DAC_sorbent (oxy CCS),missing,missing,missing,missing,missing,missing,missing,MTC
0.0,0.0,0.0,0.00676948,0.03301895,0.08245764,0.10196250000000001,0.13980503,0.15018144999999997,CDRIA-2035-h,1500Mt-CostDecrease,NM,biorefining,biomass liquids,FT biofuels CCS level 1,missing,missing,missing,missing,missing,missing,missing,MTC
0.0,0.0,0.0,0.00617078,0.03028387,0.07590102,0.09394198000000001,0.12865512,0.13800609,CDRIA-2035-h,1500Mt-CostDecrease,NM,biorefining,biomass liquids,FT biofuels CCS level 2,missing,missing,missing,missing,missing,missing,missing,MTC
0.0,0.0,0.0,0.00908083,0.042645590000000004,0.10331477,0.12641225,0.16959965999999999,0.18065762,CDRIA-2035-h,1500Mt-CostDecrease,NM,biorefining,biomass liquids,cellulosic ethanol CCS level 1,missing,missing,missing,missing,missing,missing,missing,MTC
0.0,0.0,0.0,0.0152722,0.0737516,0.1822118,0.22430060000000002,0.30332970000000004,0.32364030000000005,CDRIA-2035-h,1500Mt-CostDecrease,NM,biorefining,biomass liquids,cellulosic ethanol CCS level 2,missing,missing,missing,missing,missing,missing,missing,MTC
0.0,0.0,0.0,0.00584006,0.0323462,0.0471306,0.0517309,0.0567285,0.0610665,CDRIA-2035-h,1500Mt-CostDecrease,NM,cement,cement,cement CCS,missing,missing,missing,missing,missing,missing,missing,MTC
0.0,0.0,0.0,0.0,0.0,0.0,0.0,0.0021748,0.0125188,CDRIA-2035-h,1500Mt-CostDecrease,NM,coal to liquids,coal to liquids,coal to liquids CCS level 1,missing,missing,missing,missing,missing,missing,missing,MTC
0.0,0.0,0.0,0.0,0.0,0.0,0.0,0.00313906,0.01939669,CDRIA-2035-h,1500Mt-CostDecrease,NM,coal to liquids,coal to liquids,coal to liquids CCS level 2,missing,missing,missing,missing,missing,missing,missing,MTC
0.365554,0.522232,0.536396,0.553198,0.566819,0.571959,0.594364,0.624413,0.6769,CDRIA-2035-h,1500Mt-CostDecrease,NM,industrial feedstocks,refined liquids,refined liquids,missing,missing,missing,missing,missing,missing,missing,MTC
0.0,0.0,0.0,1.76352E-10,4.14584E-10,1.08048E-4,2.78335E-9,5.52154E-9,0.0,CDRIA-2035-h,1500Mt-CostDecrease,NM,lime,gas (CCS),lime,missing,missing,missing,missing,missing,missing,missing,MTC
0.0,0.0,0.0,0.00160494,0.0459901,0.125292,3.92082E-8,1.04551E-7,0.0,CDRIA-2035-h,1500Mt-CostDecrease,NY,DAC,DAC,DAC_solvent (oxy CCS),missing,missing,missing,missing,missing,missing,missing,MTC
0.0,0.0,0.0,0.0736012,0.10785,0.122013,2.80467E-5,9.17608E-5,0.0,CDRIA-2035-h,1500Mt-CostDecrease,NY,DAC,DAC,DAC_sorbent (oxy CCS),missing,missing,missing,missing,missing,missing,missing,MTC
0.0,0.0,0.0,0.00679467,0.03121318,0.07686727,0.09470962,0.12865612999999998,0.14106405,CDRIA-2035-h,1500Mt-CostDecrease,NY,biorefining,biomass liquids,FT biofuels CCS level 1,missing,missing,missing,missing,missing,missing,missing,MTC
0.0,0.0,0.0,0.00622811,0.02843118,0.07012691,0.08645998,0.11727003999999999,0.12902112,CDRIA-2035-h,1500Mt-CostDecrease,NY,biorefining,biomass liquids,FT biofuels CCS level 2,missing,missing,missing,missing,missing,missing,missing,MTC
0.0,0.0,0.0,0.00895604,0.041205950000000005,0.09907569,0.12090744,0.16096569,0.1722923,CDRIA-2035-h,1500Mt-CostDecrease,NY,biorefining,biomass liquids,cellulosic ethanol CCS level 1,missing,missing,missing,missing,missing,missing,missing,MTC
0.0,0.0,0.0,0.0154533,0.06905700000000001,0.1677614,0.20570270000000002,0.2755457,0.3017078,CDRIA-2035-h,1500Mt-CostDecrease,NY,biorefining,biomass liquids,cellulosic ethanol CCS level 2,missing,missing,missing,missing,missing,missing,missing,MTC
0.0,0.0,0.0,0.0304528,0.170719,0.259419,0.28549,0.315779,0.341714,CDRIA-2035-h,1500Mt-CostDecrease,NY,cement,cement,cement CCS,missing,missing,missing,missing,missing,missing,missing,MTC
1.39207,1.99361,2.66972,2.74121,2.83524,2.93462,3.0703,3.23081,3.46941,CDRIA-2035-h,1500Mt-CostDecrease,NY,industrial feedstocks,refined liquids,refined liquids,missing,missing,missing,missing,missing,missing,missing,MTC
0.0,0.0,0.0,6.35132E-9,2.48185E-8,0.0131055,1.0993E-6,2.93849E-6,2.5005E-5,CDRIA-2035-h,1500Mt-CostDecrease,NY,lime,gas (CCS),lime,missing,missing,missing,missing,missing,missing,missing,MTC
0.0,0.0,0.0,0.00227346,0.0535068,0.122575,3.49291E-8,1.03963E-7,0.0,CDRIA-2035-h,1500Mt-CostDecrease,NC,DAC,DAC,DAC_solvent (oxy CCS),missing,missing,missing,missing,missing,missing,missing,MTC
0.0,0.0,0.0,0.0506366,0.0587619,0.0580295,1.40769E-5,5.54688E-5,0.0,CDRIA-2035-h,1500Mt-CostDecrease,NC,DAC,DAC,DAC_sorbent (oxy CCS),missing,missing,missing,missing,missing,missing,missing,MTC
0.0,0.0,0.0,0.00845533,0.03534012,0.09092525000000001,0.13171515,0.18803192,0.24646607,CDRIA-2035-h,1500Mt-CostDecrease,NC,N fertilizer,gas,gas CCS,missing,missing,missing,missing,missing,missing,missing,MTC
0.0,0.0,0.0,0.00659151,0.03209926,0.08006231,0.09895139,0.1355075,0.32141145,CDRIA-2035-h,1500Mt-CostDecrease,NC,biorefining,biomass liquids,FT biofuels CCS level 1,missing,missing,missing,missing,missing,missing,missing,MTC
0.0,0.0,0.0,0.00597447,0.02927473,0.07328419,0.09065882,0.12400691999999999,0.34988496999999996,CDRIA-2035-h,1500Mt-CostDecrease,NC,biorefining,biomass liquids,FT biofuels CCS level 2,missing,missing,missing,missing,missing,missing,missing,MTC
0.0,0.0,0.0,0.009003,0.0422054,0.10211104,0.12487438,0.16732863,0.24726512,CDRIA-2035-h,1500Mt-CostDecrease,NC,biorefining,biomass liquids,cellulosic ethanol CCS level 1,missing,missing,missing,missing,missing,missing,missing,MTC
0.0,0.0,0.0,0.0147478,0.0711149,0.1755045,0.21594649999999999,0.2917012,0.8523981,CDRIA-2035-h,1500Mt-CostDecrease,NC,biorefining,biomass liquids,cellulosic ethanol CCS level 2,missing,missing,missing,missing,missing,missing,missing,MTC
0.0,0.0,0.0,0.0253007,0.141391,0.206698,0.223098,0.241501,0.256237,CDRIA-2035-h,1500Mt-CostDecrease,NC,cement,cement,cement CCS,missing,missing,missing,missing,missing,missing,missing,MTC
1.06028,1.6552,1.61607,1.70571,1.76097,1.79945,1.85873,1.92896,2.06228,CDRIA-2035-h,1500Mt-CostDecrease,NC,industrial feedstocks,refined liquids,refined liquids,missing,missing,missing,missing,missing,missing,missing,MTC
0.0,0.0,0.0,4.39089E-8,2.03055E-7,0.0241797,2.64203E-6,6.77584E-6,8.41133E-7,CDRIA-2035-h,1500Mt-CostDecrease,NC,lime,gas (CCS),lime,missing,missing,missing,missing,missing,missing,missing,MTC
0.0,0.0,0.0,0.00147496,0.0370012,0.10478,1.57197E-7,4.29834E-7,0.0,CDRIA-2035-h,1500Mt-CostDecrease,ND,DAC,DAC,DAC_solvent (oxy CCS),missing,missing,missing,missing,missing,missing,missing,MTC
0.0,0.0,0.0,0.0334714,0.0375156,0.0490364,6.93718E-5,2.27366E-4,0.0,CDRIA-2035-h,1500Mt-CostDecrease,ND,DAC,DAC,DAC_sorbent (oxy CCS),missing,missing,missing,missing,missing,missing,missing,MTC
0.0,0.0,0.0,0.00653638,0.03185416,0.07933152,0.09804077000000001,0.13409789,0.14714397999999998,CDRIA-2035-h,1500Mt-CostDecrease,ND,biorefining,biomass liquids,FT biofuels CCS level 1,missing,missing,missing,missing,missing,missing,missing,MTC
0.0,0.0,0.0,0.00591191,0.02898939,0.07245819,0.08962945,0.12244853,0.1347786,CDRIA-2035-h,1500Mt-CostDecrease,ND,biorefining,biomass liquids,FT biofuels CCS level 2,missing,missing,missing,missing,missing,missing,missing,MTC
0.0,0.0,0.0,0.00898814,0.042166840000000004,0.10187651,0.12458178,0.16675327,0.17875805,CDRIA-2035-h,1500Mt-CostDecrease,ND,biorefining,biomass liquids,cellulosic ethanol CCS level 1,missing,missing,missing,missing,missing,missing,missing,MTC
0.0,0.0,0.0,0.0145791,0.0703545,0.17336580000000001,0.213298,0.2877853,0.31524100000000005,CDRIA-2035-h,1500Mt-CostDecrease,ND,biorefining,biomass liquids,cellulosic ethanol CCS level 2,missing,missing,missing,missing,missing,missing,missing,MTC
0.0,0.0,0.0,0.0,0.0,0.0,0.0,0.00324105,0.01867242,CDRIA-2035-h,1500Mt-CostDecrease,ND,coal to liquids,coal to liquids,coal to liquids CCS level 1,missing,missing,missing,missing,missing,missing,missing,MTC
0.0,0.0,0.0,0.0,0.0,0.0,0.0,0.00461558,0.02858239,CDRIA-2035-h,1500Mt-CostDecrease,ND,coal to liquids,coal to liquids,coal to liquids CCS level 2,missing,missing,missing,missing,missing,missing,missing,MTC
0.205143,0.39643,0.456663,0.476184,0.472429,0.468801,0.484929,0.503492,0.538703,CDRIA-2035-h,1500Mt-CostDecrease,ND,industrial feedstocks,refined liquids,refined liquids,missing,missing,missing,missing,missing,missing,missing,MTC
0.0,0.0,0.0,0.0,0.0,1.01606E-6,0.0,1.33927E-10,0.0,CDRIA-2035-h,1500Mt-CostDecrease,ND,lime,gas (CCS),lime,missing,missing,missing,missing,missing,missing,missing,MTC
0.0,0.0,0.0,0.00286539,0.0851187,0.256018,0.0,3.10902E-7,0.0,CDRIA-2035-h,1500Mt-CostDecrease,OH,DAC,DAC,DAC_solvent (oxy CCS),missing,missing,missing,missing,missing,missing,missing,MTC
0.0,0.0,0.0,0.0892434,0.109063,0.145934,0.0,3.0888E-4,0.0,CDRIA-2035-h,1500Mt-CostDecrease,OH,DAC,DAC,DAC_sorbent (oxy CCS),missing,missing,missing,missing,missing,missing,missing,MTC
0.0,0.0,0.0,0.0113719,0.0476836,0.11931380000000001,0.1707265,0.24329969999999998,0.32029253999999996,CDRIA-2035-h,1500Mt-CostDecrease,OH,N fertilizer,gas,gas CCS,missing,missing,missing,missing,missing,missing,missing,MTC
0.0,0.0,0.0,0.00827684,0.03425756,0.08306228,0.10364701,0.14070691000000002,0.16050004,CDRIA-2035-h,1500Mt-CostDecrease,OH,biorefining,biomass liquids,FT biofuels CCS level 1,missing,missing,missing,missing,missing,missing,missing,MTC
0.0,0.0,0.0,0.0079098,0.03177559,0.07680934,0.0961216,0.13011408,0.15007425,CDRIA-2035-h,1500Mt-CostDecrease,OH,biorefining,biomass liquids,FT biofuels CCS level 2,missing,missing,missing,missing,missing,missing,missing,MTC
0.0,0.0,0.0,0.00955828,0.042780870000000006,0.10266554,0.12597116,0.16826997,0.1831831,CDRIA-2035-h,1500Mt-CostDecrease,OH,biorefining,biomass liquids,cellulosic ethanol CCS level 1,missing,missing,missing,missing,missing,missing,missing,MTC
0.0,0.0,0.0,0.0200051,0.0778841,0.1849588,0.23027580000000003,0.3076433,0.3533657,CDRIA-2035-h,1500Mt-CostDecrease,OH,biorefining,biomass liquids,cellulosic ethanol CCS level 2,missing,missing,missing,missing,missing,missing,missing,MTC
0.0,0.0,0.0,0.0305285,0.159432,0.229421,0.250354,0.274214,0.293944,CDRIA-2035-h,1500Mt-CostDecrease,OH,cement,cement,cement CCS,missing,missing,missing,missing,missing,missing,missing,MTC
0.0,0.0,0.0,0.0,0.0,0.0,0.0,0.00164565,0.00953762,CDRIA-2035-h,1500Mt-CostDecrease,OH,coal to liquids,coal to liquids,coal to liquids CCS level 1,missing,missing,missing,missing,missing,missing,missing,MTC
0.0,0.0,0.0,0.0,0.0,0.0,0.0,0.00232695,0.014455240000000001,CDRIA-2035-h,1500Mt-CostDecrease,OH,coal to liquids,coal to liquids,coal to liquids CCS level 2,missing,missing,missing,missing,missing,missing,missing,MTC
2.48983,2.88852,2.3962,2.46963,2.51998,2.54338,2.64801,2.8106,3.0449,CDRIA-2035-h,1500Mt-CostDecrease,OH,industrial feedstocks,refined liquids,refined liquids,missing,missing,missing,missing,missing,missing,missing,MTC
0.0,0.0,0.0,4.14824E-9,1.40338E-8,0.00428106,2.66628E-7,6.14229E-7,5.15467E-7,CDRIA-2035-h,1500Mt-CostDecrease,OH,lime,gas (CCS),lime,missing,missing,missing,missing,missing,missing,missing,MTC
0.0,0.0,0.0,0.00212064,0.0594615,0.168839,2.76589E-8,6.25116E-8,0.0,CDRIA-2035-h,1500Mt-CostDecrease,OK,DAC,DAC,DAC_solvent (oxy CCS),missing,missing,missing,missing,missing,missing,missing,MTC
0.0,0.0,0.0,0.0494441,0.05155,0.061202,1.78372E-5,5.02857E-5,0.0,CDRIA-2035-h,1500Mt-CostDecrease,OK,DAC,DAC,DAC_sorbent (oxy CCS),missing,missing,missing,missing,missing,missing,missing,MTC
0.0,0.0,0.0,0.00668293,0.03259844,0.08139841,0.10065051,0.13784379,1.55363339,CDRIA-2035-h,1500Mt-CostDecrease,OK,biorefining,biomass liquids,FT biofuels CCS level 1,missing,missing,missing,missing,missing,missing,missing,MTC
0.0,0.0,0.0,0.0060729,0.029805830000000002,0.07469618,0.09244936999999999,0.12646578,2.01129525,CDRIA-2035-h,1500Mt-CostDecrease,OK,biorefining,biomass liquids,FT biofuels CCS level 2,missing,missing,missing,missing,missing,missing,missing,MTC
0.0,0.0,0.0,0.00905389,0.04251686,0.1029844,0.12600150999999998,0.16884749999999998,0.63079693,CDRIA-2035-h,1500Mt-CostDecrease,OK,biorefining,biomass liquids,cellulosic ethanol CCS level 1,missing,missing,missing,missing,missing,missing,missing,MTC
0.0,0.0,0.0,0.0150084,0.0724871,0.1790805,0.2204465,0.2977981,5.1444158,CDRIA-2035-h,1500Mt-CostDecrease,OK,biorefining,biomass liquids,cellulosic ethanol CCS level 2,missing,missing,missing,missing,missing,missing,missing,MTC
0.0,0.0,0.0,0.0114445,0.067653,0.0992179,0.108392,0.118201,0.126724,CDRIA-2035-h,1500Mt-CostDecrease,OK,cement,cement,cement CCS,missing,missing,missing,missing,missing,missing,missing,MTC
0.0,0.0,0.0,0.0,0.0,0.0,0.0,1.07318E-4,6.19269E-4,CDRIA-2035-h,1500Mt-CostDecrease,OK,coal to liquids,coal to liquids,coal to liquids CCS level 1,missing,missing,missing,missing,missing,missing,missing,MTC
0.0,0.0,0.0,0.0,0.0,0.0,0.0,1.54332E-4,9.57226E-4,CDRIA-2035-h,1500Mt-CostDecrease,OK,coal to liquids,coal to liquids,coal to liquids CCS level 2,missing,missing,missing,missing,missing,missing,missing,MTC
0.884035,1.09173,0.962562,0.996027,1.01735,1.02734,1.0638,1.09517,1.1606,CDRIA-2035-h,1500Mt-CostDecrease,OK,industrial feedstocks,refined liquids,refined liquids,missing,missing,missing,missing,missing,missing,missing,MTC
0.0,0.0,0.0,2.13659E-9,7.53594E-9,0.0017535,5.72803E-8,1.24971E-7,0.0,CDRIA-2035-h,1500Mt-CostDecrease,OK,lime,gas (CCS),lime,missing,missing,missing,missing,missing,missing,missing,MTC
0.0,0.0,0.0,6.63753E-4,0.0192493,0.0463501,1.30674E-8,3.48698E-8,2.35181E-7,CDRIA-2035-h,1500Mt-CostDecrease,OR,DAC,DAC,DAC_solvent (oxy CCS),missing,missing,missing,missing,missing,missing,missing,MTC
0.0,0.0,0.0,0.0188575,0.0221394,0.0206338,9.74047E-6,3.29841E-5,3.85759E-4,CDRIA-2035-h,1500Mt-CostDecrease,OR,DAC,DAC,DAC_sorbent (oxy CCS),missing,missing,missing,missing,missing,missing,missing,MTC
0.0,0.0,0.0,0.00659621,0.03213166,0.08020229000000001,0.09913403,0.13558717,0.14547689,CDRIA-2035-h,1500Mt-CostDecrease,OR,biorefining,biomass liquids,FT biofuels CCS level 1,missing,missing,missing,missing,missing,missing,missing,MTC
0.0,0.0,0.0,0.00598448,0.02933125,0.07347588,0.09090293,0.12417735999999999,0.13304301999999998,CDRIA-2035-h,1500Mt-CostDecrease,OR,biorefining,biomass liquids,FT biofuels CCS level 2,missing,missing,missing,missing,missing,missing,missing,MTC
0.0,0.0,0.0,0.00898194,0.04212476,0.10200793,0.12476946,0.16702237,0.17772367,CDRIA-2035-h,1500Mt-CostDecrease,OR,biorefining,biomass liquids,cellulosic ethanol CCS level 1,missing,missing,missing,missing,missing,missing,missing,MTC
0.0,0.0,0.0,0.0147791,0.0712817,0.1760281,0.2166042,0.29221010000000003,0.3114059,CDRIA-2035-h,1500Mt-CostDecrease,OR,biorefining,biomass liquids,cellulosic ethanol CCS level 2,missing,missing,missing,missing,missing,missing,missing,MTC
0.0,0.0,0.0,0.0108122,0.0592039,0.0874235,0.0956,0.104724,0.112448,CDRIA-2035-h,1500Mt-CostDecrease,OR,cement,cement,cement CCS,missing,missing,missing,missing,missing,missing,missing,MTC
0.762666,1.06257,0.724294,0.769752,0.803857,0.828275,0.86287,0.905396,0.974141,CDRIA-2035-h,1500Mt-CostDecrease,OR,industrial feedstocks,refined liquids,refined liquids,missing,missing,missing,missing,missing,missing,missing,MTC
0.0,0.0,0.0,5.91389E-9,2.53812E-8,0.0112885,2.94418E-7,7.11173E-7,3.3345E-6,CDRIA-2035-h,1500Mt-CostDecrease,OR,lime,gas (CCS),lime,missing,missing,missing,missing,missing,missing,missing,MTC
0.0,0.0,0.0,0.0027133,0.0742019,0.189401,4.54352E-8,9.97481E-8,0.0,CDRIA-2035-h,1500Mt-CostDecrease,PA,DAC,DAC,DAC_solvent (oxy CCS),missing,missing,missing,missing,missing,missing,missing,MTC
0.0,0.0,0.0,0.0958891,0.130209,0.139812,2.72252E-5,8.53345E-5,0.0,CDRIA-2035-h,1500Mt-CostDecrease,PA,DAC,DAC,DAC_sorbent (oxy CCS),missing,missing,missing,missing,missing,missing,missing,MTC
0.0,0.0,0.0,0.00884298,0.03457346,0.08209580999999999,0.10071852,0.13649489,0.16756129,CDRIA-2035-h,1500Mt-CostDecrease,PA,biorefining,biomass liquids,FT biofuels CCS level 1,missing,missing,missing,missing,missing,missing,missing,MTC
0.0,0.0,0.0,0.0085844,0.03221416,0.07589327,0.09304778,0.12571958,0.15878519,CDRIA-2035-h,1500Mt-CostDecrease,PA,biorefining,biomass liquids,FT biofuels CCS level 2,missing,missing,missing,missing,missing,missing,missing,MTC
0.0,0.0,0.0,0.00971671,0.0426465,0.10168347999999999,0.12402185,0.16541568,0.18525903000000002,CDRIA-2035-h,1500Mt-CostDecrease,PA,biorefining,biomass liquids,cellulosic ethanol CCS level 1,missing,missing,missing,missing,missing,missing,missing,MTC
0.0,0.0,0.0,0.0218681,0.0791678,0.1828485,0.2227962,0.2970202,0.3746308,CDRIA-2035-h,1500Mt-CostDecrease,PA,biorefining,biomass liquids,cellulosic ethanol CCS level 2,missing,missing,missing,missing,missing,missing,missing,MTC
0.0,0.0,0.0,0.0493041,0.258972,0.382731,0.419835,0.463583,0.500239,CDRIA-2035-h,1500Mt-CostDecrease,PA,cement,cement,cement CCS,missing,missing,missing,missing,missing,missing,missing,MTC
0.0,0.0,0.0,0.0,0.0,0.0,0.0,0.00708174,0.040969769999999996,CDRIA-2035-h,1500Mt-CostDecrease,PA,coal to liquids,coal to liquids,coal to liquids CCS level 1,missing,missing,missing,missing,missing,missing,missing,MTC
0.0,0.0,0.0,0.0,0.0,0.0,0.0,0.00972365,0.06010724,CDRIA-2035-h,1500Mt-CostDecrease,PA,coal to liquids,coal to liquids,coal to liquids CCS level 2,missing,missing,missing,missing,missing,missing,missing,MTC
1.88135,2.66578,3.11378,3.21804,3.26462,3.31236,3.44638,3.62139,3.91366,CDRIA-2035-h,1500Mt-CostDecrease,PA,industrial feedstocks,refined liquids,refined liquids,missing,missing,missing,missing,missing,missing,missing,MTC
0.0,0.0,0.0,6.56315E-8,2.65037E-7,0.0817339,4.11282E-6,9.09987E-6,2.33912E-5,CDRIA-2035-h,1500Mt-CostDecrease,PA,lime,gas (CCS),lime,missing,missing,missing,missing,missing,missing,missing,MTC
0.0,0.0,0.0,1.21793E-4,0.00240546,0.00639753,9.8093E-9,3.36016E-8,4.17784E-7,CDRIA-2035-h,1500Mt-CostDecrease,RI,DAC,DAC,DAC_solvent (oxy CCS),missing,missing,missing,missing,missing,missing,missing,MTC
0.0,0.0,0.0,0.00444557,0.00684488,0.00834817,2.88211E-6,9.9202E-6,1.25442E-4,CDRIA-2035-h,1500Mt-CostDecrease,RI,DAC,DAC,DAC_sorbent (oxy CCS),missing,missing,missing,missing,missing,missing,missing,MTC
0.0,0.0,0.0,0.005829,0.02816486,0.06937349000000001,0.08530836,0.11497475999999998,0.12251075000000002,CDRIA-2035-h,1500Mt-CostDecrease,RI,biorefining,biomass liquids,FT biofuels CCS level 1,missing,missing,missing,missing,missing,missing,missing,MTC
0.0,0.0,0.0,0.0051605,0.025080329999999998,0.06194153,0.07620219,0.10242984999999999,0.10884889000000002,CDRIA-2035-h,1500Mt-CostDecrease,RI,biorefining,biomass liquids,FT biofuels CCS level 2,missing,missing,missing,missing,missing,missing,missing,MTC
0.0,0.0,0.0,0.00857813,0.0399428,0.09572781,0.11666918,0.1546985,0.16393508,CDRIA-2035-h,1500Mt-CostDecrease,RI,biorefining,biomass liquids,cellulosic ethanol CCS level 1,missing,missing,missing,missing,missing,missing,missing,MTC
0.0,0.0,0.0,0.0126018,0.0602817,0.1467706,0.1795914,0.23843599999999998,0.25119090000000005,CDRIA-2035-h,1500Mt-CostDecrease,RI,biorefining,biomass liquids,cellulosic ethanol CCS level 2,missing,missing,missing,missing,missing,missing,missing,MTC
0.411771,0.0972062,0.421585,0.433822,0.453123,0.473369,0.499517,0.52682,0.562242,CDRIA-2035-h,1500Mt-CostDecrease,RI,industrial feedstocks,refined liquids,refined liquids,missing,missing,missing,missing,missing,missing,missing,MTC
0.0,0.0,0.0,0.0,0.0,1.13421E-5,1.29007E-9,4.48867E-9,0.0,CDRIA-2035-h,1500Mt-CostDecrease,RI,lime,gas (CCS),lime,missing,missing,missing,missing,missing,missing,missing,MTC
0.0,0.0,0.0,0.0013475,0.031714,0.0726511,2.51427E-8,7.54921E-8,6.14655E-7,CDRIA-2035-h,1500Mt-CostDecrease,SC,DAC,DAC,DAC_solvent (oxy CCS),missing,missing,missing,missing,missing,missing,missing,MTC
0.0,0.0,0.0,0.0300128,0.0348287,0.0343946,1.01329E-5,4.02784E-5,5.65276E-4,CDRIA-2035-h,1500Mt-CostDecrease,SC,DAC,DAC,DAC_sorbent (oxy CCS),missing,missing,missing,missing,missing,missing,missing,MTC
0.0,0.0,0.0,0.00659151,0.03209926,0.08006231,0.09895139,0.1355075,0.14552365,CDRIA-2035-h,1500Mt-CostDecrease,SC,biorefining,biomass liquids,FT biofuels CCS level 1,missing,missing,missing,missing,missing,missing,missing,MTC
0.0,0.0,0.0,0.00597447,0.02927473,0.07328419,0.09065882,0.12400691999999999,0.13298493,CDRIA-2035-h,1500Mt-CostDecrease,SC,biorefining,biomass liquids,FT biofuels CCS level 2,missing,missing,missing,missing,missing,missing,missing,MTC
0.0,0.0,0.0,0.009003,0.0422054,0.10211104,0.12487438,0.16732863,0.17817718,CDRIA-2035-h,1500Mt-CostDecrease,SC,biorefining,biomass liquids,cellulosic ethanol CCS level 1,missing,missing,missing,missing,missing,missing,missing,MTC
0.0,0.0,0.0,0.0147478,0.0711149,0.1755045,0.21594649999999999,0.2917012,0.3111453,CDRIA-2035-h,1500Mt-CostDecrease,SC,biorefining,biomass liquids,cellulosic ethanol CCS level 2,missing,missing,missing,missing,missing,missing,missing,MTC
0.0,0.0,0.0,0.0216429,0.120016,0.17555,0.189565,0.205314,0.217974,CDRIA-2035-h,1500Mt-CostDecrease,SC,cement,cement,cement CCS,missing,missing,missing,missing,missing,missing,missing,MTC
0.499682,0.960333,0.8941,0.937042,0.966194,0.986948,1.01937,1.06043,1.13901,CDRIA-2035-h,1500Mt-CostDecrease,SC,industrial feedstocks,refined liquids,refined liquids,missing,missing,missing,missing,missing,missing,missing,MTC
0.0,0.0,0.0,3.41222E-8,1.62419E-7,0.0280372,3.36055E-6,8.49901E-6,2.8416E-5,CDRIA-2035-h,1500Mt-CostDecrease,SC,lime,gas (CCS),lime,missing,missing,missing,missing,missing,missing,missing,MTC
0.0,0.0,0.0,6.67937E-4,0.0167561,0.0474499,6.72144E-8,1.79365E-7,1.26154E-6,CDRIA-2035-h,1500Mt-CostDecrease,SD,DAC,DAC,DAC_solvent (oxy CCS),missing,missing,missing,missing,missing,missing,missing,MTC
0.0,0.0,0.0,0.0151576,0.016989,0.0222062,2.96621E-5,9.48776E-5,9.99839E-4,CDRIA-2035-h,1500Mt-CostDecrease,SD,DAC,DAC,DAC_sorbent (oxy CCS),missing,missing,missing,missing,missing,missing,missing,MTC
0.0,0.0,0.0,0.00653638,0.03185416,0.07933152,0.09804077000000001,0.13409789,0.14390518,CDRIA-2035-h,1500Mt-CostDecrease,SD,biorefining,biomass liquids,FT biofuels CCS level 1,missing,missing,missing,missing,missing,missing,missing,MTC
0.0,0.0,0.0,0.00591191,0.02898939,0.07245819,0.08962945,0.12244853,0.13121874,CDRIA-2035-h,1500Mt-CostDecrease,SD,biorefining,biomass liquids,FT biofuels CCS level 2,missing,missing,missing,missing,missing,missing,missing,MTC
0.0,0.0,0.0,0.00898814,0.042166840000000004,0.10187651,0.12458178,0.16675327,0.17744523,CDRIA-2035-h,1500Mt-CostDecrease,SD,biorefining,biomass liquids,cellulosic ethanol CCS level 1,missing,missing,missing,missing,missing,missing,missing,MTC
0.0,0.0,0.0,0.0145791,0.0703545,0.17336580000000001,0.213298,0.2877853,0.3067476,CDRIA-2035-h,1500Mt-CostDecrease,SD,biorefining,biomass liquids,cellulosic ethanol CCS level 2,missing,missing,missing,missing,missing,missing,missing,MTC
0.0,0.0,0.0,0.00345045,0.0204776,0.0303242,0.0329938,0.035916,0.0382853,CDRIA-2035-h,1500Mt-CostDecrease,SD,cement,cement,cement CCS,missing,missing,missing,missing,missing,missing,missing,MTC
0.199144,0.52538,0.31922,0.333494,0.342093,0.345219,0.357333,0.370793,0.393304,CDRIA-2035-h,1500Mt-CostDecrease,SD,industrial feedstocks,refined liquids,refined liquids,missing,missing,missing,missing,missing,missing,missing,MTC
0.0,0.0,0.0,0.0,0.0,1.69876E-7,0.0,0.0,0.0,CDRIA-2035-h,1500Mt-CostDecrease,SD,lime,gas (CCS),lime,missing,missing,missing,missing,missing,missing,missing,MTC
0.0,0.0,0.0,0.00187193,0.0445536,0.131504,1.95823E-7,4.983E-7,2.61844E-6,CDRIA-2035-h,1500Mt-CostDecrease,TN,DAC,DAC,DAC_solvent (oxy CCS),missing,missing,missing,missing,missing,missing,missing,MTC
0.0,0.0,0.0,0.0420768,0.0487305,0.0618663,8.114E-5,2.74851E-4,0.00251829,CDRIA-2035-h,1500Mt-CostDecrease,TN,DAC,DAC,DAC_sorbent (oxy CCS),missing,missing,missing,missing,missing,missing,missing,MTC
0.0,0.0,0.0,0.00657108,0.03195444,0.07963283,0.09837338,0.13450654,0.14432743999999997,CDRIA-2035-h,1500Mt-CostDecrease,TN,biorefining,biomass liquids,FT biofuels CCS level 1,missing,missing,missing,missing,missing,missing,missing,MTC
0.0,0.0,0.0,0.00595973,0.02916101,0.07293649,0.09018545,0.12316778000000002,0.13197599,CDRIA-2035-h,1500Mt-CostDecrease,TN,biorefining,biomass liquids,FT biofuels CCS level 2,missing,missing,missing,missing,missing,missing,missing,MTC
0.0,0.0,0.0,0.00895705,0.04193187,0.1013646,0.12390474000000001,0.16578525,0.17639521000000002,CDRIA-2035-h,1500Mt-CostDecrease,TN,biorefining,biomass liquids,cellulosic ethanol CCS level 1,missing,missing,missing,missing,missing,missing,missing,MTC
0.0,0.0,0.0,0.0147157,0.0708591,0.1747208,0.21488079999999998,0.2898226,0.30889859999999997,CDRIA-2035-h,1500Mt-CostDecrease,TN,biorefining,biomass liquids,cellulosic ethanol CCS level 2,missing,missing,missing,missing,missing,missing,missing,MTC
0.0,0.0,0.0,0.022026,0.125471,0.184908,0.20267,0.222424,0.239493,CDRIA-2035-h,1500Mt-CostDecrease,TN,cement,cement,cement CCS,missing,missing,missing,missing,missing,missing,missing,MTC
0.0,0.0,0.0,0.0,0.0,0.0,0.0,5.858E-5,3.389748E-4,CDRIA-2035-h,1500Mt-CostDecrease,TN,coal to liquids,coal to liquids,coal to liquids CCS level 1,missing,missing,missing,missing,missing,missing,missing,MTC
0.0,0.0,0.0,0.0,0.0,0.0,0.0,7.98725E-5,4.936127E-4,CDRIA-2035-h,1500Mt-CostDecrease,TN,coal to liquids,coal to liquids,coal to liquids CCS level 2,missing,missing,missing,missing,missing,missing,missing,MTC
1.46104,1.94551,1.17458,1.24015,1.27738,1.30254,1.35247,1.41213,1.52281,CDRIA-2035-h,1500Mt-CostDecrease,TN,industrial feedstocks,refined liquids,refined liquids,missing,missing,missing,missing,missing,missing,missing,MTC
0.0,0.0,0.0,4.079E-9,1.35472E-8,0.00573152,3.17028E-7,9.9782E-7,3.31157E-7,CDRIA-2035-h,1500Mt-CostDecrease,TN,lime,gas (CCS),lime,missing,missing,missing,missing,missing,missing,missing,MTC
0.0,0.0,0.0,0.0341796,0.744858,0.999528,3.5815E-7,9.68512E-7,0.0,CDRIA-2035-h,1500Mt-CostDecrease,TX,DAC,DAC,DAC_solvent (oxy CCS),missing,missing,missing,missing,missing,missing,missing,MTC
0.0,0.0,0.0,0.40767,0.322314,0.194074,1.28638E-4,4.36454E-4,1.30025E-10,CDRIA-2035-h,1500Mt-CostDecrease,TX,DAC,DAC,DAC_sorbent (oxy CCS),missing,missing,missing,missing,missing,missing,missing,MTC
0.0,0.0,0.0,0.00946021,0.04209043,0.10855227,0.15494383,0.21555776999999998,0.27453285,CDRIA-2035-h,1500Mt-CostDecrease,TX,N fertilizer,gas,gas CCS,missing,missing,missing,missing,missing,missing,missing,MTC
0.0,0.0,0.0,0.0115066,0.0663091,0.17657679999999998,0.1965205,0.2352045,0.24523041,CDRIA-2035-h,1500Mt-CostDecrease,TX,biorefining,biomass liquids,FT biofuels CCS level 1,missing,missing,missing,missing,missing,missing,missing,MTC
0.0,0.0,0.0,0.0117341,0.06979,0.18634640000000002,0.20476039999999998,0.2401122,0.24878312999999996,CDRIA-2035-h,1500Mt-CostDecrease,TX,biorefining,biomass liquids,FT biofuels CCS level 2,missing,missing,missing,missing,missing,missing,missing,MTC
0.0,0.0,0.0,0.0108154,0.0554329,0.1434726,0.16718899999999998,0.21171440000000002,0.22305414,CDRIA-2035-h,1500Mt-CostDecrease,TX,biorefining,biomass liquids,cellulosic ethanol CCS level 1,missing,missing,missing,missing,missing,missing,missing,MTC
0.0,0.0,0.0,0.0305749,0.1805548,0.4742443,0.517149,0.5973778000000001,0.6151660999999999,CDRIA-2035-h,1500Mt-CostDecrease,TX,biorefining,biomass liquids,cellulosic ethanol CCS level 2,missing,missing,missing,missing,missing,missing,missing,MTC
0.0,0.0,0.0,0.109671,0.6371,0.927695,1.01848,1.1169,1.20609,CDRIA-2035-h,1500Mt-CostDecrease,TX,cement,cement,cement CCS,missing,missing,missing,missing,missing,missing,missing,MTC
0.0,0.0,0.0,0.0,0.0,0.0,0.0,0.00422484,0.024398629999999998,CDRIA-2035-h,1500Mt-CostDecrease,TX,coal to liquids,coal to liquids,coal to liquids CCS level 1,missing,missing,missing,missing,missing,missing,missing,MTC
0.0,0.0,0.0,0.0,0.0,0.0,0.0,0.00613969,0.03813394,CDRIA-2035-h,1500Mt-CostDecrease,TX,coal to liquids,coal to liquids,coal to liquids CCS level 2,missing,missing,missing,missing,missing,missing,missing,MTC
31.7379,40.1537,29.1865,31.7998,34.5645,36.5743,38.3354,40.2527,43.2953,CDRIA-2035-h,1500Mt-CostDecrease,TX,industrial feedstocks,refined liquids,refined liquids,missing,missing,missing,missing,missing,missing,missing,MTC
0.0,0.0,0.0,1.70571E-7,6.54043E-7,0.1474,3.98782E-6,9.62286E-6,0.0,CDRIA-2035-h,1500Mt-CostDecrease,TX,lime,gas (CCS),lime,missing,missing,missing,missing,missing,missing,missing,MTC
0.0,0.0,0.0,8.8508E-4,0.0259913,0.0806416,3.18526E-8,7.53653E-8,0.0,CDRIA-2035-h,1500Mt-CostDecrease,UT,DAC,DAC,DAC_solvent (oxy CCS),missing,missing,missing,missing,missing,missing,missing,MTC
0.0,0.0,0.0,0.0254093,0.0297748,0.0356593,2.4585E-5,7.41958E-5,0.0,CDRIA-2035-h,1500Mt-CostDecrease,UT,DAC,DAC,DAC_sorbent (oxy CCS),missing,missing,missing,missing,missing,missing,missing,MTC
0.0,0.0,0.0,0.00661377,0.03221791,0.08042691,0.0994137,0.1359765,0.56346955,CDRIA-2035-h,1500Mt-CostDecrease,UT,biorefining,biomass liquids,FT biofuels CCS level 1,missing,missing,missing,missing,missing,missing,missing,MTC
0.0,0.0,0.0,0.00600414,0.0294282,0.07372698999999999,0.09121517000000001,0.12460999000000002,0.66675973,CDRIA-2035-h,1500Mt-CostDecrease,UT,biorefining,biomass liquids,FT biofuels CCS level 2,missing,missing,missing,missing,missing,missing,missing,MTC
0.0,0.0,0.0,0.00898816,0.04215547,0.10209514,0.12487891,0.16717759000000001,0.32888788999999996,CDRIA-2035-h,1500Mt-CostDecrease,UT,biorefining,biomass liquids,cellulosic ethanol CCS level 1,missing,missing,missing,missing,missing,missing,missing,MTC
0.0,0.0,0.0,0.0148318,0.0715368,0.1766769,0.217406,0.2933033,1.661707,CDRIA-2035-h,1500Mt-CostDecrease,UT,biorefining,biomass liquids,cellulosic ethanol CCS level 2,missing,missing,missing,missing,missing,missing,missing,MTC
0.0,0.0,0.0,0.0120133,0.0669372,0.0997943,0.110092,0.121307,0.131141,CDRIA-2035-h,1500Mt-CostDecrease,UT,cement,cement,cement CCS,missing,missing,missing,missing,missing,missing,missing,MTC
0.0,0.0,0.0,0.0,0.0,0.0,0.0,0.00211095,0.01216341,CDRIA-2035-h,1500Mt-CostDecrease,UT,coal to liquids,coal to liquids,coal to liquids CCS level 1,missing,missing,missing,missing,missing,missing,missing,MTC
0.0,0.0,0.0,0.0,0.0,0.0,0.0,0.00294753,0.01817463,CDRIA-2035-h,1500Mt-CostDecrease,UT,coal to liquids,coal to liquids,coal to liquids CCS level 2,missing,missing,missing,missing,missing,missing,missing,MTC
0.347287,0.429356,0.539632,0.588624,0.615703,0.630316,0.659965,0.699643,0.761627,CDRIA-2035-h,1500Mt-CostDecrease,UT,industrial feedstocks,refined liquids,refined liquids,missing,missing,missing,missing,missing,missing,missing,MTC
0.0,0.0,0.0,1.36631E-9,3.57166E-9,0.00105282,2.78044E-8,5.05869E-8,1.59997E-8,CDRIA-2035-h,1500Mt-CostDecrease,UT,lime,gas (CCS),lime,missing,missing,missing,missing,missing,missing,missing,MTC
0.0,0.0,0.0,7.91725E-5,0.00158854,0.0054554,6.46452E-9,3.12854E-8,5.47669E-7,CDRIA-2035-h,1500Mt-CostDecrease,VT,DAC,DAC,DAC_solvent (oxy CCS),missing,missing,missing,missing,missing,missing,missing,MTC
0.0,0.0,0.0,0.00293494,0.0045167,0.00708695,1.96909E-6,9.62713E-6,1.73071E-4,CDRIA-2035-h,1500Mt-CostDecrease,VT,DAC,DAC,DAC_sorbent (oxy CCS),missing,missing,missing,missing,missing,missing,missing,MTC
0.0,0.0,0.0,0.00585614,0.02829759,0.06971846000000001,0.08573990000000001,0.11558631,0.12317727,CDRIA-2035-h,1500Mt-CostDecrease,VT,biorefining,biomass liquids,FT biofuels CCS level 1,missing,missing,missing,missing,missing,missing,missing,MTC
0.0,0.0,0.0,0.00519022,0.02522625,0.06231987,0.07667488,0.10309615999999999,0.10958107,CDRIA-2035-h,1500Mt-CostDecrease,VT,biorefining,biomass liquids,FT biofuels CCS level 2,missing,missing,missing,missing,missing,missing,missing,MTC
0.0,0.0,0.0,0.00858813,0.039991,0.09586189,0.11683777,0.15494003,0.16419667,CDRIA-2035-h,1500Mt-CostDecrease,VT,biorefining,biomass liquids,cellulosic ethanol CCS level 1,missing,missing,missing,missing,missing,missing,missing,MTC
0.0,0.0,0.0,0.0126807,0.060662400000000005,0.1477388,0.1807932,0.2401028,0.2531024,CDRIA-2035-h,1500Mt-CostDecrease,VT,biorefining,biomass liquids,cellulosic ethanol CCS level 2,missing,missing,missing,missing,missing,missing,missing,MTC
0.00672084,0.0419773,0.310498,0.318617,0.329446,0.337886,0.349931,0.364855,0.384076,CDRIA-2035-h,1500Mt-CostDecrease,VT,industrial feedstocks,refined liquids,refined liquids,missing,missing,missing,missing,missing,missing,missing,MTC
0.0,0.0,0.0,7.88882E-10,3.43138E-9,0.00260431,2.12767E-7,4.89237E-7,5.43199E-6,CDRIA-2035-h,1500Mt-CostDecrease,VT,lime,gas (CCS),lime,missing,missing,missing,missing,missing,missing,missing,MTC
0.0,0.0,0.0,0.00202141,0.0475748,0.108985,5.37401E-8,1.31724E-7,0.0,CDRIA-2035-h,1500Mt-CostDecrease,VA,DAC,DAC,DAC_solvent (oxy CCS),missing,missing,missing,missing,missing,missing,missing,MTC
0.0,0.0,0.0,0.0450228,0.0522473,0.051596,2.1658E-5,7.02804E-5,0.0,CDRIA-2035-h,1500Mt-CostDecrease,VA,DAC,DAC,DAC_sorbent (oxy CCS),missing,missing,missing,missing,missing,missing,missing,MTC
0.0,0.0,0.0,0.00659151,0.03209926,0.08006231,0.09895139,0.1355075,0.35267145,CDRIA-2035-h,1500Mt-CostDecrease,VA,biorefining,biomass liquids,FT biofuels CCS level 1,missing,missing,missing,missing,missing,missing,missing,MTC
0.0,0.0,0.0,0.00597447,0.02927473,0.07328419,0.09065882,0.12400691999999999,0.39015597,CDRIA-2035-h,1500Mt-CostDecrease,VA,biorefining,biomass liquids,FT biofuels CCS level 2,missing,missing,missing,missing,missing,missing,missing,MTC
0.0,0.0,0.0,0.009003,0.0422054,0.10211104,0.12487438,0.16732863,0.25833702000000003,CDRIA-2035-h,1500Mt-CostDecrease,VA,biorefining,biomass liquids,cellulosic ethanol CCS level 1,missing,missing,missing,missing,missing,missing,missing,MTC
0.0,0.0,0.0,0.0147478,0.0711149,0.1755045,0.21594649999999999,0.2917012,0.9546061,CDRIA-2035-h,1500Mt-CostDecrease,VA,biorefining,biomass liquids,cellulosic ethanol CCS level 2,missing,missing,missing,missing,missing,missing,missing,MTC
0.0,0.0,0.0,0.0256467,0.14346,0.210412,0.227856,0.247442,0.263351,CDRIA-2035-h,1500Mt-CostDecrease,VA,cement,cement,cement CCS,missing,missing,missing,missing,missing,missing,missing,MTC
0.0,0.0,0.0,0.0,0.0,0.0,0.0,0.00181346,0.0104928,CDRIA-2035-h,1500Mt-CostDecrease,VA,coal to liquids,coal to liquids,coal to liquids CCS level 1,missing,missing,missing,missing,missing,missing,missing,MTC
0.0,0.0,0.0,0.0,0.0,0.0,0.0,0.00246911,0.01525807,CDRIA-2035-h,1500Mt-CostDecrease,VA,coal to liquids,coal to liquids,coal to liquids CCS level 2,missing,missing,missing,missing,missing,missing,missing,MTC
1.18457,1.399,1.7245,1.8081,1.85813,1.90703,1.97916,2.0513,2.18687,CDRIA-2035-h,1500Mt-CostDecrease,VA,industrial feedstocks,refined liquids,refined liquids,missing,missing,missing,missing,missing,missing,missing,MTC
0.0,0.0,0.0,7.95684E-9,2.77601E-8,0.00831315,4.56477E-7,9.69962E-7,1.2015E-6,CDRIA-2035-h,1500Mt-CostDecrease,VA,lime,gas (CCS),lime,missing,missing,missing,missing,missing,missing,missing,MTC
0.0,0.0,0.0,0.00122426,0.0355043,0.0854906,1.46077E-8,3.78002E-8,0.0,CDRIA-2035-h,1500Mt-CostDecrease,WA,DAC,DAC,DAC_solvent (oxy CCS),missing,missing,missing,missing,missing,missing,missing,MTC
0.0,0.0,0.0,0.0347816,0.0408348,0.038058,1.08886E-5,3.57561E-5,0.0,CDRIA-2035-h,1500Mt-CostDecrease,WA,DAC,DAC,DAC_sorbent (oxy CCS),missing,missing,missing,missing,missing,missing,missing,MTC
0.0,0.0,0.0,0.00659621,0.03213166,0.08020229000000001,0.09913403,0.13558717,1.19386949,CDRIA-2035-h,1500Mt-CostDecrease,WA,biorefining,biomass liquids,FT biofuels CCS level 1,missing,missing,missing,missing,missing,missing,missing,MTC
0.0,0.0,0.0,0.00598448,0.02933125,0.07347588,0.09090293,0.12417735999999999,1.51821006,CDRIA-2035-h,1500Mt-CostDecrease,WA,biorefining,biomass liquids,FT biofuels CCS level 2,missing,missing,missing,missing,missing,missing,missing,MTC
0.0,0.0,0.0,0.00898194,0.04212476,0.10200793,0.12476946,0.16702237,0.52374001,CDRIA-2035-h,1500Mt-CostDecrease,WA,biorefining,biomass liquids,cellulosic ethanol CCS level 1,missing,missing,missing,missing,missing,missing,missing,MTC
0.0,0.0,0.0,0.0147791,0.0712817,0.1760281,0.2166042,0.29221010000000003,3.8623528,CDRIA-2035-h,1500Mt-CostDecrease,WA,biorefining,biomass liquids,cellulosic ethanol CCS level 2,missing,missing,missing,missing,missing,missing,missing,MTC
0.0,0.0,0.0,0.0257713,0.143532,0.212281,0.232407,0.254922,0.274122,CDRIA-2035-h,1500Mt-CostDecrease,WA,cement,cement,cement CCS,missing,missing,missing,missing,missing,missing,missing,MTC
0.625156,0.99794,0.855506,0.93229,0.984828,1.01797,1.06218,1.11929,1.21068,CDRIA-2035-h,1500Mt-CostDecrease,WA,industrial feedstocks,refined liquids,refined liquids,missing,missing,missing,missing,missing,missing,missing,MTC
0.0,0.0,0.0,3.69538E-9,1.88788E-8,0.00814058,1.78966E-7,4.43394E-7,2.4088E-7,CDRIA-2035-h,1500Mt-CostDecrease,WA,lime,gas (CCS),lime,missing,missing,missing,missing,missing,missing,missing,MTC
0.0,0.0,0.0,0.0013312,0.0395442,0.11894,5.609E-8,1.03108E-7,5.51174E-7,CDRIA-2035-h,1500Mt-CostDecrease,WV,DAC,DAC,DAC_solvent (oxy CCS),missing,missing,missing,missing,missing,missing,missing,MTC
0.0,0.0,0.0,0.0414605,0.050668,0.0677975,3.73256E-5,1.02438E-4,0.00104931,CDRIA-2035-h,1500Mt-CostDecrease,WV,DAC,DAC,DAC_sorbent (oxy CCS),missing,missing,missing,missing,missing,missing,missing,MTC
0.0,0.0,0.0,0.00671896,0.03270056,0.08150825,0.10070984,0.13782721,0.14791405000000002,CDRIA-2035-h,1500Mt-CostDecrease,WV,biorefining,biomass liquids,FT biofuels CCS level 1,missing,missing,missing,missing,missing,missing,missing,MTC
0.0,0.0,0.0,0.00612451,0.02999133,0.07502846,0.09279072000000001,0.12684915,0.13594857999999999,CDRIA-2035-h,1500Mt-CostDecrease,WV,biorefining,biomass liquids,FT biofuels CCS level 2,missing,missing,missing,missing,missing,missing,missing,MTC
0.0,0.0,0.0,0.00901407,0.042236970000000006,0.10212268,0.12485293,0.16717187,0.17787534000000002,CDRIA-2035-h,1500Mt-CostDecrease,WV,biorefining,biomass liquids,cellulosic ethanol CCS level 1,missing,missing,missing,missing,missing,missing,missing,MTC
0.0,0.0,0.0,0.0151574,0.0730394,0.1801231,0.22156389999999998,0.2991101,0.3188755,CDRIA-2035-h,1500Mt-CostDecrease,WV,biorefining,biomass liquids,cellulosic ethanol CCS level 2,missing,missing,missing,missing,missing,missing,missing,MTC
0.0,0.0,0.0,0.00605042,0.0310553,0.0439487,0.0471355,0.0506504,0.0533335,CDRIA-2035-h,1500Mt-CostDecrease,WV,cement,cement,cement CCS,missing,missing,missing,missing,missing,missing,missing,MTC
0.0,0.0,0.0,0.0,0.0,0.0,0.0,0.0168572,0.0976985,CDRIA-2035-h,1500Mt-CostDecrease,WV,coal to liquids,coal to liquids,coal to liquids CCS level 1,missing,missing,missing,missing,missing,missing,missing,MTC
0.0,0.0,0.0,0.0,0.0,0.0,0.0,0.0238361,0.1480716,CDRIA-2035-h,1500Mt-CostDecrease,WV,coal to liquids,coal to liquids,coal to liquids CCS level 2,missing,missing,missing,missing,missing,missing,missing,MTC
0.183423,0.173072,0.549978,0.555773,0.555409,0.549609,0.564127,0.590183,0.631674,CDRIA-2035-h,1500Mt-CostDecrease,WV,industrial feedstocks,refined liquids,refined liquids,missing,missing,missing,missing,missing,missing,missing,MTC
0.0,0.0,0.0,1.63544E-8,5.93872E-8,0.0181897,9.03419E-7,1.89557E-6,3.57426E-6,CDRIA-2035-h,1500Mt-CostDecrease,WV,lime,gas (CCS),lime,missing,missing,missing,missing,missing,missing,missing,MTC
0.0,0.0,0.0,0.00106608,0.034929,0.115334,1.48906E-8,2.70645E-8,0.0,CDRIA-2035-h,1500Mt-CostDecrease,WI,DAC,DAC,DAC_solvent (oxy CCS),missing,missing,missing,missing,missing,missing,missing,MTC
0.0,0.0,0.0,0.0465082,0.0636102,0.0890097,1.33811E-5,3.39296E-5,0.0,CDRIA-2035-h,1500Mt-CostDecrease,WI,DAC,DAC,DAC_sorbent (oxy CCS),missing,missing,missing,missing,missing,missing,missing,MTC
0.0,0.0,0.0,0.00662685,0.0321817,0.08010847000000001,0.09890523999999999,0.13494607,0.18785245,CDRIA-2035-h,1500Mt-CostDecrease,WI,biorefining,biomass liquids,FT biofuels CCS level 1,missing,missing,missing,missing,missing,missing,missing,MTC
0.0,0.0,0.0,0.00603206,0.02947363,0.07363354999999999,0.09099539,0.12401079,0.18315066000000002,CDRIA-2035-h,1500Mt-CostDecrease,WI,biorefining,biomass liquids,FT biofuels CCS level 2,missing,missing,missing,missing,missing,missing,missing,MTC
0.0,0.0,0.0,0.00893021,0.04175426,0.10083033,0.12318759,0.16449468999999997,0.19360721,CDRIA-2035-h,1500Mt-CostDecrease,WI,biorefining,biomass liquids,cellulosic ethanol CCS level 1,missing,missing,missing,missing,missing,missing,missing,MTC
0.0,0.0,0.0,0.014919,0.07173399999999999,0.1766668,0.2171477,0.2922685,0.4341942999999999,CDRIA-2035-h,1500Mt-CostDecrease,WI,biorefining,biomass liquids,cellulosic ethanol CCS level 2,missing,missing,missing,missing,missing,missing,missing,MTC
0.0,0.0,0.0,0.0167585,0.0900635,0.129989,0.141136,0.153695,0.164081,CDRIA-2035-h,1500Mt-CostDecrease,WI,cement,cement,cement CCS,missing,missing,missing,missing,missing,missing,missing,MTC
0.928542,1.82381,1.77413,1.84378,1.89926,1.93159,2.00229,2.09682,2.2497,CDRIA-2035-h,1500Mt-CostDecrease,WI,industrial feedstocks,refined liquids,refined liquids,missing,missing,missing,missing,missing,missing,missing,MTC
0.0,0.0,0.0,8.36726E-9,3.64889E-8,0.0122544,7.96355E-7,1.85712E-6,2.48588E-8,CDRIA-2035-h,1500Mt-CostDecrease,WI,lime,gas (CCS),lime,missing,missing,missing,missing,missing,missing,missing,MTC
0.0,0.0,0.0,0.00129497,0.0378703,0.107021,5.24548E-8,9.80307E-8,3.8897E-7,CDRIA-2035-h,1500Mt-CostDecrease,WY,DAC,DAC,DAC_solvent (oxy CCS),missing,missing,missing,missing,missing,missing,missing,MTC
0.0,0.0,0.0,0.0316772,0.0331071,0.0399235,3.69687E-5,1.03663E-4,8.78693E-4,CDRIA-2035-h,1500Mt-CostDecrease,WY,DAC,DAC,DAC_sorbent (oxy CCS),missing,missing,missing,missing,missing,missing,missing,MTC
0.0,0.0,0.0,0.00676948,0.03301895,0.08245764,0.10196250000000001,0.13980503,0.15018144999999997,CDRIA-2035-h,1500Mt-CostDecrease,WY,biorefining,biomass liquids,FT biofuels CCS level 1,missing,missing,missing,missing,missing,missing,missing,MTC
0.0,0.0,0.0,0.00617078,0.03028387,0.07590102,0.09394198000000001,0.12865512,0.13800609,CDRIA-2035-h,1500Mt-CostDecrease,WY,biorefining,biomass liquids,FT biofuels CCS level 2,missing,missing,missing,missing,missing,missing,missing,MTC
0.0,0.0,0.0,0.00908083,0.042645590000000004,0.10331477,0.12641225,0.16959965999999999,0.18065762,CDRIA-2035-h,1500Mt-CostDecrease,WY,biorefining,biomass liquids,cellulosic ethanol CCS level 1,missing,missing,missing,missing,missing,missing,missing,MTC
0.0,0.0,0.0,0.0152722,0.0737516,0.1822118,0.22430060000000002,0.30332970000000004,0.32364030000000005,CDRIA-2035-h,1500Mt-CostDecrease,WY,biorefining,biomass liquids,cellulosic ethanol CCS level 2,missing,missing,missing,missing,missing,missing,missing,MTC
0.0,0.0,0.0,0.0,0.0,0.0,0.0,0.0465697,0.2680683,CDRIA-2035-h,1500Mt-CostDecrease,WY,coal to liquids,coal to liquids,coal to liquids CCS level 1,missing,missing,missing,missing,missing,missing,missing,MTC
0.0,0.0,0.0,0.0,0.0,0.0,0.0,0.0672175,0.4153476,CDRIA-2035-h,1500Mt-CostDecrease,WY,coal to liquids,coal to liquids,coal to liquids CCS level 2,missing,missing,missing,missing,missing,missing,missing,MTC
0.240537,0.153088,0.463136,0.469421,0.474919,0.476711,0.495199,0.52276,0.56916,CDRIA-2035-h,1500Mt-CostDecrease,WY,industrial feedstocks,refined liquids,refined liquids,missing,missing,missing,missing,missing,missing,missing,MTC
0.0,0.0,0.0,3.58402E-9,9.93655E-9,0.00300067,6.58419E-8,1.31887E-7,1.23096E-7,CDRIA-2035-h,1500Mt-CostDecrease,WY,lime,gas (CCS),lime,missing,missing,missing,missing,missing,missing,missing,MTC
