1990,2005,2020,2025,2030,2035,2040,2045,2050,scenario,baseline,GCAM,sector,subsector,technology,output,concentration,input,product,fuel,LandLeaf,GHG,Units
0.0,0.0,0.0,0.0,0.0,0.0145074,0.0201957,0.0293746,0.0399809,nothing,nothing,Africa_Eastern,DAC,DAC,DAC_solvent (oxy CCS),missing,missing,missing,missing,missing,missing,missing,MTC
0.0,0.0,0.0,0.0,0.0,0.00541719,0.0113881,0.0244211,0.0497051,nothing,nothing,Africa_Eastern,DAC,DAC,DAC_sorbent (oxy CCS),missing,missing,missing,missing,missing,missing,missing,MTC
0.0,0.0,0.0,0.0,0.0,0.443535,0.547527,0.631609,0.683136,nothing,nothing,Africa_Eastern,H2 central production,biomass,biomass to H2 CCS,missing,missing,missing,missing,missing,missing,missing,MTC
0.0,0.0,0.0,0.0,0.0,0.0138392,0.129182,0.332533,0.647457,nothing,nothing,Africa_Eastern,H2 central production,coal,coal chemical CCS,missing,missing,missing,missing,missing,missing,missing,MTC
0.0,0.0,0.0,0.0,0.0,0.010505,0.044285,0.108233,0.206382,nothing,nothing,Africa_Eastern,H2 central production,gas,natural gas steam reforming CCS,missing,missing,missing,missing,missing,missing,missing,MTC
0.0,0.0,0.0,0.0,0.0,0.0192361,0.0503609,0.0908354,0.1407362,nothing,nothing,Africa_Eastern,N fertilizer,gas,gas CCS,missing,missing,missing,missing,missing,missing,missing,MTC
0.0,0.0,0.0,0.0,0.0,0.248223,0.524041,0.888604,1.324911,nothing,nothing,Africa_Eastern,biorefining,biomass liquids,FT biofuels CCS level 1,missing,missing,missing,missing,missing,missing,missing,MTC
0.0,0.0,0.0,0.0,0.0,0.289729,0.602581,1.005101,1.4745510000000002,nothing,nothing,Africa_Eastern,biorefining,biomass liquids,FT biofuels CCS level 2,missing,missing,missing,missing,missing,missing,missing,MTC
0.0,0.0,0.0,0.0,0.0,0.142911,0.308785,0.5366150000000001,0.820649,nothing,nothing,Africa_Eastern,biorefining,biomass liquids,cellulosic ethanol CCS level 1,missing,missing,missing,missing,missing,missing,missing,MTC
0.0,0.0,0.0,0.0,0.0,0.752669,1.535978,2.511109,3.615379,nothing,nothing,Africa_Eastern,biorefining,biomass liquids,cellulosic ethanol CCS level 2,missing,missing,missing,missing,missing,missing,missing,MTC
0.0,0.0,0.0,0.0,0.0,0.261624,1.0566,2.07619,3.47866,nothing,nothing,Africa_Eastern,cement,cement,cement CCS,missing,missing,missing,missing,missing,missing,missing,MTC
0.0,0.0,0.0,0.0,0.0,0.0,0.0294148,0.0788331,0.1347175,nothing,nothing,Africa_Eastern,elec_biomass (IGCC CCS),biomass (IGCC CCS),biomass (IGCC CCS) (dry cooling),missing,missing,missing,missing,missing,missing,missing,MTC
0.0,0.0,0.0,0.0,0.0,0.0,2.91992E-4,0.00222535,0.005857579,nothing,nothing,Africa_Eastern,elec_biomass (IGCC CCS),biomass (IGCC CCS),biomass (IGCC CCS) (once through),missing,missing,missing,missing,missing,missing,missing,MTC
0.0,0.0,0.0,0.0,0.0,0.713909,1.605686,2.386148,3.0991660000000003,nothing,nothing,Africa_Eastern,elec_biomass (IGCC CCS),biomass (IGCC CCS),biomass (IGCC CCS) (recirculating),missing,missing,missing,missing,missing,missing,missing,MTC
0.0,0.0,0.0,0.0,0.0,0.027458,0.0722599,0.1064374,0.1364942,nothing,nothing,Africa_Eastern,elec_biomass (IGCC CCS),biomass (IGCC CCS),biomass (IGCC CCS) (seawater),missing,missing,missing,missing,missing,missing,missing,MTC
0.0,0.0,0.0,0.0,0.0,0.00443467,0.03384582,0.11071838,0.28749309,nothing,nothing,Africa_Eastern,elec_biomass (conv CCS),biomass (conv CCS),biomass (conv CCS) (dry cooling),missing,missing,missing,missing,missing,missing,missing,MTC
0.0,0.0,0.0,0.0,0.0,0.00215935,0.01205939,0.03204684,0.06812876,nothing,nothing,Africa_Eastern,elec_biomass (conv CCS),biomass (conv CCS),biomass (conv CCS) (once through),missing,missing,missing,missing,missing,missing,missing,MTC
0.0,0.0,0.0,0.0,0.0,0.00634451,0.05034251,0.16832866000000002,0.44572693,nothing,nothing,Africa_Eastern,elec_biomass (conv CCS),biomass (conv CCS),biomass (conv CCS) (recirculating),missing,missing,missing,missing,missing,missing,missing,MTC
0.0,0.0,0.0,0.0,0.0,0.00663997,0.053465160000000005,0.18043515000000002,0.48241048,nothing,nothing,Africa_Eastern,elec_biomass (conv CCS),biomass (conv CCS),biomass (conv CCS) (seawater),missing,missing,missing,missing,missing,missing,missing,MTC
0.0,0.0,0.0,0.0,0.0,1.6724E-4,0.001272059,0.00381658,0.008774466,nothing,nothing,Africa_Eastern,elec_coal (IGCC CCS),coal (IGCC CCS),coal (IGCC CCS) (dry cooling),missing,missing,missing,missing,missing,missing,missing,MTC
0.0,0.0,0.0,0.0,0.0,1.10831E-5,7.01179E-5,2.203208E-4,4.95188E-4,nothing,nothing,Africa_Eastern,elec_coal (IGCC CCS),coal (IGCC CCS),coal (IGCC CCS) (once through),missing,missing,missing,missing,missing,missing,missing,MTC
0.0,0.0,0.0,0.0,0.0,0.00246916,0.019000709999999997,0.054600840000000005,0.12267327,nothing,nothing,Africa_Eastern,elec_coal (IGCC CCS),coal (IGCC CCS),coal (IGCC CCS) (recirculating),missing,missing,missing,missing,missing,missing,missing,MTC
0.0,0.0,0.0,0.0,0.0,1.05736E-4,8.184830000000001E-4,0.002337227,0.005238559,nothing,nothing,Africa_Eastern,elec_coal (IGCC CCS),coal (IGCC CCS),coal (IGCC CCS) (seawater),missing,missing,missing,missing,missing,missing,missing,MTC
0.0,0.0,0.0,0.0,0.0,6.87487E-4,0.004698889,0.012542907,0.02638924,nothing,nothing,Africa_Eastern,elec_coal (conv pul CCS),coal (conv pul CCS),coal (conv pul CCS) (dry cooling),missing,missing,missing,missing,missing,missing,missing,MTC
0.0,0.0,0.0,0.0,0.0,8.2089E-5,4.69753E-4,0.0013034769,0.0026763059000000002,nothing,nothing,Africa_Eastern,elec_coal (conv pul CCS),coal (conv pul CCS),coal (conv pul CCS) (once through),missing,missing,missing,missing,missing,missing,missing,MTC
0.0,0.0,0.0,0.0,0.0,0.00139419,0.00958461,0.02472315,0.05098326,nothing,nothing,Africa_Eastern,elec_coal (conv pul CCS),coal (conv pul CCS),coal (conv pul CCS) (recirculating),missing,missing,missing,missing,missing,missing,missing,MTC
0.0,0.0,0.0,0.0,0.0,0.00161778,0.011230799999999999,0.028762660000000002,0.05917741,nothing,nothing,Africa_Eastern,elec_coal (conv pul CCS),coal (conv pul CCS),coal (conv pul CCS) (seawater),missing,missing,missing,missing,missing,missing,missing,MTC
0.0,0.0,0.0,0.0,0.0,6.53692E-4,0.0017452508,0.0024579275,0.0033554229,nothing,nothing,Africa_Eastern,elec_gas (CC CCS),biogas (CC CCS),biogas (CC CCS) (dry cooling),missing,missing,missing,missing,missing,missing,missing,MTC
0.0,0.0,0.0,0.0,0.0,6.8502E-4,0.001849139,0.0026311746000000002,0.003594011,nothing,nothing,Africa_Eastern,elec_gas (CC CCS),biogas (CC CCS),biogas (CC CCS) (recirculating),missing,missing,missing,missing,missing,missing,missing,MTC
0.0,0.0,0.0,0.0,0.0,1.18752E-4,3.210944E-4,4.573565E-4,6.252295E-4,nothing,nothing,Africa_Eastern,elec_gas (CC CCS),biogas (CC CCS),biogas (CC CCS) (seawater),missing,missing,missing,missing,missing,missing,missing,MTC
0.0,0.0,0.0,0.0,0.0,0.00240136,0.00815759,0.01586857,0.02620476,nothing,nothing,Africa_Eastern,elec_gas (CC CCS),gas (CC CCS),gas (CC CCS) (dry cooling),missing,missing,missing,missing,missing,missing,missing,MTC
0.0,0.0,0.0,0.0,0.0,0.00130377,0.00429334,0.00814556,0.013081510000000001,nothing,nothing,Africa_Eastern,elec_gas (CC CCS),gas (CC CCS),gas (CC CCS) (once through),missing,missing,missing,missing,missing,missing,missing,MTC
0.0,0.0,0.0,0.0,0.0,0.025394,0.0861342,0.1678268,0.2776611,nothing,nothing,Africa_Eastern,elec_gas (CC CCS),gas (CC CCS),gas (CC CCS) (recirculating),missing,missing,missing,missing,missing,missing,missing,MTC
0.0,0.0,0.0,0.0,0.0,0.00102083,0.003464943,0.006756524,0.011187883,nothing,nothing,Africa_Eastern,elec_gas (CC CCS),gas (CC CCS),gas (CC CCS) (seawater),missing,missing,missing,missing,missing,missing,missing,MTC
0.0,0.0,0.0,0.0,0.0,0.067136,0.11599414999999999,0.12159718,0.13163262,nothing,nothing,Africa_Eastern,elec_refined liquids (CC CCS),refined liquids (CC CCS),refined liquids (CC CCS) (dry cooling),missing,missing,missing,missing,missing,missing,missing,MTC
0.0,0.0,0.0,0.0,0.0,0.027164,0.044059110000000005,0.04480856,0.046959542,nothing,nothing,Africa_Eastern,elec_refined liquids (CC CCS),refined liquids (CC CCS),refined liquids (CC CCS) (once through),missing,missing,missing,missing,missing,missing,missing,MTC
0.0,0.0,0.0,0.0,0.0,0.601786,1.0579933,1.1208164,1.2146420999999998,nothing,nothing,Africa_Eastern,elec_refined liquids (CC CCS),refined liquids (CC CCS),refined liquids (CC CCS) (recirculating),missing,missing,missing,missing,missing,missing,missing,MTC
0.0,0.0,0.0,0.0,0.0,0.0235924,0.041523569999999996,0.04400809,0.047712809999999994,nothing,nothing,Africa_Eastern,elec_refined liquids (CC CCS),refined liquids (CC CCS),refined liquids (CC CCS) (seawater),missing,missing,missing,missing,missing,missing,missing,MTC
0.212511,0.366635,0.875148,1.40289,2.29057,3.59754,5.70322,8.35854,11.9325,nothing,nothing,Africa_Eastern,industrial feedstocks,refined liquids,refined liquids,missing,missing,missing,missing,missing,missing,missing,MTC
0.0,0.0,0.0,0.0,0.0,0.0283782,0.0501166,0.0701187,0.0962046,nothing,nothing,Africa_Eastern,lime,gas (CCS),lime (oxyflash CCS),missing,missing,missing,missing,missing,missing,missing,MTC
0.0,0.0,0.0,0.0,0.0,0.0336097,0.1101554,0.2802423,0.618017,nothing,nothing,Africa_Eastern,refining,coal to liquids,coal to liquids CCS level 1,missing,missing,missing,missing,missing,missing,missing,MTC
0.0,0.0,0.0,0.0,0.0,0.0277088,0.0962656,0.2540534,0.5778095999999999,nothing,nothing,Africa_Eastern,refining,coal to liquids,coal to liquids CCS level 2,missing,missing,missing,missing,missing,missing,missing,MTC
0.0,0.0,0.0,0.0,0.0,0.0512538,0.0563436,0.0609312,0.0624758,nothing,nothing,Africa_Northern,DAC,DAC,DAC_solvent (oxy CCS),missing,missing,missing,missing,missing,missing,missing,MTC
0.0,0.0,0.0,0.0,0.0,0.0117375,0.0200946,0.0319384,0.0497752,nothing,nothing,Africa_Northern,DAC,DAC,DAC_sorbent (oxy CCS),missing,missing,missing,missing,missing,missing,missing,MTC
0.0,0.0,0.0,0.0,0.0,0.0976764,0.118431,0.117268,0.112189,nothing,nothing,Africa_Northern,H2 central production,biomass,biomass to H2 CCS,missing,missing,missing,missing,missing,missing,missing,MTC
0.0,0.0,0.0,0.0,0.0,0.00313352,0.0296774,0.0655653,0.112744,nothing,nothing,Africa_Northern,H2 central production,coal,coal chemical CCS,missing,missing,missing,missing,missing,missing,missing,MTC
0.0,0.0,0.0,0.0,0.0,0.00386363,0.0193329,0.0434942,0.0739818,nothing,nothing,Africa_Northern,H2 central production,gas,natural gas steam reforming CCS,missing,missing,missing,missing,missing,missing,missing,MTC
0.0,0.0,0.0,0.0,0.0,0.071125,0.1886109,0.3163034,0.4520426,nothing,nothing,Africa_Northern,N fertilizer,gas,gas CCS,missing,missing,missing,missing,missing,missing,missing,MTC
0.0,0.0,0.0,0.0,0.0,0.531475,1.019314,1.456807,1.9660269999999997,nothing,nothing,Africa_Northern,biorefining,biomass liquids,FT biofuels CCS level 1,missing,missing,missing,missing,missing,missing,missing,MTC
0.0,0.0,0.0,0.0,0.0,0.617791,1.168946,1.649236,2.192932,nothing,nothing,Africa_Northern,biorefining,biomass liquids,FT biofuels CCS level 2,missing,missing,missing,missing,missing,missing,missing,MTC
0.0,0.0,0.0,0.0,0.0,0.309602,0.6053310000000001,0.8818870000000001,1.2187329999999998,nothing,nothing,Africa_Northern,biorefining,biomass liquids,cellulosic ethanol CCS level 1,missing,missing,missing,missing,missing,missing,missing,MTC
0.0,0.0,0.0,0.0,0.0,1.61756,3.00789,4.17894,5.4646300000000005,nothing,nothing,Africa_Northern,biorefining,biomass liquids,cellulosic ethanol CCS level 2,missing,missing,missing,missing,missing,missing,missing,MTC
0.0,0.0,0.0,0.0,0.0,1.02893,3.26825,5.00104,6.46024,nothing,nothing,Africa_Northern,cement,cement,cement CCS,missing,missing,missing,missing,missing,missing,missing,MTC
0.0,0.0,0.0,0.0,0.0,0.0,0.00532046,0.01736282,0.030129,nothing,nothing,Africa_Northern,elec_biomass (IGCC CCS),biomass (IGCC CCS),biomass (IGCC CCS) (dry cooling),missing,missing,missing,missing,missing,missing,missing,MTC
0.0,0.0,0.0,0.0,0.0,0.0,7.64003E-6,9.053642E-5,2.4336493999999997E-4,nothing,nothing,Africa_Northern,elec_biomass (IGCC CCS),biomass (IGCC CCS),biomass (IGCC CCS) (once through),missing,missing,missing,missing,missing,missing,missing,MTC
0.0,0.0,0.0,0.0,0.0,5.57983E-8,0.1310140553259,0.3070260548125,0.4640970538624,nothing,nothing,Africa_Northern,elec_biomass (IGCC CCS),biomass (IGCC CCS),biomass (IGCC CCS) (recirculating),missing,missing,missing,missing,missing,missing,missing,MTC
0.0,0.0,0.0,0.0,0.0,0.169674,0.17527787,0.18182063,0.18589470000000002,nothing,nothing,Africa_Northern,elec_biomass (IGCC CCS),biomass (IGCC CCS),biomass (IGCC CCS) (seawater),missing,missing,missing,missing,missing,missing,missing,MTC
0.0,0.0,0.0,0.0,0.0,0.0010559,0.005702962,0.02438751,0.064863047,nothing,nothing,Africa_Northern,elec_biomass (conv CCS),biomass (conv CCS),biomass (conv CCS) (dry cooling),missing,missing,missing,missing,missing,missing,missing,MTC
0.0,0.0,0.0,0.0,0.0,2.54446E-4,7.290665E-4,0.002105509,0.003676197,nothing,nothing,Africa_Northern,elec_biomass (conv CCS),biomass (conv CCS),biomass (conv CCS) (once through),missing,missing,missing,missing,missing,missing,missing,MTC
0.0,0.0,0.0,0.0,0.0,0.0014782,0.00822673,0.03564069,0.09574496,nothing,nothing,Africa_Northern,elec_biomass (conv CCS),biomass (conv CCS),biomass (conv CCS) (recirculating),missing,missing,missing,missing,missing,missing,missing,MTC
0.0,0.0,0.0,0.0,0.0,0.00158253,0.00902981,0.03981676,0.10871245,nothing,nothing,Africa_Northern,elec_biomass (conv CCS),biomass (conv CCS),biomass (conv CCS) (seawater),missing,missing,missing,missing,missing,missing,missing,MTC
0.0,0.0,0.0,0.0,0.0,2.50536E-4,0.001240668,0.004340518,0.009564422999999999,nothing,nothing,Africa_Northern,elec_coal (IGCC CCS),coal (IGCC CCS),coal (IGCC CCS) (dry cooling),missing,missing,missing,missing,missing,missing,missing,MTC
0.0,0.0,0.0,0.0,0.0,3.74997E-6,1.293368E-5,4.3795510000000005E-5,8.582781999999999E-5,nothing,nothing,Africa_Northern,elec_coal (IGCC CCS),coal (IGCC CCS),coal (IGCC CCS) (once through),missing,missing,missing,missing,missing,missing,missing,MTC
0.0,0.0,0.0,0.0,0.0,0.00357378,0.01791404,0.059790159999999995,0.12864178,nothing,nothing,Africa_Northern,elec_coal (IGCC CCS),coal (IGCC CCS),coal (IGCC CCS) (recirculating),missing,missing,missing,missing,missing,missing,missing,MTC
0.0,0.0,0.0,0.0,0.0,1.58752E-4,8.06705E-4,0.002676402,0.005753025,nothing,nothing,Africa_Northern,elec_coal (IGCC CCS),coal (IGCC CCS),coal (IGCC CCS) (seawater),missing,missing,missing,missing,missing,missing,missing,MTC
0.0,0.0,0.0,0.0,0.0,0.00104794,0.0047154499999999995,0.01449298,0.02938158,nothing,nothing,Africa_Northern,elec_coal (conv pul CCS),coal (conv pul CCS),coal (conv pul CCS) (dry cooling),missing,missing,missing,missing,missing,missing,missing,MTC
0.0,0.0,0.0,0.0,0.0,2.93198E-5,9.205570000000001E-5,2.695397E-4,4.745229E-4,nothing,nothing,Africa_Northern,elec_coal (conv pul CCS),coal (conv pul CCS),coal (conv pul CCS) (once through),missing,missing,missing,missing,missing,missing,missing,MTC
0.0,0.0,0.0,0.0,0.0,0.0019823,0.00891264,0.026353559999999998,0.05225412,nothing,nothing,Africa_Northern,elec_coal (conv pul CCS),coal (conv pul CCS),coal (conv pul CCS) (recirculating),missing,missing,missing,missing,missing,missing,missing,MTC
0.0,0.0,0.0,0.0,0.0,0.00247037,0.01137176,0.03342798,0.06631395,nothing,nothing,Africa_Northern,elec_coal (conv pul CCS),coal (conv pul CCS),coal (conv pul CCS) (seawater),missing,missing,missing,missing,missing,missing,missing,MTC
0.0,0.0,0.0,0.0,0.0,0.0056612,0.010106908,0.018719109,0.022855803,nothing,nothing,Africa_Northern,elec_gas (CC CCS),biogas (CC CCS),biogas (CC CCS) (dry cooling),missing,missing,missing,missing,missing,missing,missing,MTC
0.0,0.0,0.0,0.0,0.0,0.00583602,0.010526306,0.01950992,0.023977696,nothing,nothing,Africa_Northern,elec_gas (CC CCS),biogas (CC CCS),biogas (CC CCS) (recirculating),missing,missing,missing,missing,missing,missing,missing,MTC
0.0,0.0,0.0,0.0,0.0,0.00102413,0.001855237,0.003447146,0.0042489871000000005,nothing,nothing,Africa_Northern,elec_gas (CC CCS),biogas (CC CCS),biogas (CC CCS) (seawater),missing,missing,missing,missing,missing,missing,missing,MTC
0.0,0.0,0.0,0.0,0.0,0.0432877,0.11499400000000001,0.2498229,0.40413370000000004,nothing,nothing,Africa_Northern,elec_gas (CC CCS),gas (CC CCS),gas (CC CCS) (dry cooling),missing,missing,missing,missing,missing,missing,missing,MTC
0.0,0.0,0.0,0.0,0.0,0.013038,0.0316342,0.0633045,0.095768,nothing,nothing,Africa_Northern,elec_gas (CC CCS),gas (CC CCS),gas (CC CCS) (once through),missing,missing,missing,missing,missing,missing,missing,MTC
0.0,0.0,0.0,0.0,0.0,0.485147,1.285093,2.786102,4.493213,nothing,nothing,Africa_Northern,elec_gas (CC CCS),gas (CC CCS),gas (CC CCS) (recirculating),missing,missing,missing,missing,missing,missing,missing,MTC
0.0,0.0,0.0,0.0,0.0,0.0201195,0.053467,0.1162922,0.1879632,nothing,nothing,Africa_Northern,elec_gas (CC CCS),gas (CC CCS),gas (CC CCS) (seawater),missing,missing,missing,missing,missing,missing,missing,MTC
0.0,0.0,0.0,0.0,0.0,0.110969,0.1562896,0.2761205,0.3619913,nothing,nothing,Africa_Northern,elec_refined liquids (CC CCS),refined liquids (CC CCS),refined liquids (CC CCS) (dry cooling),missing,missing,missing,missing,missing,missing,missing,MTC
0.0,0.0,0.0,0.0,0.0,0.0230661,0.0231835,0.03329265,0.03218222,nothing,nothing,Africa_Northern,elec_refined liquids (CC CCS),refined liquids (CC CCS),refined liquids (CC CCS) (once through),missing,missing,missing,missing,missing,missing,missing,MTC
0.0,0.0,0.0,0.0,0.0,1.01214,1.493658,2.6754,3.6024339999999997,nothing,nothing,Africa_Northern,elec_refined liquids (CC CCS),refined liquids (CC CCS),refined liquids (CC CCS) (recirculating),missing,missing,missing,missing,missing,missing,missing,MTC
0.0,0.0,0.0,0.0,0.0,0.040167,0.0596878,0.1073346,0.1453029,nothing,nothing,Africa_Northern,elec_refined liquids (CC CCS),refined liquids (CC CCS),refined liquids (CC CCS) (seawater),missing,missing,missing,missing,missing,missing,missing,MTC
2.57645,3.48152,3.45067,4.32309,5.43757,6.69196,8.75482,10.6561,12.6855,nothing,nothing,Africa_Northern,industrial feedstocks,refined liquids,refined liquids,missing,missing,missing,missing,missing,missing,missing,MTC
0.0,0.0,0.0,0.0,0.0,0.0462095,0.0700243,0.0790255,0.0890434,nothing,nothing,Africa_Northern,lime,gas (CCS),lime (oxyflash CCS),missing,missing,missing,missing,missing,missing,missing,MTC
0.0,0.0,0.0,0.0,0.0,0.0158724,0.0471136,0.09157309999999999,0.1389416,nothing,nothing,Africa_Northern,refining,coal to liquids,coal to liquids CCS level 1,missing,missing,missing,missing,missing,missing,missing,MTC
0.0,0.0,0.0,0.0,0.0,0.013033,0.0409695,0.0820617,0.1271963,nothing,nothing,Africa_Northern,refining,coal to liquids,coal to liquids CCS level 2,missing,missing,missing,missing,missing,missing,missing,MTC
0.0,0.0,0.0,0.0,0.0,0.00797241,0.00788018,0.00915765,0.0106422,nothing,nothing,Africa_Southern,DAC,DAC,DAC_solvent (oxy CCS),missing,missing,missing,missing,missing,missing,missing,MTC
0.0,0.0,0.0,0.0,0.0,0.00292716,0.0048533,0.00847849,0.0148817,nothing,nothing,Africa_Southern,DAC,DAC,DAC_sorbent (oxy CCS),missing,missing,missing,missing,missing,missing,missing,MTC
0.0,0.0,0.0,0.0,0.0,0.209265,0.249012,0.286052,0.309721,nothing,nothing,Africa_Southern,H2 central production,biomass,biomass to H2 CCS,missing,missing,missing,missing,missing,missing,missing,MTC
0.0,0.0,0.0,0.0,0.0,0.00705166,0.0617914,0.150711,0.279238,nothing,nothing,Africa_Southern,H2 central production,coal,coal chemical CCS,missing,missing,missing,missing,missing,missing,missing,MTC
0.0,0.0,0.0,0.0,0.0,0.00578055,0.0234948,0.0568652,0.105882,nothing,nothing,Africa_Southern,H2 central production,gas,natural gas steam reforming CCS,missing,missing,missing,missing,missing,missing,missing,MTC
0.0,0.0,0.0,0.0,0.0,0.0154811,0.0418942,0.0794245,0.1277962,nothing,nothing,Africa_Southern,N fertilizer,gas,gas CCS,missing,missing,missing,missing,missing,missing,missing,MTC
0.0,0.0,0.0,0.0,0.0,0.138968,0.26946800000000004,0.43353600000000003,0.642678,nothing,nothing,Africa_Southern,biorefining,biomass liquids,FT biofuels CCS level 1,missing,missing,missing,missing,missing,missing,missing,MTC
0.0,0.0,0.0,0.0,0.0,0.162821,0.31106900000000004,0.49272499999999997,0.7186699999999999,nothing,nothing,Africa_Southern,biorefining,biomass liquids,FT biofuels CCS level 2,missing,missing,missing,missing,missing,missing,missing,MTC
0.0,0.0,0.0,0.0,0.0,0.0789476,0.157126,0.259152,0.39448759999999994,nothing,nothing,Africa_Southern,biorefining,biomass liquids,cellulosic ethanol CCS level 1,missing,missing,missing,missing,missing,missing,missing,MTC
0.0,0.0,0.0,0.0,0.0,0.42209,0.792225,1.231406,1.762182,nothing,nothing,Africa_Southern,biorefining,biomass liquids,cellulosic ethanol CCS level 2,missing,missing,missing,missing,missing,missing,missing,MTC
0.0,0.0,0.0,0.0,0.0,0.138255,0.475044,0.882764,1.42337,nothing,nothing,Africa_Southern,cement,cement,cement CCS,missing,missing,missing,missing,missing,missing,missing,MTC
0.0,0.0,0.0,0.0,0.0,0.0,8.68567E-4,0.004446132,0.010363719,nothing,nothing,Africa_Southern,elec_biomass (IGCC CCS),biomass (IGCC CCS),biomass (IGCC CCS) (dry cooling),missing,missing,missing,missing,missing,missing,missing,MTC
0.0,0.0,0.0,0.0,0.0,0.0,4.74238E-4,0.0025450779999999997,0.006068964,nothing,nothing,Africa_Southern,elec_biomass (IGCC CCS),biomass (IGCC CCS),biomass (IGCC CCS) (once through),missing,missing,missing,missing,missing,missing,missing,MTC
0.0,0.0,0.0,0.0,0.0,0.0335488,0.0637652,0.1247613,0.2059933,nothing,nothing,Africa_Southern,elec_biomass (IGCC CCS),biomass (IGCC CCS),biomass (IGCC CCS) (recirculating),missing,missing,missing,missing,missing,missing,missing,MTC
0.0,0.0,0.0,0.0,0.0,0.00129034,0.0026702899999999996,0.00521754,0.008527739999999999,nothing,nothing,Africa_Southern,elec_biomass (IGCC CCS),biomass (IGCC CCS),biomass (IGCC CCS) (seawater),missing,missing,missing,missing,missing,missing,missing,MTC
0.0,0.0,0.0,0.0,0.0,1.90978E-4,0.001098603,0.006555404999999999,0.024077485000000003,nothing,nothing,Africa_Southern,elec_biomass (conv CCS),biomass (conv CCS),biomass (conv CCS) (dry cooling),missing,missing,missing,missing,missing,missing,missing,MTC
0.0,0.0,0.0,0.0,0.0,2.24745E-4,0.001248092,0.007176228,0.025588282,nothing,nothing,Africa_Southern,elec_biomass (conv CCS),biomass (conv CCS),biomass (conv CCS) (once through),missing,missing,missing,missing,missing,missing,missing,MTC
0.0,0.0,0.0,0.0,0.0,2.79368E-4,0.001673018,0.010323113,0.039057115999999996,nothing,nothing,Africa_Southern,elec_biomass (conv CCS),biomass (conv CCS),biomass (conv CCS) (recirculating),missing,missing,missing,missing,missing,missing,missing,MTC
0.0,0.0,0.0,0.0,0.0,2.85293E-4,0.001718155,0.0106552,0.040491171,nothing,nothing,Africa_Southern,elec_biomass (conv CCS),biomass (conv CCS),biomass (conv CCS) (seawater),missing,missing,missing,missing,missing,missing,missing,MTC
0.0,0.0,0.0,0.0,0.0,2.95507E-4,0.001724602,0.009287991,0.029158193,nothing,nothing,Africa_Southern,elec_coal (IGCC CCS),coal (IGCC CCS),coal (IGCC CCS) (dry cooling),missing,missing,missing,missing,missing,missing,missing,MTC
0.0,0.0,0.0,0.0,0.0,1.99322E-4,0.001088569,0.005645585999999999,0.017377195999999998,nothing,nothing,Africa_Southern,elec_coal (IGCC CCS),coal (IGCC CCS),coal (IGCC CCS) (once through),missing,missing,missing,missing,missing,missing,missing,MTC
0.0,0.0,0.0,0.0,0.0,0.00474197,0.02770181,0.13831907999999998,0.41939307000000003,nothing,nothing,Africa_Southern,elec_coal (IGCC CCS),coal (IGCC CCS),coal (IGCC CCS) (recirculating),missing,missing,missing,missing,missing,missing,missing,MTC
0.0,0.0,0.0,0.0,0.0,1.962E-4,0.001147454,0.005685171,0.017176902,nothing,nothing,Africa_Southern,elec_coal (IGCC CCS),coal (IGCC CCS),coal (IGCC CCS) (seawater),missing,missing,missing,missing,missing,missing,missing,MTC
0.0,0.0,0.0,0.0,0.0,0.00111485,0.00582678,0.02671183,0.07585108,nothing,nothing,Africa_Southern,elec_coal (conv pul CCS),coal (conv pul CCS),coal (conv pul CCS) (dry cooling),missing,missing,missing,missing,missing,missing,missing,MTC
0.0,0.0,0.0,0.0,0.0,0.0012431,0.00610665,0.02711198,0.07566502,nothing,nothing,Africa_Southern,elec_coal (conv pul CCS),coal (conv pul CCS),coal (conv pul CCS) (once through),missing,missing,missing,missing,missing,missing,missing,MTC
0.0,0.0,0.0,0.0,0.0,0.00254131,0.01328005,0.05705521,0.15704018,nothing,nothing,Africa_Southern,elec_coal (conv pul CCS),coal (conv pul CCS),coal (conv pul CCS) (recirculating),missing,missing,missing,missing,missing,missing,missing,MTC
0.0,0.0,0.0,0.0,0.0,0.00274344,0.01436437,0.06127172,0.16807017999999999,nothing,nothing,Africa_Southern,elec_coal (conv pul CCS),coal (conv pul CCS),coal (conv pul CCS) (seawater),missing,missing,missing,missing,missing,missing,missing,MTC
0.0,0.0,0.0,0.0,0.0,8.70642E-4,0.002132293,0.006275427,0.012320442000000001,nothing,nothing,Africa_Southern,elec_gas (CC CCS),biogas (CC CCS),biogas (CC CCS) (dry cooling),missing,missing,missing,missing,missing,missing,missing,MTC
0.0,0.0,0.0,0.0,0.0,9.23223E-4,0.002319887,0.006828075,0.01357226,nothing,nothing,Africa_Southern,elec_gas (CC CCS),biogas (CC CCS),biogas (CC CCS) (recirculating),missing,missing,missing,missing,missing,missing,missing,MTC
0.0,0.0,0.0,0.0,0.0,1.57867E-4,3.968745E-4,0.0011683432,0.0023227472999999997,nothing,nothing,Africa_Southern,elec_gas (CC CCS),biogas (CC CCS),biogas (CC CCS) (seawater),missing,missing,missing,missing,missing,missing,missing,MTC
0.0,0.0,0.0,0.0,0.0,0.00416225,0.011578689999999999,0.033741969999999996,0.07295745000000001,nothing,nothing,Africa_Southern,elec_gas (CC CCS),gas (CC CCS),gas (CC CCS) (dry cooling),missing,missing,missing,missing,missing,missing,missing,MTC
0.0,0.0,0.0,0.0,0.0,0.00372679,0.01021937,0.02944173,0.06320714,nothing,nothing,Africa_Southern,elec_gas (CC CCS),gas (CC CCS),gas (CC CCS) (once through),missing,missing,missing,missing,missing,missing,missing,MTC
0.0,0.0,0.0,0.0,0.0,0.0459934,0.1268318,0.3684195,0.7948538,nothing,nothing,Africa_Southern,elec_gas (CC CCS),gas (CC CCS),gas (CC CCS) (recirculating),missing,missing,missing,missing,missing,missing,missing,MTC
0.0,0.0,0.0,0.0,0.0,0.00182638,0.005033289999999999,0.014620459999999998,0.03154177,nothing,nothing,Africa_Southern,elec_gas (CC CCS),gas (CC CCS),gas (CC CCS) (seawater),missing,missing,missing,missing,missing,missing,missing,MTC
0.0,0.0,0.0,0.0,0.0,0.0865701,0.1672768,0.3771515,0.6285135,nothing,nothing,Africa_Southern,elec_refined liquids (CC CCS),refined liquids (CC CCS),refined liquids (CC CCS) (dry cooling),missing,missing,missing,missing,missing,missing,missing,MTC
0.0,0.0,0.0,0.0,0.0,0.0612461,0.11852970000000002,0.2644989,0.4398631,nothing,nothing,Africa_Southern,elec_refined liquids (CC CCS),refined liquids (CC CCS),refined liquids (CC CCS) (once through),missing,missing,missing,missing,missing,missing,missing,MTC
0.0,0.0,0.0,0.0,0.0,0.79004,1.5782059999999998,3.5580890000000003,6.0143260000000005,nothing,nothing,Africa_Southern,elec_refined liquids (CC CCS),refined liquids (CC CCS),refined liquids (CC CCS) (recirculating),missing,missing,missing,missing,missing,missing,missing,MTC
0.0,0.0,0.0,0.0,0.0,0.0307888,0.0615242,0.1386909,0.2344439,nothing,nothing,Africa_Southern,elec_refined liquids (CC CCS),refined liquids (CC CCS),refined liquids (CC CCS) (seawater),missing,missing,missing,missing,missing,missing,missing,MTC
0.123362,0.201169,0.556103,0.938207,1.5273,2.34335,3.53668,5.14444,7.31774,nothing,nothing,Africa_Southern,industrial feedstocks,refined liquids,refined liquids,missing,missing,missing,missing,missing,missing,missing,MTC
0.0,0.0,0.0,0.0,0.0,0.00797482,0.0116731,0.0146233,0.0191039,nothing,nothing,Africa_Southern,lime,gas (CCS),lime (oxyflash CCS),missing,missing,missing,missing,missing,missing,missing,MTC
0.0,0.0,0.0,0.0,0.0,0.0237222,0.06799250000000001,0.1805721,0.3666796,nothing,nothing,Africa_Southern,refining,coal to liquids,coal to liquids CCS level 1,missing,missing,missing,missing,missing,missing,missing,MTC
0.0,0.0,0.0,0.0,0.0,0.019517,0.0589921,0.1629154,0.3402852,nothing,nothing,Africa_Southern,refining,coal to liquids,coal to liquids CCS level 2,missing,missing,missing,missing,missing,missing,missing,MTC
0.0,0.0,0.0,0.0,0.0,0.0596734,0.0715361,0.0857169,0.0968248,nothing,nothing,Africa_Western,DAC,DAC,DAC_solvent (oxy CCS),missing,missing,missing,missing,missing,missing,missing,MTC
0.0,0.0,0.0,0.0,0.0,0.0159512,0.0312488,0.0582973,0.103365,nothing,nothing,Africa_Western,DAC,DAC,DAC_sorbent (oxy CCS),missing,missing,missing,missing,missing,missing,missing,MTC
0.0,0.0,0.0,0.0,0.0,0.729258,0.958066,1.20033,1.42732,nothing,nothing,Africa_Western,H2 central production,biomass,biomass to H2 CCS,missing,missing,missing,missing,missing,missing,missing,MTC
0.0,0.0,0.0,0.0,0.0,0.0226579,0.219959,0.615483,1.31802,nothing,nothing,Africa_Western,H2 central production,coal,coal chemical CCS,missing,missing,missing,missing,missing,missing,missing,MTC
0.0,0.0,0.0,0.0,0.0,0.0212381,0.10085,0.263207,0.542914,nothing,nothing,Africa_Western,H2 central production,gas,natural gas steam reforming CCS,missing,missing,missing,missing,missing,missing,missing,MTC
0.0,0.0,0.0,0.0,0.0,0.046297,0.11907979999999999,0.2148002,0.3312855,nothing,nothing,Africa_Western,N fertilizer,gas,gas CCS,missing,missing,missing,missing,missing,missing,missing,MTC
0.0,0.0,0.0,0.0,0.0,0.515307,1.065899,1.760827,2.640832,nothing,nothing,Africa_Western,biorefining,biomass liquids,FT biofuels CCS level 1,missing,missing,missing,missing,missing,missing,missing,MTC
0.0,0.0,0.0,0.0,0.0,0.603364,1.2289189999999999,1.9976859999999999,2.946561,nothing,nothing,Africa_Western,biorefining,biomass liquids,FT biofuels CCS level 2,missing,missing,missing,missing,missing,missing,missing,MTC
0.0,0.0,0.0,0.0,0.0,0.294993,0.626111,1.060086,1.632079,nothing,nothing,Africa_Western,biorefining,biomass liquids,cellulosic ethanol CCS level 1,missing,missing,missing,missing,missing,missing,missing,MTC
0.0,0.0,0.0,0.0,0.0,1.57031,3.13849,5.00333,7.2382800000000005,nothing,nothing,Africa_Western,biorefining,biomass liquids,cellulosic ethanol CCS level 2,missing,missing,missing,missing,missing,missing,missing,MTC
0.0,0.0,0.0,0.0,0.0,0.404218,1.65396,3.28575,5.50411,nothing,nothing,Africa_Western,cement,cement,cement CCS,missing,missing,missing,missing,missing,missing,missing,MTC
0.0,0.0,0.0,0.0,0.0,1.80271E-10,0.008694140178781,0.030847890177375,0.060288370174933,nothing,nothing,Africa_Western,elec_biomass (IGCC CCS),biomass (IGCC CCS),biomass (IGCC CCS) (dry cooling),missing,missing,missing,missing,missing,missing,missing,MTC
0.0,0.0,0.0,0.0,0.0,0.0260953,0.03449235,0.05118322,0.07103669,nothing,nothing,Africa_Western,elec_biomass (IGCC CCS),biomass (IGCC CCS),biomass (IGCC CCS) (once through),missing,missing,missing,missing,missing,missing,missing,MTC
0.0,0.0,0.0,0.0,0.0,0.290776,0.606575,0.9804889999999999,1.376267,nothing,nothing,Africa_Western,elec_biomass (IGCC CCS),biomass (IGCC CCS),biomass (IGCC CCS) (recirculating),missing,missing,missing,missing,missing,missing,missing,MTC
0.0,0.0,0.0,0.0,0.0,0.0111837,0.0255557,0.041094000000000006,0.0571599,nothing,nothing,Africa_Western,elec_biomass (IGCC CCS),biomass (IGCC CCS),biomass (IGCC CCS) (seawater),missing,missing,missing,missing,missing,missing,missing,MTC
0.0,0.0,0.0,0.0,0.0,0.00180744,0.01112565,0.044529469999999995,0.13090733999999998,nothing,nothing,Africa_Western,elec_biomass (conv CCS),biomass (conv CCS),biomass (conv CCS) (dry cooling),missing,missing,missing,missing,missing,missing,missing,MTC
0.0,0.0,0.0,0.0,0.0,0.00233541,0.0141298,0.0547351,0.15421143,nothing,nothing,Africa_Western,elec_biomass (conv CCS),biomass (conv CCS),biomass (conv CCS) (once through),missing,missing,missing,missing,missing,missing,missing,MTC
0.0,0.0,0.0,0.0,0.0,0.00264974,0.01709198,0.07030004000000001,0.21190892,nothing,nothing,Africa_Western,elec_biomass (conv CCS),biomass (conv CCS),biomass (conv CCS) (recirculating),missing,missing,missing,missing,missing,missing,missing,MTC
0.0,0.0,0.0,0.0,0.0,0.00269957,0.01750884,0.07231923,0.21893259999999998,nothing,nothing,Africa_Western,elec_biomass (conv CCS),biomass (conv CCS),biomass (conv CCS) (seawater),missing,missing,missing,missing,missing,missing,missing,MTC
0.0,0.0,0.0,0.0,0.0,4.5892E-5,3.168215E-4,0.0012422281,0.0034231934,nothing,nothing,Africa_Western,elec_coal (IGCC CCS),coal (IGCC CCS),coal (IGCC CCS) (dry cooling),missing,missing,missing,missing,missing,missing,missing,MTC
0.0,0.0,0.0,0.0,0.0,4.18458E-5,2.6771790000000003E-4,9.658148E-4,0.0024684038,nothing,nothing,Africa_Western,elec_coal (IGCC CCS),coal (IGCC CCS),coal (IGCC CCS) (once through),missing,missing,missing,missing,missing,missing,missing,MTC
0.0,0.0,0.0,0.0,0.0,7.124E-4,0.004919509,0.018285943,0.049161674,nothing,nothing,Africa_Western,elec_coal (IGCC CCS),coal (IGCC CCS),coal (IGCC CCS) (recirculating),missing,missing,missing,missing,missing,missing,missing,MTC
0.0,0.0,0.0,0.0,0.0,2.92397E-5,2.021408E-4,7.479076E-4,0.0020074917,nothing,nothing,Africa_Western,elec_coal (IGCC CCS),coal (IGCC CCS),coal (IGCC CCS) (seawater),missing,missing,missing,missing,missing,missing,missing,MTC
0.0,0.0,0.0,0.0,0.0,1.64304E-4,0.001013809,0.003495211,0.008818037,nothing,nothing,Africa_Western,elec_coal (conv pul CCS),coal (conv pul CCS),coal (conv pul CCS) (dry cooling),missing,missing,missing,missing,missing,missing,missing,MTC
0.0,0.0,0.0,0.0,0.0,2.44742E-4,0.001406447,0.004502482,0.010597908,nothing,nothing,Africa_Western,elec_coal (conv pul CCS),coal (conv pul CCS),coal (conv pul CCS) (once through),missing,missing,missing,missing,missing,missing,missing,MTC
0.0,0.0,0.0,0.0,0.0,3.65134E-4,0.0022510810000000003,0.0074112810000000005,0.018274577,nothing,nothing,Africa_Western,elec_coal (conv pul CCS),coal (conv pul CCS),coal (conv pul CCS) (recirculating),missing,missing,missing,missing,missing,missing,missing,MTC
0.0,0.0,0.0,0.0,0.0,3.89463E-4,0.002405914,0.007893285,0.019448284,nothing,nothing,Africa_Western,elec_coal (conv pul CCS),coal (conv pul CCS),coal (conv pul CCS) (seawater),missing,missing,missing,missing,missing,missing,missing,MTC
0.0,0.0,0.0,0.0,0.0,0.00774792,0.018112395,0.033473408999999996,0.050378649,nothing,nothing,Africa_Western,elec_gas (CC CCS),biogas (CC CCS),biogas (CC CCS) (dry cooling),missing,missing,missing,missing,missing,missing,missing,MTC
0.0,0.0,0.0,0.0,0.0,0.00822895,0.01945306,0.03618205,0.054816804000000004,nothing,nothing,Africa_Western,elec_gas (CC CCS),biogas (CC CCS),biogas (CC CCS) (recirculating),missing,missing,missing,missing,missing,missing,missing,MTC
0.0,0.0,0.0,0.0,0.0,0.00140535,0.003323733,0.006183888,0.009372041000000001,nothing,nothing,Africa_Western,elec_gas (CC CCS),biogas (CC CCS),biogas (CC CCS) (seawater),missing,missing,missing,missing,missing,missing,missing,MTC
0.0,0.0,0.0,0.0,0.0,0.0414083,0.1244506,0.2684588,0.4721971,nothing,nothing,Africa_Western,elec_gas (CC CCS),gas (CC CCS),gas (CC CCS) (dry cooling),missing,missing,missing,missing,missing,missing,missing,MTC
0.0,0.0,0.0,0.0,0.0,0.0395572,0.1170245,0.24866090000000002,0.4310197,nothing,nothing,Africa_Western,elec_gas (CC CCS),gas (CC CCS),gas (CC CCS) (once through),missing,missing,missing,missing,missing,missing,missing,MTC
0.0,0.0,0.0,0.0,0.0,0.464741,1.38814,2.9817299999999998,5.227804,nothing,nothing,Africa_Western,elec_gas (CC CCS),gas (CC CCS),gas (CC CCS) (recirculating),missing,missing,missing,missing,missing,missing,missing,MTC
0.0,0.0,0.0,0.0,0.0,0.01845,0.055087399999999995,0.118317,0.2074475,nothing,nothing,Africa_Western,elec_gas (CC CCS),gas (CC CCS),gas (CC CCS) (seawater),missing,missing,missing,missing,missing,missing,missing,MTC
0.0,0.0,0.0,0.0,0.0,0.0460762,0.0849667,0.1478121,0.20936043,nothing,nothing,Africa_Western,elec_refined liquids (CC CCS),refined liquids (CC CCS),refined liquids (CC CCS) (dry cooling),missing,missing,missing,missing,missing,missing,missing,MTC
0.0,0.0,0.0,0.0,0.0,0.0347906,0.06420765,0.11033371,0.15374437,nothing,nothing,Africa_Western,elec_refined liquids (CC CCS),refined liquids (CC CCS),refined liquids (CC CCS) (once through),missing,missing,missing,missing,missing,missing,missing,MTC
0.0,0.0,0.0,0.0,0.0,0.423356,0.8084939999999999,1.432953,2.0650399999999998,nothing,nothing,Africa_Western,elec_refined liquids (CC CCS),refined liquids (CC CCS),refined liquids (CC CCS) (recirculating),missing,missing,missing,missing,missing,missing,missing,MTC
0.0,0.0,0.0,0.0,0.0,0.0164957,0.03152432,0.055900820000000004,0.08059121,nothing,nothing,Africa_Western,elec_refined liquids (CC CCS),refined liquids (CC CCS),refined liquids (CC CCS) (seawater),missing,missing,missing,missing,missing,missing,missing,MTC
0.540268,0.362202,0.719391,1.15717,2.01002,3.32504,5.81272,8.98542,13.1156,nothing,nothing,Africa_Western,industrial feedstocks,refined liquids,refined liquids,missing,missing,missing,missing,missing,missing,missing,MTC
0.0,0.0,0.0,0.0,0.0,0.055793,0.0955876,0.123128,0.156308,nothing,nothing,Africa_Western,lime,gas (CCS),lime (oxyflash CCS),missing,missing,missing,missing,missing,missing,missing,MTC
0.0,0.0,0.0,0.0,0.0,0.0305848,0.08271389999999999,0.1674338,0.29363439999999996,nothing,nothing,Africa_Western,refining,coal to liquids,coal to liquids CCS level 1,missing,missing,missing,missing,missing,missing,missing,MTC
0.0,0.0,0.0,0.0,0.0,0.0253204,0.0720209,0.15066799999999997,0.271779,nothing,nothing,Africa_Western,refining,coal to liquids,coal to liquids CCS level 2,missing,missing,missing,missing,missing,missing,missing,MTC
0.0,0.0,0.0,0.0,0.0,0.137927,0.141435,0.140736,0.138239,nothing,nothing,Australia_NZ,DAC,DAC,DAC_solvent (oxy CCS),missing,missing,missing,missing,missing,missing,missing,MTC
0.0,0.0,0.0,0.0,0.0,0.0272167,0.0457102,0.0702194,0.108754,nothing,nothing,Australia_NZ,DAC,DAC,DAC_sorbent (oxy CCS),missing,missing,missing,missing,missing,missing,missing,MTC
0.0,0.0,0.0,0.0,0.0,0.0883557,0.0982917,0.0931383,0.0855354,nothing,nothing,Australia_NZ,H2 central production,biomass,biomass to H2 CCS,missing,missing,missing,missing,missing,missing,missing,MTC
0.0,0.0,0.0,0.0,0.0,0.00324528,0.0274082,0.0542685,0.085895,nothing,nothing,Australia_NZ,H2 central production,coal,coal chemical CCS,missing,missing,missing,missing,missing,missing,missing,MTC
0.0,0.0,0.0,0.0,0.0,0.00275825,0.0110974,0.022629,0.0359531,nothing,nothing,Australia_NZ,H2 central production,gas,natural gas steam reforming CCS,missing,missing,missing,missing,missing,missing,missing,MTC
0.0,0.0,0.0,0.0,0.0,0.0324645,0.08266680000000001,0.1470012,0.23414820000000003,nothing,nothing,Australia_NZ,N fertilizer,gas,gas CCS,missing,missing,missing,missing,missing,missing,missing,MTC
0.0,0.0,0.0,0.0,0.0,0.303292,0.528391,0.7390639999999999,1.0005220000000001,nothing,nothing,Australia_NZ,biorefining,biomass liquids,FT biofuels CCS level 1,missing,missing,missing,missing,missing,missing,missing,MTC
0.0,0.0,0.0,0.0,0.0,0.357381,0.615715,0.8512000000000001,1.136178,nothing,nothing,Australia_NZ,biorefining,biomass liquids,FT biofuels CCS level 2,missing,missing,missing,missing,missing,missing,missing,MTC
0.0,0.0,0.0,0.0,0.0,0.16927,0.299662,0.426376,0.58999,nothing,nothing,Australia_NZ,biorefining,biomass liquids,cellulosic ethanol CCS level 1,missing,missing,missing,missing,missing,missing,missing,MTC
0.0,0.0,0.0,0.0,0.0,0.929399,1.5774629999999998,2.149101,2.820716,nothing,nothing,Australia_NZ,biorefining,biomass liquids,cellulosic ethanol CCS level 2,missing,missing,missing,missing,missing,missing,missing,MTC
0.0,0.0,0.0,0.0,0.0,0.0757552,0.408505,0.704907,0.957606,nothing,nothing,Australia_NZ,cement,cement,cement CCS,missing,missing,missing,missing,missing,missing,missing,MTC
0.0,0.0,0.0,0.0,0.0,0.0278056,0.03327843,0.058850330000000006,0.08442803,nothing,nothing,Australia_NZ,elec_biomass (IGCC CCS),biomass (IGCC CCS),biomass (IGCC CCS) (dry cooling),missing,missing,missing,missing,missing,missing,missing,MTC
0.0,0.0,0.0,0.0,0.0,0.0149687,0.0200048,0.03927335,0.057784840000000004,nothing,nothing,Australia_NZ,elec_biomass (IGCC CCS),biomass (IGCC CCS),biomass (IGCC CCS) (once through),missing,missing,missing,missing,missing,missing,missing,MTC
0.0,0.0,0.0,0.0,0.0,0.0176102,0.052520500000000005,0.1022747,0.1401347,nothing,nothing,Australia_NZ,elec_biomass (IGCC CCS),biomass (IGCC CCS),biomass (IGCC CCS) (recirculating),missing,missing,missing,missing,missing,missing,missing,MTC
0.0,0.0,0.0,0.0,0.0,0.0290569,0.1021325,0.1918334,0.2579916,nothing,nothing,Australia_NZ,elec_biomass (IGCC CCS),biomass (IGCC CCS),biomass (IGCC CCS) (seawater),missing,missing,missing,missing,missing,missing,missing,MTC
0.0,0.0,0.0,0.0,0.0,5.16281E-4,0.0036532179999999997,0.018465597,0.047929484,nothing,nothing,Australia_NZ,elec_biomass (conv CCS),biomass (conv CCS),biomass (conv CCS) (dry cooling),missing,missing,missing,missing,missing,missing,missing,MTC
0.0,0.0,0.0,0.0,0.0,6.51815E-4,0.004535432000000001,0.022567457000000003,0.05802085,nothing,nothing,Australia_NZ,elec_biomass (conv CCS),biomass (conv CCS),biomass (conv CCS) (once through),missing,missing,missing,missing,missing,missing,missing,MTC
0.0,0.0,0.0,0.0,0.0,7.59623E-4,0.005677636,0.029619780999999998,0.07903850400000001,nothing,nothing,Australia_NZ,elec_biomass (conv CCS),biomass (conv CCS),biomass (conv CCS) (recirculating),missing,missing,missing,missing,missing,missing,missing,MTC
0.0,0.0,0.0,0.0,0.0,7.74728E-4,0.005827292,0.030532167,0.081764533,nothing,nothing,Australia_NZ,elec_biomass (conv CCS),biomass (conv CCS),biomass (conv CCS) (seawater),missing,missing,missing,missing,missing,missing,missing,MTC
0.0,0.0,0.0,0.0,0.0,0.00245936,0.01665238,0.06827617,0.14544954,nothing,nothing,Australia_NZ,elec_coal (IGCC CCS),coal (IGCC CCS),coal (IGCC CCS) (dry cooling),missing,missing,missing,missing,missing,missing,missing,MTC
0.0,0.0,0.0,0.0,0.0,0.00206161,0.01316908,0.05146121,0.10753164,nothing,nothing,Australia_NZ,elec_coal (IGCC CCS),coal (IGCC CCS),coal (IGCC CCS) (once through),missing,missing,missing,missing,missing,missing,missing,MTC
0.0,0.0,0.0,0.0,0.0,0.00430052,0.03055706,0.11536677000000001,0.23819294000000002,nothing,nothing,Australia_NZ,elec_coal (IGCC CCS),coal (IGCC CCS),coal (IGCC CCS) (recirculating),missing,missing,missing,missing,missing,missing,missing,MTC
0.0,0.0,0.0,0.0,0.0,0.00765758,0.05475663,0.20498624000000001,0.4218576,nothing,nothing,Australia_NZ,elec_coal (IGCC CCS),coal (IGCC CCS),coal (IGCC CCS) (seawater),missing,missing,missing,missing,missing,missing,missing,MTC
0.0,0.0,0.0,0.0,0.0,0.00332736,0.0204086,0.07299847000000001,0.14390093999999998,nothing,nothing,Australia_NZ,elec_coal (conv pul CCS),coal (conv pul CCS),coal (conv pul CCS) (dry cooling),missing,missing,missing,missing,missing,missing,missing,MTC
0.0,0.0,0.0,0.0,0.0,0.00468042,0.02711648,0.09314022,0.18054225000000002,nothing,nothing,Australia_NZ,elec_coal (conv pul CCS),coal (conv pul CCS),coal (conv pul CCS) (once through),missing,missing,missing,missing,missing,missing,missing,MTC
0.0,0.0,0.0,0.0,0.0,0.00803638,0.05138482,0.17137518000000002,0.3286557,nothing,nothing,Australia_NZ,elec_coal (conv pul CCS),coal (conv pul CCS),coal (conv pul CCS) (recirculating),missing,missing,missing,missing,missing,missing,missing,MTC
0.0,0.0,0.0,0.0,0.0,0.00867753,0.055883289999999995,0.18495527,0.35362868000000003,nothing,nothing,Australia_NZ,elec_coal (conv pul CCS),coal (conv pul CCS),coal (conv pul CCS) (seawater),missing,missing,missing,missing,missing,missing,missing,MTC
0.0,0.0,0.0,0.0,0.0,0.00135808,0.0032467848,0.0068281216,0.0075201187,nothing,nothing,Australia_NZ,elec_gas (CC CCS),biogas (CC CCS),biogas (CC CCS) (dry cooling),missing,missing,missing,missing,missing,missing,missing,MTC
0.0,0.0,0.0,0.0,0.0,0.00144052,0.003471725,0.00732285,0.008158068899999999,nothing,nothing,Australia_NZ,elec_gas (CC CCS),biogas (CC CCS),biogas (CC CCS) (recirculating),missing,missing,missing,missing,missing,missing,missing,MTC
0.0,0.0,0.0,0.0,0.0,2.46072E-4,5.932970999999999E-4,0.0012515102,0.0013943144,nothing,nothing,Australia_NZ,elec_gas (CC CCS),biogas (CC CCS),biogas (CC CCS) (seawater),missing,missing,missing,missing,missing,missing,missing,MTC
0.0,0.0,0.0,0.0,0.0,0.0218741,0.0674764,0.1618558,0.25687719999999997,nothing,nothing,Australia_NZ,elec_gas (CC CCS),gas (CC CCS),gas (CC CCS) (dry cooling),missing,missing,missing,missing,missing,missing,missing,MTC
0.0,0.0,0.0,0.0,0.0,0.0202831,0.0617565,0.14689390000000002,0.23227599999999998,nothing,nothing,Australia_NZ,elec_gas (CC CCS),gas (CC CCS),gas (CC CCS) (once through),missing,missing,missing,missing,missing,missing,missing,MTC
0.0,0.0,0.0,0.0,0.0,0.0255899,0.0785159,0.1878264,0.2978904,nothing,nothing,Australia_NZ,elec_gas (CC CCS),gas (CC CCS),gas (CC CCS) (recirculating),missing,missing,missing,missing,missing,missing,missing,MTC
0.0,0.0,0.0,0.0,0.0,0.0436717,0.1339384,0.3203758,0.5080508,nothing,nothing,Australia_NZ,elec_gas (CC CCS),gas (CC CCS),gas (CC CCS) (seawater),missing,missing,missing,missing,missing,missing,missing,MTC
0.0,0.0,0.0,0.0,0.0,0.0106059,0.018830720000000002,0.036923819999999996,0.04107903,nothing,nothing,Australia_NZ,elec_refined liquids (CC CCS),refined liquids (CC CCS),refined liquids (CC CCS) (dry cooling),missing,missing,missing,missing,missing,missing,missing,MTC
0.0,0.0,0.0,0.0,0.0,0.00764055,0.013517082,0.026399085,0.029632136,nothing,nothing,Australia_NZ,elec_refined liquids (CC CCS),refined liquids (CC CCS),refined liquids (CC CCS) (once through),missing,missing,missing,missing,missing,missing,missing,MTC
0.0,0.0,0.0,0.0,0.0,0.00994144,0.01802884,0.03566705,0.04087533,nothing,nothing,Australia_NZ,elec_refined liquids (CC CCS),refined liquids (CC CCS),refined liquids (CC CCS) (recirculating),missing,missing,missing,missing,missing,missing,missing,MTC
0.0,0.0,0.0,0.0,0.0,0.0166129,0.030143120000000002,0.059645,0.06838157,nothing,nothing,Australia_NZ,elec_refined liquids (CC CCS),refined liquids (CC CCS),refined liquids (CC CCS) (seawater),missing,missing,missing,missing,missing,missing,missing,MTC
3.1366,3.75605,4.14298,4.81357,5.50124,6.26943,7.21843,8.08368,9.01174,nothing,nothing,Australia_NZ,industrial feedstocks,refined liquids,refined liquids,missing,missing,missing,missing,missing,missing,missing,MTC
0.0,0.0,0.0,0.0,0.0,0.117186,0.166558,0.174263,0.188781,nothing,nothing,Australia_NZ,lime,gas (CCS),lime (oxyflash CCS),missing,missing,missing,missing,missing,missing,missing,MTC
0.0,0.0,0.0,0.0,0.0,0.0,0.0272798,0.1183353,0.2381105,nothing,nothing,Australia_NZ,refining,coal to liquids,coal to liquids CCS level 1,missing,missing,missing,missing,missing,missing,missing,MTC
0.0,0.0,0.0,0.0,0.0,0.0,0.024956,0.11128969999999999,0.2288054,nothing,nothing,Australia_NZ,refining,coal to liquids,coal to liquids CCS level 2,missing,missing,missing,missing,missing,missing,missing,MTC
0.0,0.0,0.0,0.0,0.0,0.147545,0.165126,0.169776,0.166613,nothing,nothing,Brazil,DAC,DAC,DAC_solvent (oxy CCS),missing,missing,missing,missing,missing,missing,missing,MTC
0.0,0.0,0.0,0.0,0.0,0.0341474,0.0592056,0.0919683,0.14217,nothing,nothing,Brazil,DAC,DAC,DAC_sorbent (oxy CCS),missing,missing,missing,missing,missing,missing,missing,MTC
0.0,0.0,0.0,0.0,0.0,0.406754,0.429769,0.393236,0.35219,nothing,nothing,Brazil,H2 central production,biomass,biomass to H2 CCS,missing,missing,missing,missing,missing,missing,missing,MTC
0.0,0.0,0.0,0.0,0.0,0.0129381,0.0984999,0.195735,0.30888,nothing,nothing,Brazil,H2 central production,coal,coal chemical CCS,missing,missing,missing,missing,missing,missing,missing,MTC
0.0,0.0,0.0,0.0,0.0,0.010993,0.0433932,0.0893601,0.14052,nothing,nothing,Brazil,H2 central production,gas,natural gas steam reforming CCS,missing,missing,missing,missing,missing,missing,missing,MTC
0.0,0.0,0.0,0.0,0.0,0.0404779,0.121363,0.2262637,0.3525467,nothing,nothing,Brazil,N fertilizer,gas,gas CCS,missing,missing,missing,missing,missing,missing,missing,MTC
0.0,0.0,0.0,0.0,0.0,0.0,0.235612,0.781891,1.3380390000000002,nothing,nothing,Brazil,biorefining,biomass liquids,FT biofuels CCS level 1,missing,missing,missing,missing,missing,missing,missing,MTC
0.0,0.0,0.0,0.0,0.0,0.0,0.271452,0.8846419999999999,1.4940000000000002,nothing,nothing,Brazil,biorefining,biomass liquids,FT biofuels CCS level 2,missing,missing,missing,missing,missing,missing,missing,MTC
0.0,0.0,0.0,0.0,0.0,0.0,0.137365,0.467623,0.816243,nothing,nothing,Brazil,biorefining,biomass liquids,cellulosic ethanol CCS level 1,missing,missing,missing,missing,missing,missing,missing,MTC
0.0,0.0,0.0,0.0,0.0,0.0,0.688531,2.193545,3.646599,nothing,nothing,Brazil,biorefining,biomass liquids,cellulosic ethanol CCS level 2,missing,missing,missing,missing,missing,missing,missing,MTC
0.0,0.0,0.0,0.0,0.0,0.584726,2.28304,3.8031,5.08988,nothing,nothing,Brazil,cement,cement,cement CCS,missing,missing,missing,missing,missing,missing,missing,MTC
0.0,0.0,0.0,0.0,0.0,0.00985644,0.010230018,0.013295512,0.016641535,nothing,nothing,Brazil,elec_biomass (IGCC CCS),biomass (IGCC CCS),biomass (IGCC CCS) (dry cooling),missing,missing,missing,missing,missing,missing,missing,MTC
0.0,0.0,0.0,0.0,0.0,0.0159867,0.016477156,0.021039072,0.026058182000000003,nothing,nothing,Brazil,elec_biomass (IGCC CCS),biomass (IGCC CCS),biomass (IGCC CCS) (once through),missing,missing,missing,missing,missing,missing,missing,MTC
0.0,0.0,0.0,0.0,0.0,0.196179,0.38504,0.5985130000000001,0.7652760000000001,nothing,nothing,Brazil,elec_biomass (IGCC CCS),biomass (IGCC CCS),biomass (IGCC CCS) (recirculating),missing,missing,missing,missing,missing,missing,missing,MTC
0.0,0.0,0.0,0.0,0.0,0.00685143,0.016550370000000002,0.024859939999999997,0.03109483,nothing,nothing,Brazil,elec_biomass (IGCC CCS),biomass (IGCC CCS),biomass (IGCC CCS) (seawater),missing,missing,missing,missing,missing,missing,missing,MTC
0.0,0.0,0.0,0.0,0.0,0.00123018,0.006488570000000001,0.02480919,0.061031119999999994,nothing,nothing,Brazil,elec_biomass (conv CCS),biomass (conv CCS),biomass (conv CCS) (dry cooling),missing,missing,missing,missing,missing,missing,missing,MTC
0.0,0.0,0.0,0.0,0.0,0.00147774,0.00737445,0.02646347,0.061408069999999995,nothing,nothing,Brazil,elec_biomass (conv CCS),biomass (conv CCS),biomass (conv CCS) (once through),missing,missing,missing,missing,missing,missing,missing,MTC
0.0,0.0,0.0,0.0,0.0,0.00181603,0.010136909999999999,0.0400767,0.10169829,nothing,nothing,Brazil,elec_biomass (conv CCS),biomass (conv CCS),biomass (conv CCS) (recirculating),missing,missing,missing,missing,missing,missing,missing,MTC
0.0,0.0,0.0,0.0,0.0,0.00185542,0.01043673,0.04151076,0.10592958,nothing,nothing,Brazil,elec_biomass (conv CCS),biomass (conv CCS),biomass (conv CCS) (seawater),missing,missing,missing,missing,missing,missing,missing,MTC
0.0,0.0,0.0,0.0,0.0,2.08378E-4,0.001010861,0.003185143,0.006417378,nothing,nothing,Brazil,elec_coal (IGCC CCS),coal (IGCC CCS),coal (IGCC CCS) (dry cooling),missing,missing,missing,missing,missing,missing,missing,MTC
0.0,0.0,0.0,0.0,0.0,4.41868E-4,0.001913801,0.005505937,0.010415708,nothing,nothing,Brazil,elec_coal (IGCC CCS),coal (IGCC CCS),coal (IGCC CCS) (once through),missing,missing,missing,missing,missing,missing,missing,MTC
0.0,0.0,0.0,0.0,0.0,0.0110204,0.0553096,0.1648936,0.3246231,nothing,nothing,Brazil,elec_coal (IGCC CCS),coal (IGCC CCS),coal (IGCC CCS) (recirculating),missing,missing,missing,missing,missing,missing,missing,MTC
0.0,0.0,0.0,0.0,0.0,4.14625E-4,0.002092638,0.006208908,0.012203463999999999,nothing,nothing,Brazil,elec_coal (IGCC CCS),coal (IGCC CCS),coal (IGCC CCS) (seawater),missing,missing,missing,missing,missing,missing,missing,MTC
0.0,0.0,0.0,0.0,0.0,0.00241851,0.01082984,0.03005993,0.05600741,nothing,nothing,Brazil,elec_coal (conv pul CCS),coal (conv pul CCS),coal (conv pul CCS) (dry cooling),missing,missing,missing,missing,missing,missing,missing,MTC
0.0,0.0,0.0,0.0,0.0,0.0028842,0.011595049999999999,0.02969219,0.05223262,nothing,nothing,Brazil,elec_coal (conv pul CCS),coal (conv pul CCS),coal (conv pul CCS) (once through),missing,missing,missing,missing,missing,missing,missing,MTC
0.0,0.0,0.0,0.0,0.0,0.00562978,0.025927079999999998,0.06867637,0.12530964,nothing,nothing,Brazil,elec_coal (conv pul CCS),coal (conv pul CCS),coal (conv pul CCS) (recirculating),missing,missing,missing,missing,missing,missing,missing,MTC
0.0,0.0,0.0,0.0,0.0,0.00608109,0.02820632,0.07445629000000001,0.13574087,nothing,nothing,Brazil,elec_coal (conv pul CCS),coal (conv pul CCS),coal (conv pul CCS) (seawater),missing,missing,missing,missing,missing,missing,missing,MTC
0.0,0.0,0.0,0.0,0.0,0.00787781,0.012948908,0.020308455,0.021976210000000003,nothing,nothing,Brazil,elec_gas (CC CCS),biogas (CC CCS),biogas (CC CCS) (dry cooling),missing,missing,missing,missing,missing,missing,missing,MTC
0.0,0.0,0.0,0.0,0.0,0.00829725,0.013802909,0.021750756,0.023786889000000002,nothing,nothing,Brazil,elec_gas (CC CCS),biogas (CC CCS),biogas (CC CCS) (recirculating),missing,missing,missing,missing,missing,missing,missing,MTC
0.0,0.0,0.0,0.0,0.0,0.00141741,0.002359867,0.003720417,0.0040704042,nothing,nothing,Brazil,elec_gas (CC CCS),biogas (CC CCS),biogas (CC CCS) (seawater),missing,missing,missing,missing,missing,missing,missing,MTC
0.0,0.0,0.0,0.0,0.0,0.01552,0.038351300000000005,0.07413639999999999,0.1098269,nothing,nothing,Brazil,elec_gas (CC CCS),gas (CC CCS),gas (CC CCS) (dry cooling),missing,missing,missing,missing,missing,missing,missing,MTC
0.0,0.0,0.0,0.0,0.0,0.0416369,0.1013938,0.1929646,0.2825557,nothing,nothing,Brazil,elec_gas (CC CCS),gas (CC CCS),gas (CC CCS) (once through),missing,missing,missing,missing,missing,missing,missing,MTC
0.0,0.0,0.0,0.0,0.0,0.561688,1.388427,2.684457,3.976484,nothing,nothing,Brazil,elec_gas (CC CCS),gas (CC CCS),gas (CC CCS) (recirculating),missing,missing,missing,missing,missing,missing,missing,MTC
0.0,0.0,0.0,0.0,0.0,0.0202774,0.050137799999999996,0.09698679999999998,0.14370319999999998,nothing,nothing,Brazil,elec_gas (CC CCS),gas (CC CCS),gas (CC CCS) (seawater),missing,missing,missing,missing,missing,missing,missing,MTC
0.0,0.0,0.0,0.0,0.0,0.0260545,0.02997265,0.03875007,0.0390682,nothing,nothing,Brazil,elec_refined liquids (CC CCS),refined liquids (CC CCS),refined liquids (CC CCS) (dry cooling),missing,missing,missing,missing,missing,missing,missing,MTC
0.0,0.0,0.0,0.0,0.0,0.0547349,0.06198579,0.07846999,0.07801029000000001,nothing,nothing,Brazil,elec_refined liquids (CC CCS),refined liquids (CC CCS),refined liquids (CC CCS) (once through),missing,missing,missing,missing,missing,missing,missing,MTC
0.0,0.0,0.0,0.0,0.0,0.763539,0.9029786000000001,1.1764808,1.2188058,nothing,nothing,Brazil,elec_refined liquids (CC CCS),refined liquids (CC CCS),refined liquids (CC CCS) (recirculating),missing,missing,missing,missing,missing,missing,missing,MTC
0.0,0.0,0.0,0.0,0.0,0.0270044,0.03195828,0.041644099999999996,0.043170639999999996,nothing,nothing,Brazil,elec_refined liquids (CC CCS),refined liquids (CC CCS),refined liquids (CC CCS) (seawater),missing,missing,missing,missing,missing,missing,missing,MTC
6.98126,9.79378,12.9893,15.1068,17.5798,20.027,22.3184,24.5256,26.7214,nothing,nothing,Brazil,industrial feedstocks,refined liquids,refined liquids,missing,missing,missing,missing,missing,missing,missing,MTC
0.0,0.0,0.0,0.0,0.0,0.128337,0.196145,0.211531,0.230528,nothing,nothing,Brazil,lime,gas (CCS),lime (oxyflash CCS),missing,missing,missing,missing,missing,missing,missing,MTC
0.0,0.0,0.0,0.0,0.0,0.0316252,0.0784745,0.2270967,0.4712692,nothing,nothing,Brazil,refining,coal to liquids,coal to liquids CCS level 1,missing,missing,missing,missing,missing,missing,missing,MTC
0.0,0.0,0.0,0.0,0.0,0.02661,0.06970019999999999,0.2115372,0.4529018,nothing,nothing,Brazil,refining,coal to liquids,coal to liquids CCS level 2,missing,missing,missing,missing,missing,missing,missing,MTC
0.0,0.0,0.0,0.0,0.0,0.101943,0.114209,0.11324,0.115044,nothing,nothing,Canada,DAC,DAC,DAC_solvent (oxy CCS),missing,missing,missing,missing,missing,missing,missing,MTC
0.0,0.0,0.0,0.0,0.0,0.0238742,0.0398754,0.0594912,0.0938795,nothing,nothing,Canada,DAC,DAC,DAC_sorbent (oxy CCS),missing,missing,missing,missing,missing,missing,missing,MTC
0.0,0.0,0.0,0.0,0.0,0.230219,0.217792,0.185194,0.165492,nothing,nothing,Canada,H2 central production,biomass,biomass to H2 CCS,missing,missing,missing,missing,missing,missing,missing,MTC
0.0,0.0,0.0,0.0,0.0,0.00738973,0.0519931,0.0949217,0.150804,nothing,nothing,Canada,H2 central production,coal,coal chemical CCS,missing,missing,missing,missing,missing,missing,missing,MTC
0.0,0.0,0.0,0.0,0.0,0.00641307,0.0245234,0.0461853,0.0694315,nothing,nothing,Canada,H2 central production,gas,natural gas steam reforming CCS,missing,missing,missing,missing,missing,missing,missing,MTC
0.0,0.0,0.0,0.0,0.0,0.0882803,0.2251807,0.37867360000000005,0.5590725,nothing,nothing,Canada,N fertilizer,gas,gas CCS,missing,missing,missing,missing,missing,missing,missing,MTC
0.0,0.0,0.0,0.0,0.0,0.245557,0.41445299999999996,0.608169,0.927544,nothing,nothing,Canada,biorefining,biomass liquids,FT biofuels CCS level 1,missing,missing,missing,missing,missing,missing,missing,MTC
0.0,0.0,0.0,0.0,0.0,0.289719,0.483245,0.6988300000000001,1.046128,nothing,nothing,Canada,biorefining,biomass liquids,FT biofuels CCS level 2,missing,missing,missing,missing,missing,missing,missing,MTC
0.0,0.0,0.0,0.0,0.0,0.13907,0.23973300000000003,0.36097,0.568025,nothing,nothing,Canada,biorefining,biomass liquids,cellulosic ethanol CCS level 1,missing,missing,missing,missing,missing,missing,missing,MTC
0.0,0.0,0.0,0.0,0.0,0.76297,1.254091,1.78292,2.610826,nothing,nothing,Canada,biorefining,biomass liquids,cellulosic ethanol CCS level 2,missing,missing,missing,missing,missing,missing,missing,MTC
0.0,0.0,0.0,0.0,0.0,0.0913035,0.401619,0.663389,0.930964,nothing,nothing,Canada,cement,cement,cement CCS,missing,missing,missing,missing,missing,missing,missing,MTC
0.0,0.0,0.0,0.0,0.0,0.0269811,0.0730662,0.106655,0.1295517,nothing,nothing,Canada,elec_biomass (IGCC CCS),biomass (IGCC CCS),biomass (IGCC CCS) (once through),missing,missing,missing,missing,missing,missing,missing,MTC
0.0,0.0,0.0,0.0,0.0,0.269811,0.636925,0.949606,1.168366,nothing,nothing,Canada,elec_biomass (IGCC CCS),biomass (IGCC CCS),biomass (IGCC CCS) (recirculating),missing,missing,missing,missing,missing,missing,missing,MTC
0.0,0.0,0.0,0.0,0.0,0.0029979,0.00823611,0.01199554,0.01455185,nothing,nothing,Canada,elec_biomass (IGCC CCS),biomass (IGCC CCS),biomass (IGCC CCS) (seawater),missing,missing,missing,missing,missing,missing,missing,MTC
0.0,0.0,0.0,0.0,0.0,0.00155641,0.01239218,0.038529980000000005,0.08390790000000001,nothing,nothing,Canada,elec_biomass (conv CCS),biomass (conv CCS),biomass (conv CCS) (dry cooling),missing,missing,missing,missing,missing,missing,missing,MTC
0.0,0.0,0.0,0.0,0.0,0.00234,0.0197701,0.06346814,0.14277404,nothing,nothing,Canada,elec_biomass (conv CCS),biomass (conv CCS),biomass (conv CCS) (once through),missing,missing,missing,missing,missing,missing,missing,MTC
0.0,0.0,0.0,0.0,0.0,0.00230684,0.01941348,0.062190739999999994,0.13956075,nothing,nothing,Canada,elec_biomass (conv CCS),biomass (conv CCS),biomass (conv CCS) (recirculating),missing,missing,missing,missing,missing,missing,missing,MTC
0.0,0.0,0.0,0.0,0.0,0.00234349,0.01981043,0.06361809,0.14315627,nothing,nothing,Canada,elec_biomass (conv CCS),biomass (conv CCS),biomass (conv CCS) (seawater),missing,missing,missing,missing,missing,missing,missing,MTC
0.0,0.0,0.0,0.0,0.0,7.62644E-4,0.0062079,0.016649691,0.031271183,nothing,nothing,Canada,elec_coal (IGCC CCS),coal (IGCC CCS),coal (IGCC CCS) (once through),missing,missing,missing,missing,missing,missing,missing,MTC
0.0,0.0,0.0,0.0,0.0,0.00714707,0.05816537,0.15710582,0.29584509000000003,nothing,nothing,Canada,elec_coal (IGCC CCS),coal (IGCC CCS),coal (IGCC CCS) (recirculating),missing,missing,missing,missing,missing,missing,missing,MTC
0.0,0.0,0.0,0.0,0.0,8.52482E-5,6.941572E-4,0.0018607092,0.0034941239,nothing,nothing,Canada,elec_coal (IGCC CCS),coal (IGCC CCS),coal (IGCC CCS) (seawater),missing,missing,missing,missing,missing,missing,missing,MTC
0.0,0.0,0.0,0.0,0.0,0.00135964,0.00972229,0.02505005,0.044823249999999995,nothing,nothing,Canada,elec_coal (conv pul CCS),coal (conv pul CCS),coal (conv pul CCS) (dry cooling),missing,missing,missing,missing,missing,missing,missing,MTC
0.0,0.0,0.0,0.0,0.0,0.0036208,0.02602149,0.06226343,0.10834008,nothing,nothing,Canada,elec_coal (conv pul CCS),coal (conv pul CCS),coal (conv pul CCS) (once through),missing,missing,missing,missing,missing,missing,missing,MTC
0.0,0.0,0.0,0.0,0.0,0.00341722,0.024554640000000003,0.05909639,0.10306487,nothing,nothing,Canada,elec_coal (conv pul CCS),coal (conv pul CCS),coal (conv pul CCS) (recirculating),missing,missing,missing,missing,missing,missing,missing,MTC
0.0,0.0,0.0,0.0,0.0,0.00364147,0.026178359999999998,0.06260858999999999,0.10892255,nothing,nothing,Canada,elec_coal (conv pul CCS),coal (conv pul CCS),coal (conv pul CCS) (seawater),missing,missing,missing,missing,missing,missing,missing,MTC
0.0,0.0,0.0,0.0,0.0,0.00196634,0.00556772,0.007129689,0.007236318300000001,nothing,nothing,Canada,elec_gas (CC CCS),biogas (CC CCS),biogas (CC CCS) (dry cooling),missing,missing,missing,missing,missing,missing,missing,MTC
0.0,0.0,0.0,0.0,0.0,0.00207231,0.005916727,0.0076425550000000005,0.0078232,nothing,nothing,Canada,elec_gas (CC CCS),biogas (CC CCS),biogas (CC CCS) (recirculating),missing,missing,missing,missing,missing,missing,missing,MTC
0.0,0.0,0.0,0.0,0.0,3.52947E-4,0.0010078543,0.0013017178,0.0013324631000000001,nothing,nothing,Canada,elec_gas (CC CCS),biogas (CC CCS),biogas (CC CCS) (seawater),missing,missing,missing,missing,missing,missing,missing,MTC
0.0,0.0,0.0,0.0,0.0,0.0160967,0.05919440000000001,0.110456,0.15636909999999998,nothing,nothing,Canada,elec_gas (CC CCS),gas (CC CCS),gas (CC CCS) (once through),missing,missing,missing,missing,missing,missing,missing,MTC
0.0,0.0,0.0,0.0,0.0,0.156369,0.575082,1.073306,1.519869,nothing,nothing,Canada,elec_gas (CC CCS),gas (CC CCS),gas (CC CCS) (recirculating),missing,missing,missing,missing,missing,missing,missing,MTC
0.0,0.0,0.0,0.0,0.0,0.00179004,0.0065829700000000005,0.01228398,0.01739024,nothing,nothing,Canada,elec_gas (CC CCS),gas (CC CCS),gas (CC CCS) (seawater),missing,missing,missing,missing,missing,missing,missing,MTC
0.0,0.0,0.0,0.0,0.0,0.0139057,0.03268356,0.04256463,0.0459651,nothing,nothing,Canada,elec_refined liquids (CC CCS),refined liquids (CC CCS),refined liquids (CC CCS) (once through),missing,missing,missing,missing,missing,missing,missing,MTC
0.0,0.0,0.0,0.0,0.0,0.137572,0.32332299999999997,0.4210872,0.4546983,nothing,nothing,Canada,elec_refined liquids (CC CCS),refined liquids (CC CCS),refined liquids (CC CCS) (recirculating),missing,missing,missing,missing,missing,missing,missing,MTC
0.0,0.0,0.0,0.0,0.0,0.00154661,0.003635686,0.004735596,0.005114771000000001,nothing,nothing,Canada,elec_refined liquids (CC CCS),refined liquids (CC CCS),refined liquids (CC CCS) (seawater),missing,missing,missing,missing,missing,missing,missing,MTC
9.28264,15.7363,17.2324,18.5212,19.847,21.1627,22.2834,23.4722,24.7377,nothing,nothing,Canada,industrial feedstocks,refined liquids,refined liquids,missing,missing,missing,missing,missing,missing,missing,MTC
0.0,0.0,0.0,0.0,0.0,0.0906995,0.13837,0.145189,0.161556,nothing,nothing,Canada,lime,gas (CCS),lime (oxyflash CCS),missing,missing,missing,missing,missing,missing,missing,MTC
0.0,0.0,0.0,0.0,0.0,0.0,0.0196265,0.1151923,0.2396182,nothing,nothing,Canada,refining,coal to liquids,coal to liquids CCS level 1,missing,missing,missing,missing,missing,missing,missing,MTC
0.0,0.0,0.0,0.0,0.0,0.0,0.0178065,0.10710339999999999,0.22789359999999997,nothing,nothing,Canada,refining,coal to liquids,coal to liquids CCS level 2,missing,missing,missing,missing,missing,missing,missing,MTC
0.0,0.0,0.0,0.0,0.0,0.021746,0.023551,0.0244782,0.0275011,nothing,nothing,Central America and Caribbean,DAC,DAC,DAC_solvent (oxy CCS),missing,missing,missing,missing,missing,missing,missing,MTC
0.0,0.0,0.0,0.0,0.0,0.00565364,0.00956122,0.0148483,0.0249267,nothing,nothing,Central America and Caribbean,DAC,DAC,DAC_sorbent (oxy CCS),missing,missing,missing,missing,missing,missing,missing,MTC
0.0,0.0,0.0,0.0,0.0,0.227238,0.230871,0.211354,0.194744,nothing,nothing,Central America and Caribbean,H2 central production,biomass,biomass to H2 CCS,missing,missing,missing,missing,missing,missing,missing,MTC
0.0,0.0,0.0,0.0,0.0,0.00801851,0.0579117,0.112588,0.184864,nothing,nothing,Central America and Caribbean,H2 central production,coal,coal chemical CCS,missing,missing,missing,missing,missing,missing,missing,MTC
0.0,0.0,0.0,0.0,0.0,0.00766845,0.0301208,0.0607035,0.0952983,nothing,nothing,Central America and Caribbean,H2 central production,gas,natural gas steam reforming CCS,missing,missing,missing,missing,missing,missing,missing,MTC
0.0,0.0,0.0,0.0,0.0,0.0177712,0.0457625,0.0775255,0.11347579999999999,nothing,nothing,Central America and Caribbean,N fertilizer,gas,gas CCS,missing,missing,missing,missing,missing,missing,missing,MTC
0.0,0.0,0.0,0.0,0.0,0.31607,0.550381,0.783554,1.062895,nothing,nothing,Central America and Caribbean,biorefining,biomass liquids,FT biofuels CCS level 1,missing,missing,missing,missing,missing,missing,missing,MTC
0.0,0.0,0.0,0.0,0.0,0.37661,0.651644,0.9213749999999999,1.240789,nothing,nothing,Central America and Caribbean,biorefining,biomass liquids,FT biofuels CCS level 2,missing,missing,missing,missing,missing,missing,missing,MTC
0.0,0.0,0.0,0.0,0.0,0.138662,0.24390699999999998,0.351068,0.481562,nothing,nothing,Central America and Caribbean,biorefining,biomass liquids,cellulosic ethanol CCS level 1,missing,missing,missing,missing,missing,missing,missing,MTC
0.0,0.0,0.0,0.0,0.0,0.631405,1.083309,1.518437,2.025649,nothing,nothing,Central America and Caribbean,biorefining,biomass liquids,cellulosic ethanol CCS level 2,missing,missing,missing,missing,missing,missing,missing,MTC
0.0,0.0,0.0,0.0,0.0,0.314217,0.943061,1.42282,1.91125,nothing,nothing,Central America and Caribbean,cement,cement,cement CCS,missing,missing,missing,missing,missing,missing,missing,MTC
0.0,0.0,0.0,0.0,0.0,0.0206609,0.0240827,0.03198282,0.04147403,nothing,nothing,Central America and Caribbean,elec_biomass (IGCC CCS),biomass (IGCC CCS),biomass (IGCC CCS) (dry cooling),missing,missing,missing,missing,missing,missing,missing,MTC
0.0,0.0,0.0,0.0,0.0,0.033511,0.0476518,0.0571825,0.06570581,nothing,nothing,Central America and Caribbean,elec_biomass (IGCC CCS),biomass (IGCC CCS),biomass (IGCC CCS) (once through),missing,missing,missing,missing,missing,missing,missing,MTC
0.0,0.0,0.0,0.0,0.0,0.411227,0.864943,1.2981340000000001,1.722346,nothing,nothing,Central America and Caribbean,elec_biomass (IGCC CCS),biomass (IGCC CCS),biomass (IGCC CCS) (recirculating),missing,missing,missing,missing,missing,missing,missing,MTC
0.0,0.0,0.0,0.0,0.0,0.0143618,0.0332308,0.0497148,0.0655466,nothing,nothing,Central America and Caribbean,elec_biomass (IGCC CCS),biomass (IGCC CCS),biomass (IGCC CCS) (seawater),missing,missing,missing,missing,missing,missing,missing,MTC
0.0,0.0,0.0,0.0,0.0,0.0026267,0.01577352,0.052843629999999996,0.14299433,nothing,nothing,Central America and Caribbean,elec_biomass (conv CCS),biomass (conv CCS),biomass (conv CCS) (dry cooling),missing,missing,missing,missing,missing,missing,missing,MTC
0.0,0.0,0.0,0.0,0.0,0.00350594,0.02108456,0.05599021,0.12031298,nothing,nothing,Central America and Caribbean,elec_biomass (conv CCS),biomass (conv CCS),biomass (conv CCS) (once through),missing,missing,missing,missing,missing,missing,missing,MTC
0.0,0.0,0.0,0.0,0.0,0.00385969,0.02424268,0.08291352,0.22985221,nothing,nothing,Central America and Caribbean,elec_biomass (conv CCS),biomass (conv CCS),biomass (conv CCS) (recirculating),missing,missing,missing,missing,missing,missing,missing,MTC
0.0,0.0,0.0,0.0,0.0,0.00392981,0.02480504,0.08564181,0.23986375,nothing,nothing,Central America and Caribbean,elec_biomass (conv CCS),biomass (conv CCS),biomass (conv CCS) (seawater),missing,missing,missing,missing,missing,missing,missing,MTC
0.0,0.0,0.0,0.0,0.0,2.82602E-5,1.806999E-4,5.813597000000001E-4,0.0014226099,nothing,nothing,Central America and Caribbean,elec_coal (IGCC CCS),coal (IGCC CCS),coal (IGCC CCS) (dry cooling),missing,missing,missing,missing,missing,missing,missing,MTC
0.0,0.0,0.0,0.0,0.0,8.51018E-5,5.176833E-4,0.0010654674,0.0018402495000000001,nothing,nothing,Central America and Caribbean,elec_coal (IGCC CCS),coal (IGCC CCS),coal (IGCC CCS) (once through),missing,missing,missing,missing,missing,missing,missing,MTC
0.0,0.0,0.0,0.0,0.0,0.00146321,0.00937997,0.02812905,0.06710728,nothing,nothing,Central America and Caribbean,elec_coal (IGCC CCS),coal (IGCC CCS),coal (IGCC CCS) (recirculating),missing,missing,missing,missing,missing,missing,missing,MTC
0.0,0.0,0.0,0.0,0.0,5.46466E-5,3.506574E-4,0.0010512167,0.0025154681,nothing,nothing,Central America and Caribbean,elec_coal (IGCC CCS),coal (IGCC CCS),coal (IGCC CCS) (seawater),missing,missing,missing,missing,missing,missing,missing,MTC
0.0,0.0,0.0,0.0,0.0,3.11764E-4,0.001781555,0.00518973,0.011894431,nothing,nothing,Central America and Caribbean,elec_coal (conv pul CCS),coal (conv pul CCS),coal (conv pul CCS) (dry cooling),missing,missing,missing,missing,missing,missing,missing,MTC
0.0,0.0,0.0,0.0,0.0,5.20169E-4,0.0028370979999999997,0.005522716,0.009133467,nothing,nothing,Central America and Caribbean,elec_coal (conv pul CCS),coal (conv pul CCS),coal (conv pul CCS) (once through),missing,missing,missing,missing,missing,missing,missing,MTC
0.0,0.0,0.0,0.0,0.0,7.15555E-4,0.004095181,0.011164867,0.024869034,nothing,nothing,Central America and Caribbean,elec_coal (conv pul CCS),coal (conv pul CCS),coal (conv pul CCS) (recirculating),missing,missing,missing,missing,missing,missing,missing,MTC
0.0,0.0,0.0,0.0,0.0,7.63791E-4,0.004378043,0.012003183,0.026949047,nothing,nothing,Central America and Caribbean,elec_coal (conv pul CCS),coal (conv pul CCS),coal (conv pul CCS) (seawater),missing,missing,missing,missing,missing,missing,missing,MTC
0.0,0.0,0.0,0.0,0.0,6.89122E-4,0.001597404,0.0024099462999999997,0.0033461132,nothing,nothing,Central America and Caribbean,elec_gas (CC CCS),biogas (CC CCS),biogas (CC CCS) (dry cooling),missing,missing,missing,missing,missing,missing,missing,MTC
0.0,0.0,0.0,0.0,0.0,7.26294E-4,0.001709863,0.0026047120000000003,0.0036261387,nothing,nothing,Central America and Caribbean,elec_gas (CC CCS),biogas (CC CCS),biogas (CC CCS) (recirculating),missing,missing,missing,missing,missing,missing,missing,MTC
0.0,0.0,0.0,0.0,0.0,1.23893E-4,2.917633E-4,4.457542E-4,6.218964E-4,nothing,nothing,Central America and Caribbean,elec_gas (CC CCS),biogas (CC CCS),biogas (CC CCS) (seawater),missing,missing,missing,missing,missing,missing,missing,MTC
0.0,0.0,0.0,0.0,0.0,0.00153842,0.0046296900000000005,0.009017899999999999,0.01482503,nothing,nothing,Central America and Caribbean,elec_gas (CC CCS),gas (CC CCS),gas (CC CCS) (dry cooling),missing,missing,missing,missing,missing,missing,missing,MTC
0.0,0.0,0.0,0.0,0.0,0.00444901,0.01323348,0.023969699999999997,0.03687927,nothing,nothing,Central America and Caribbean,elec_gas (CC CCS),gas (CC CCS),gas (CC CCS) (once through),missing,missing,missing,missing,missing,missing,missing,MTC
0.0,0.0,0.0,0.0,0.0,0.0566309,0.1695333,0.3289297,0.538717,nothing,nothing,Central America and Caribbean,elec_gas (CC CCS),gas (CC CCS),gas (CC CCS) (recirculating),missing,missing,missing,missing,missing,missing,missing,MTC
0.0,0.0,0.0,0.0,0.0,0.00204358,0.006115880000000001,0.0118901,0.01950883,nothing,nothing,Central America and Caribbean,elec_gas (CC CCS),gas (CC CCS),gas (CC CCS) (seawater),missing,missing,missing,missing,missing,missing,missing,MTC
0.0,0.0,0.0,0.0,0.0,0.0106699,0.01947646,0.02755346,0.03576387,nothing,nothing,Central America and Caribbean,elec_refined liquids (CC CCS),refined liquids (CC CCS),refined liquids (CC CCS) (dry cooling),missing,missing,missing,missing,missing,missing,missing,MTC
0.0,0.0,0.0,0.0,0.0,0.0240357,0.044571219999999995,0.0548009,0.06297367,nothing,nothing,Central America and Caribbean,elec_refined liquids (CC CCS),refined liquids (CC CCS),refined liquids (CC CCS) (once through),missing,missing,missing,missing,missing,missing,missing,MTC
0.0,0.0,0.0,0.0,0.0,0.314245,0.596137,0.8631097000000001,1.136258,nothing,nothing,Central America and Caribbean,elec_refined liquids (CC CCS),refined liquids (CC CCS),refined liquids (CC CCS) (recirculating),missing,missing,missing,missing,missing,missing,missing,MTC
0.0,0.0,0.0,0.0,0.0,0.0111094,0.02108324,0.030586250000000002,0.04034008,nothing,nothing,Central America and Caribbean,elec_refined liquids (CC CCS),refined liquids (CC CCS),refined liquids (CC CCS) (seawater),missing,missing,missing,missing,missing,missing,missing,MTC
0.550883,0.678129,0.766435,0.901948,1.03877,1.19315,1.55038,1.80243,2.08785,nothing,nothing,Central America and Caribbean,industrial feedstocks,refined liquids,refined liquids,missing,missing,missing,missing,missing,missing,missing,MTC
0.0,0.0,0.0,0.0,0.0,0.0188494,0.0286992,0.0319012,0.0391112,nothing,nothing,Central America and Caribbean,lime,gas (CCS),lime (oxyflash CCS),missing,missing,missing,missing,missing,missing,missing,MTC
0.0,0.0,0.0,0.0,0.0,0.0131996,0.0535332,0.15865990000000002,0.31015760000000003,nothing,nothing,Central America and Caribbean,refining,coal to liquids,coal to liquids CCS level 1,missing,missing,missing,missing,missing,missing,missing,MTC
0.0,0.0,0.0,0.0,0.0,0.0110743,0.0476843,0.1458403,0.2927225,nothing,nothing,Central America and Caribbean,refining,coal to liquids,coal to liquids CCS level 2,missing,missing,missing,missing,missing,missing,missing,MTC
0.0,0.0,0.0,0.0,0.0,0.0378705,0.0399272,0.0390071,0.0364559,nothing,nothing,Central Asia,DAC,DAC,DAC_solvent (oxy CCS),missing,missing,missing,missing,missing,missing,missing,MTC
0.0,0.0,0.0,0.0,0.0,0.0083052,0.0144784,0.0227044,0.0348012,nothing,nothing,Central Asia,DAC,DAC,DAC_sorbent (oxy CCS),missing,missing,missing,missing,missing,missing,missing,MTC
0.0,0.0,0.0,0.0,0.0,0.17562,0.208425,0.203623,0.189943,nothing,nothing,Central Asia,H2 central production,biomass,biomass to H2 CCS,missing,missing,missing,missing,missing,missing,missing,MTC
0.0,0.0,0.0,0.0,0.0,0.00716309,0.0677262,0.139935,0.224801,nothing,nothing,Central Asia,H2 central production,coal,coal chemical CCS,missing,missing,missing,missing,missing,missing,missing,MTC
0.0,0.0,0.0,0.0,0.0,0.00613202,0.0278246,0.0569594,0.0882633,nothing,nothing,Central Asia,H2 central production,gas,natural gas steam reforming CCS,missing,missing,missing,missing,missing,missing,missing,MTC
0.0,0.0,0.0,0.0,0.0,0.0303614,0.07980519999999999,0.1353388,0.1962434,nothing,nothing,Central Asia,N fertilizer,gas,gas CCS,missing,missing,missing,missing,missing,missing,missing,MTC
0.0,0.0,0.0,0.0,0.0,0.21055,0.396627,0.550253,0.7270049999999999,nothing,nothing,Central Asia,biorefining,biomass liquids,FT biofuels CCS level 1,missing,missing,missing,missing,missing,missing,missing,MTC
0.0,0.0,0.0,0.0,0.0,0.248202,0.461842,0.633655,0.826462,nothing,nothing,Central Asia,biorefining,biomass liquids,FT biofuels CCS level 2,missing,missing,missing,missing,missing,missing,missing,MTC
0.0,0.0,0.0,0.0,0.0,0.117901,0.22612300000000002,0.3189416,0.4300857,nothing,nothing,Central Asia,biorefining,biomass liquids,cellulosic ethanol CCS level 1,missing,missing,missing,missing,missing,missing,missing,MTC
0.0,0.0,0.0,0.0,0.0,0.649349,1.188478,1.60804,2.0651559999999995,nothing,nothing,Central Asia,biorefining,biomass liquids,cellulosic ethanol CCS level 2,missing,missing,missing,missing,missing,missing,missing,MTC
0.0,0.0,0.0,0.0,0.0,0.271942,0.940476,1.44097,1.8354,nothing,nothing,Central Asia,cement,cement,cement CCS,missing,missing,missing,missing,missing,missing,missing,MTC
0.0,0.0,0.0,0.0,0.0,0.0,2.57133E-5,3.610079E-4,9.541765E-4,nothing,nothing,Central Asia,elec_biomass (IGCC CCS),biomass (IGCC CCS),biomass (IGCC CCS) (once through),missing,missing,missing,missing,missing,missing,missing,MTC
0.0,0.0,0.0,0.0,0.0,0.0886589,0.24293330000000002,0.3754283,0.4859477,nothing,nothing,Central Asia,elec_biomass (IGCC CCS),biomass (IGCC CCS),biomass (IGCC CCS) (recirculating),missing,missing,missing,missing,missing,missing,missing,MTC
0.0,0.0,0.0,0.0,0.0,9.85099E-4,0.003512382,0.005216978000000001,0.006573963,nothing,nothing,Central Asia,elec_biomass (IGCC CCS),biomass (IGCC CCS),biomass (IGCC CCS) (seawater),missing,missing,missing,missing,missing,missing,missing,MTC
0.0,0.0,0.0,0.0,0.0,5.03896E-4,0.005103006,0.016935513,0.041929889,nothing,nothing,Central Asia,elec_biomass (conv CCS),biomass (conv CCS),biomass (conv CCS) (dry cooling),missing,missing,missing,missing,missing,missing,missing,MTC
0.0,0.0,0.0,0.0,0.0,3.20085E-4,0.002302772,0.005995848999999999,0.011911995,nothing,nothing,Central Asia,elec_biomass (conv CCS),biomass (conv CCS),biomass (conv CCS) (once through),missing,missing,missing,missing,missing,missing,missing,MTC
0.0,0.0,0.0,0.0,0.0,7.31198E-4,0.007765186,0.026401920000000002,0.066898029,nothing,nothing,Central Asia,elec_biomass (conv CCS),biomass (conv CCS),biomass (conv CCS) (recirculating),missing,missing,missing,missing,missing,missing,missing,MTC
0.0,0.0,0.0,0.0,0.0,7.59913E-4,0.008203926,0.028202855,0.072310086,nothing,nothing,Central Asia,elec_biomass (conv CCS),biomass (conv CCS),biomass (conv CCS) (seawater),missing,missing,missing,missing,missing,missing,missing,MTC
0.0,0.0,0.0,0.0,0.0,3.00344E-5,1.8593899999999998E-4,5.329065E-4,0.0010062048,nothing,nothing,Central Asia,elec_coal (IGCC CCS),coal (IGCC CCS),coal (IGCC CCS) (once through),missing,missing,missing,missing,missing,missing,missing,MTC
0.0,0.0,0.0,0.0,0.0,0.00728732,0.07028918,0.18674295000000002,0.3631206,nothing,nothing,Central Asia,elec_coal (IGCC CCS),coal (IGCC CCS),coal (IGCC CCS) (recirculating),missing,missing,missing,missing,missing,missing,missing,MTC
0.0,0.0,0.0,0.0,0.0,9.33604E-5,9.144647E-4,0.0024012358,0.0046501566,nothing,nothing,Central Asia,elec_coal (IGCC CCS),coal (IGCC CCS),coal (IGCC CCS) (seawater),missing,missing,missing,missing,missing,missing,missing,MTC
0.0,0.0,0.0,0.0,0.0,0.00161896,0.01355498,0.03469219,0.06451488999999999,nothing,nothing,Central Asia,elec_coal (conv pul CCS),coal (conv pul CCS),coal (conv pul CCS) (dry cooling),missing,missing,missing,missing,missing,missing,missing,MTC
0.0,0.0,0.0,0.0,0.0,2.10781E-4,0.001187814,0.0029876750000000004,0.005190135,nothing,nothing,Central Asia,elec_coal (conv pul CCS),coal (conv pul CCS),coal (conv pul CCS) (once through),missing,missing,missing,missing,missing,missing,missing,MTC
0.0,0.0,0.0,0.0,0.0,0.00432033,0.03687275,0.08726323999999999,0.15565849999999998,nothing,nothing,Central Asia,elec_coal (conv pul CCS),coal (conv pul CCS),coal (conv pul CCS) (recirculating),missing,missing,missing,missing,missing,missing,missing,MTC
0.0,0.0,0.0,0.0,0.0,0.00519931,0.04549702,0.10643509,0.18927562999999997,nothing,nothing,Central Asia,elec_coal (conv pul CCS),coal (conv pul CCS),coal (conv pul CCS) (seawater),missing,missing,missing,missing,missing,missing,missing,MTC
0.0,0.0,0.0,0.0,0.0,0.00305726,0.01002848,0.012109325,0.013698614,nothing,nothing,Central Asia,elec_gas (CC CCS),biogas (CC CCS),biogas (CC CCS) (dry cooling),missing,missing,missing,missing,missing,missing,missing,MTC
0.0,0.0,0.0,0.0,0.0,0.0031718,0.010452428,0.012759948,0.014571103,nothing,nothing,Central Asia,elec_gas (CC CCS),biogas (CC CCS),biogas (CC CCS) (recirculating),missing,missing,missing,missing,missing,missing,missing,MTC
0.0,0.0,0.0,0.0,0.0,5.46172E-4,0.0018038355,0.0022059348,0.0025230526000000002,nothing,nothing,Central Asia,elec_gas (CC CCS),biogas (CC CCS),biogas (CC CCS) (seawater),missing,missing,missing,missing,missing,missing,missing,MTC
0.0,0.0,0.0,0.0,0.0,0.0188352,0.0687247,0.11874870000000001,0.1657475,nothing,nothing,Central Asia,elec_gas (CC CCS),gas (CC CCS),gas (CC CCS) (once through),missing,missing,missing,missing,missing,missing,missing,MTC
0.0,0.0,0.0,0.0,0.0,0.309282,1.186538,2.1218779999999997,3.044039,nothing,nothing,Central Asia,elec_gas (CC CCS),gas (CC CCS),gas (CC CCS) (recirculating),missing,missing,missing,missing,missing,missing,missing,MTC
0.0,0.0,0.0,0.0,0.0,0.00360765,0.0138524,0.02478904,0.035578280000000004,nothing,nothing,Central Asia,elec_gas (CC CCS),gas (CC CCS),gas (CC CCS) (seawater),missing,missing,missing,missing,missing,missing,missing,MTC
0.0,0.0,0.0,0.0,0.0,0.00192571,0.004088077000000001,0.004149927,0.004136206,nothing,nothing,Central Asia,elec_refined liquids (CC CCS),refined liquids (CC CCS),refined liquids (CC CCS) (once through),missing,missing,missing,missing,missing,missing,missing,MTC
0.0,0.0,0.0,0.0,0.0,0.0338832,0.08165545,0.09514208999999998,0.10822104,nothing,nothing,Central Asia,elec_refined liquids (CC CCS),refined liquids (CC CCS),refined liquids (CC CCS) (recirculating),missing,missing,missing,missing,missing,missing,missing,MTC
0.0,0.0,0.0,0.0,0.0,3.83647E-4,9.263136E-4,0.0010813869,0.0012324109,nothing,nothing,Central Asia,elec_refined liquids (CC CCS),refined liquids (CC CCS),refined liquids (CC CCS) (seawater),missing,missing,missing,missing,missing,missing,missing,MTC
4.29099,1.74101,1.85722,2.68398,3.60901,4.63139,5.82939,6.92687,8.03893,nothing,nothing,Central Asia,industrial feedstocks,refined liquids,refined liquids,missing,missing,missing,missing,missing,missing,missing,MTC
0.0,0.0,0.0,0.0,0.0,0.0319966,0.0474533,0.0501778,0.0534468,nothing,nothing,Central Asia,lime,gas (CCS),lime (oxyflash CCS),missing,missing,missing,missing,missing,missing,missing,MTC
0.0,0.0,0.0,0.0,0.0,0.0121494,0.0478031,0.1144852,0.2074991,nothing,nothing,Central Asia,refining,coal to liquids,coal to liquids CCS level 1,missing,missing,missing,missing,missing,missing,missing,MTC
0.0,0.0,0.0,0.0,0.0,0.0102981,0.0433884,0.1076491,0.20052929999999997,nothing,nothing,Central Asia,refining,coal to liquids,coal to liquids CCS level 2,missing,missing,missing,missing,missing,missing,missing,MTC
0.0,0.0,0.0,0.0,0.0,0.766243,0.770581,0.719962,0.673255,nothing,nothing,China,DAC,DAC,DAC_solvent (oxy CCS),missing,missing,missing,missing,missing,missing,missing,MTC
0.0,0.0,0.0,0.0,0.0,0.223106,0.357361,0.513612,0.747563,nothing,nothing,China,DAC,DAC,DAC_sorbent (oxy CCS),missing,missing,missing,missing,missing,missing,missing,MTC
0.0,0.0,0.0,0.0,0.0,1.81354,2.0903,1.87761,1.64553,nothing,nothing,China,H2 central production,biomass,biomass to H2 CCS,missing,missing,missing,missing,missing,missing,missing,MTC
0.0,0.0,0.0,0.0,0.0,0.0600135,0.53229,1.07093,1.65814,nothing,nothing,China,H2 central production,coal,coal chemical CCS,missing,missing,missing,missing,missing,missing,missing,MTC
0.0,0.0,0.0,0.0,0.0,0.045544,0.194187,0.394293,0.614225,nothing,nothing,China,H2 central production,gas,natural gas steam reforming CCS,missing,missing,missing,missing,missing,missing,missing,MTC
0.0,0.0,0.0,0.0,0.0,1.13481,4.18124,7.35633,10.738330000000001,nothing,nothing,China,N fertilizer,coal,coal CCS,missing,missing,missing,missing,missing,missing,missing,MTC
0.0,0.0,0.0,0.0,0.0,0.214149,0.606874,1.0642019999999999,1.599332,nothing,nothing,China,N fertilizer,gas,gas CCS,missing,missing,missing,missing,missing,missing,missing,MTC
0.0,0.0,0.0,0.0,0.0,3.1309,6.01893,8.13302,10.29679,nothing,nothing,China,biorefining,biomass liquids,FT biofuels CCS level 1,missing,missing,missing,missing,missing,missing,missing,MTC
0.0,0.0,0.0,0.0,0.0,3.69399,7.00385,9.35123,11.68817,nothing,nothing,China,biorefining,biomass liquids,FT biofuels CCS level 2,missing,missing,missing,missing,missing,missing,missing,MTC
0.0,0.0,0.0,0.0,0.0,1.7809,3.50098,4.82322,6.23663,nothing,nothing,China,biorefining,biomass liquids,cellulosic ethanol CCS level 1,missing,missing,missing,missing,missing,missing,missing,MTC
0.0,0.0,0.0,0.0,0.0,9.88169,18.408479999999997,24.2421,29.869880000000006,nothing,nothing,China,biorefining,biomass liquids,cellulosic ethanol CCS level 2,missing,missing,missing,missing,missing,missing,missing,MTC
0.0,0.0,0.0,0.0,0.0,6.81087,33.7955,49.513,59.0706,nothing,nothing,China,cement,cement,cement CCS,missing,missing,missing,missing,missing,missing,missing,MTC
0.0,0.0,0.0,0.0,0.0,1.26543,1.5379990000000001,2.43485,3.1357380000000004,nothing,nothing,China,elec_biomass (IGCC CCS),biomass (IGCC CCS),biomass (IGCC CCS) (dry cooling),missing,missing,missing,missing,missing,missing,missing,MTC
0.0,0.0,0.0,0.0,0.0,0.0,0.00111642,0.025632969999999998,0.076334,nothing,nothing,China,elec_biomass (IGCC CCS),biomass (IGCC CCS),biomass (IGCC CCS) (once through),missing,missing,missing,missing,missing,missing,missing,MTC
0.0,0.0,0.0,0.0,0.0,1.24409,4.41982,7.00384,8.563749999999999,nothing,nothing,China,elec_biomass (IGCC CCS),biomass (IGCC CCS),biomass (IGCC CCS) (recirculating),missing,missing,missing,missing,missing,missing,missing,MTC
0.0,0.0,0.0,0.0,0.0,0.209678,0.992143,1.479702,1.7592729999999999,nothing,nothing,China,elec_biomass (IGCC CCS),biomass (IGCC CCS),biomass (IGCC CCS) (seawater),missing,missing,missing,missing,missing,missing,missing,MTC
0.0,0.0,0.0,0.0,0.0,0.0161119,0.138093,0.48684439999999995,1.036832,nothing,nothing,China,elec_biomass (conv CCS),biomass (conv CCS),biomass (conv CCS) (dry cooling),missing,missing,missing,missing,missing,missing,missing,MTC
0.0,0.0,0.0,0.0,0.0,0.0114849,0.0806035,0.280268,0.6924215,nothing,nothing,China,elec_biomass (conv CCS),biomass (conv CCS),biomass (conv CCS) (once through),missing,missing,missing,missing,missing,missing,missing,MTC
0.0,0.0,0.0,0.0,0.0,0.0235055,0.2115725,0.7641978,1.66854,nothing,nothing,China,elec_biomass (conv CCS),biomass (conv CCS),biomass (conv CCS) (recirculating),missing,missing,missing,missing,missing,missing,missing,MTC
0.0,0.0,0.0,0.0,0.0,0.0243556,0.22183229999999998,0.8038927,1.7527991,nothing,nothing,China,elec_biomass (conv CCS),biomass (conv CCS),biomass (conv CCS) (seawater),missing,missing,missing,missing,missing,missing,missing,MTC
0.0,0.0,0.0,0.0,0.0,0.0829434,0.6909415,2.1161197,3.9146441999999997,nothing,nothing,China,elec_coal (IGCC CCS),coal (IGCC CCS),coal (IGCC CCS) (dry cooling),missing,missing,missing,missing,missing,missing,missing,MTC
0.0,0.0,0.0,0.0,0.0,0.00236449,0.0167185,0.06573018,0.180724,nothing,nothing,China,elec_coal (IGCC CCS),coal (IGCC CCS),coal (IGCC CCS) (once through),missing,missing,missing,missing,missing,missing,missing,MTC
0.0,0.0,0.0,0.0,0.0,0.224804,1.9318119999999999,5.481106,9.818695,nothing,nothing,China,elec_coal (IGCC CCS),coal (IGCC CCS),coal (IGCC CCS) (recirculating),missing,missing,missing,missing,missing,missing,missing,MTC
0.0,0.0,0.0,0.0,0.0,0.0421815,0.3651333,1.0220056,1.8127488,nothing,nothing,China,elec_coal (IGCC CCS),coal (IGCC CCS),coal (IGCC CCS) (seawater),missing,missing,missing,missing,missing,missing,missing,MTC
0.0,0.0,0.0,0.0,0.0,0.0853013,0.6379233,1.7220393999999999,2.9076239,nothing,nothing,China,elec_coal (conv pul CCS),coal (conv pul CCS),coal (conv pul CCS) (dry cooling),missing,missing,missing,missing,missing,missing,missing,MTC
0.0,0.0,0.0,0.0,0.0,0.0212749,0.13578590000000001,0.4613145,1.1104201,nothing,nothing,China,elec_coal (conv pul CCS),coal (conv pul CCS),coal (conv pul CCS) (once through),missing,missing,missing,missing,missing,missing,missing,MTC
0.0,0.0,0.0,0.0,0.0,0.199577,1.5285449999999998,3.891158,6.431314,nothing,nothing,China,elec_coal (conv pul CCS),coal (conv pul CCS),coal (conv pul CCS) (recirculating),missing,missing,missing,missing,missing,missing,missing,MTC
0.0,0.0,0.0,0.0,0.0,0.228509,1.768626,4.426246,7.212244,nothing,nothing,China,elec_coal (conv pul CCS),coal (conv pul CCS),coal (conv pul CCS) (seawater),missing,missing,missing,missing,missing,missing,missing,MTC
0.0,0.0,0.0,0.0,0.0,0.00606108,0.017185338,0.025189529,0.025193883,nothing,nothing,China,elec_gas (CC CCS),biogas (CC CCS),biogas (CC CCS) (dry cooling),missing,missing,missing,missing,missing,missing,missing,MTC
0.0,0.0,0.0,0.0,0.0,0.00638752,0.018270927,0.027100971999999997,0.027684926999999998,nothing,nothing,China,elec_gas (CC CCS),biogas (CC CCS),biogas (CC CCS) (recirculating),missing,missing,missing,missing,missing,missing,missing,MTC
0.0,0.0,0.0,0.0,0.0,0.00109994,0.0031492490000000002,0.004667215,0.004755884,nothing,nothing,China,elec_gas (CC CCS),biogas (CC CCS),biogas (CC CCS) (seawater),missing,missing,missing,missing,missing,missing,missing,MTC
0.0,0.0,0.0,0.0,0.0,0.0161318,0.0603517,0.1250873,0.18401679999999998,nothing,nothing,China,elec_gas (CC CCS),gas (CC CCS),gas (CC CCS) (dry cooling),missing,missing,missing,missing,missing,missing,missing,MTC
0.0,0.0,0.0,0.0,0.0,0.0404478,0.1484429,0.3117184,0.47953250000000003,nothing,nothing,China,elec_gas (CC CCS),gas (CC CCS),gas (CC CCS) (once through),missing,missing,missing,missing,missing,missing,missing,MTC
0.0,0.0,0.0,0.0,0.0,0.211212,0.793343,1.650684,2.436696,nothing,nothing,China,elec_gas (CC CCS),gas (CC CCS),gas (CC CCS) (recirculating),missing,missing,missing,missing,missing,missing,missing,MTC
0.0,0.0,0.0,0.0,0.0,0.00877859,0.03300375,0.06866325000000001,0.10123636,nothing,nothing,China,elec_gas (CC CCS),gas (CC CCS),gas (CC CCS) (seawater),missing,missing,missing,missing,missing,missing,missing,MTC
0.0,0.0,0.0,0.0,0.0,0.00758709,0.01700053,0.02358578,0.0240374,nothing,nothing,China,elec_refined liquids (CC CCS),refined liquids (CC CCS),refined liquids (CC CCS) (dry cooling),missing,missing,missing,missing,missing,missing,missing,MTC
0.0,0.0,0.0,0.0,0.0,0.014299,0.03062896,0.04335464,0.04928401,nothing,nothing,China,elec_refined liquids (CC CCS),refined liquids (CC CCS),refined liquids (CC CCS) (once through),missing,missing,missing,missing,missing,missing,missing,MTC
0.0,0.0,0.0,0.0,0.0,0.0848557,0.1938263,0.2758375,0.2928877,nothing,nothing,China,elec_refined liquids (CC CCS),refined liquids (CC CCS),refined liquids (CC CCS) (recirculating),missing,missing,missing,missing,missing,missing,missing,MTC
0.0,0.0,0.0,0.0,0.0,0.00345859,0.007908,0.011255169,0.011942234999999999,nothing,nothing,China,elec_refined liquids (CC CCS),refined liquids (CC CCS),refined liquids (CC CCS) (seawater),missing,missing,missing,missing,missing,missing,missing,MTC
15.0516,44.6849,99.5506,117.656,134.792,150.019,173.825,187.652,198.549,nothing,nothing,China,industrial feedstocks,refined liquids,refined liquids,missing,missing,missing,missing,missing,missing,missing,MTC
0.0,0.0,0.0,0.0,0.0,0.764939,1.0749,1.07947,1.1241,nothing,nothing,China,lime,gas (CCS),lime (oxyflash CCS),missing,missing,missing,missing,missing,missing,missing,MTC
0.0,0.0,0.0,0.0,0.0,0.139987,0.943838,2.387663,4.411704,nothing,nothing,China,refining,coal to liquids,coal to liquids CCS level 1,missing,missing,missing,missing,missing,missing,missing,MTC
0.0,0.0,0.0,0.0,0.0,0.109263,0.805842,2.102886,3.991565,nothing,nothing,China,refining,coal to liquids,coal to liquids CCS level 2,missing,missing,missing,missing,missing,missing,missing,MTC
0.0,0.0,0.0,0.0,0.0,0.0748564,0.0782768,0.0779279,0.0732052,nothing,nothing,EU-12,DAC,DAC,DAC_solvent (oxy CCS),missing,missing,missing,missing,missing,missing,missing,MTC
0.0,0.0,0.0,0.0,0.0,0.0201451,0.0323807,0.0478125,0.0696927,nothing,nothing,EU-12,DAC,DAC,DAC_sorbent (oxy CCS),missing,missing,missing,missing,missing,missing,missing,MTC
0.0,0.0,0.0,0.0,0.0,1.38469,1.53927,1.40011,1.22634,nothing,nothing,EU-12,H2 central production,biomass,biomass to H2 CCS,missing,missing,missing,missing,missing,missing,missing,MTC
0.0,0.0,0.0,0.0,0.0,0.0397219,0.354815,0.693292,1.09104,nothing,nothing,EU-12,H2 central production,coal,coal chemical CCS,missing,missing,missing,missing,missing,missing,missing,MTC
0.0,0.0,0.0,0.0,0.0,0.0391223,0.164099,0.333446,0.512947,nothing,nothing,EU-12,H2 central production,gas,natural gas steam reforming CCS,missing,missing,missing,missing,missing,missing,missing,MTC
0.0,0.0,0.0,0.0,0.0,0.0629615,0.1654206,0.3338918,0.5804475,nothing,nothing,EU-12,N fertilizer,gas,gas CCS,missing,missing,missing,missing,missing,missing,missing,MTC
0.0,0.0,0.0,0.0,0.0,0.190541,0.34907299999999997,0.494302,0.668632,nothing,nothing,EU-12,biorefining,biomass liquids,FT biofuels CCS level 1,missing,missing,missing,missing,missing,missing,missing,MTC
0.0,0.0,0.0,0.0,0.0,0.222606,0.403065,0.5640510000000001,0.752444,nothing,nothing,EU-12,biorefining,biomass liquids,FT biofuels CCS level 2,missing,missing,missing,missing,missing,missing,missing,MTC
0.0,0.0,0.0,0.0,0.0,0.111111,0.2072399,0.29881569999999996,0.4133499,nothing,nothing,EU-12,biorefining,biomass liquids,cellulosic ethanol CCS level 1,missing,missing,missing,missing,missing,missing,missing,MTC
0.0,0.0,0.0,0.0,0.0,0.583364,1.0397159999999999,1.433627,1.881123,nothing,nothing,EU-12,biorefining,biomass liquids,cellulosic ethanol CCS level 2,missing,missing,missing,missing,missing,missing,missing,MTC
0.0,0.0,0.0,0.0,0.0,0.474774,1.34469,1.91213,2.34878,nothing,nothing,EU-12,cement,cement,cement CCS,missing,missing,missing,missing,missing,missing,missing,MTC
0.0,0.0,0.0,0.0,0.0,0.027141,0.0400281,0.06182,0.07813819999999999,nothing,nothing,EU-12,elec_biomass (IGCC CCS),biomass (IGCC CCS),biomass (IGCC CCS) (once through),missing,missing,missing,missing,missing,missing,missing,MTC
0.0,0.0,0.0,0.0,0.0,0.27141,0.5962879999999999,0.928609,1.150946,nothing,nothing,EU-12,elec_biomass (IGCC CCS),biomass (IGCC CCS),biomass (IGCC CCS) (recirculating),missing,missing,missing,missing,missing,missing,missing,MTC
0.0,0.0,0.0,0.0,0.0,0.00301566,0.00739543,0.0113949,0.01400021,nothing,nothing,EU-12,elec_biomass (IGCC CCS),biomass (IGCC CCS),biomass (IGCC CCS) (seawater),missing,missing,missing,missing,missing,missing,missing,MTC
0.0,0.0,0.0,0.0,0.0,0.00166075,0.010736830000000001,0.038169709999999996,0.08304945,nothing,nothing,EU-12,elec_biomass (conv CCS),biomass (conv CCS),biomass (conv CCS) (dry cooling),missing,missing,missing,missing,missing,missing,missing,MTC
0.0,0.0,0.0,0.0,0.0,0.00218146,0.01461196,0.05250354,0.11476370999999999,nothing,nothing,EU-12,elec_biomass (conv CCS),biomass (conv CCS),biomass (conv CCS) (once through),missing,missing,missing,missing,missing,missing,missing,MTC
0.0,0.0,0.0,0.0,0.0,0.00243546,0.016593880000000002,0.06080236,0.13570003,nothing,nothing,EU-12,elec_biomass (conv CCS),biomass (conv CCS),biomass (conv CCS) (recirculating),missing,missing,missing,missing,missing,missing,missing,MTC
0.0,0.0,0.0,0.0,0.0,0.00248023,0.01697931,0.06241924,0.13971766000000002,nothing,nothing,EU-12,elec_biomass (conv CCS),biomass (conv CCS),biomass (conv CCS) (seawater),missing,missing,missing,missing,missing,missing,missing,MTC
0.0,0.0,0.0,0.0,0.0,0.00134608,0.01001758,0.032604839999999996,0.06290234,nothing,nothing,EU-12,elec_coal (IGCC CCS),coal (IGCC CCS),coal (IGCC CCS) (once through),missing,missing,missing,missing,missing,missing,missing,MTC
0.0,0.0,0.0,0.0,0.0,0.0199513,0.1439875,0.4532432,0.8710796000000001,nothing,nothing,EU-12,elec_coal (IGCC CCS),coal (IGCC CCS),coal (IGCC CCS) (recirculating),missing,missing,missing,missing,missing,missing,missing,MTC
0.0,0.0,0.0,0.0,0.0,2.37393E-4,0.001715882,0.00536205,0.010279337999999999,nothing,nothing,EU-12,elec_coal (IGCC CCS),coal (IGCC CCS),coal (IGCC CCS) (seawater),missing,missing,missing,missing,missing,missing,missing,MTC
0.0,0.0,0.0,0.0,0.0,0.00413133,0.026099030000000002,0.07669383,0.13972233,nothing,nothing,EU-12,elec_coal (conv pul CCS),coal (conv pul CCS),coal (conv pul CCS) (dry cooling),missing,missing,missing,missing,missing,missing,missing,MTC
0.0,0.0,0.0,0.0,0.0,0.00657164,0.04349327,0.12395853,0.22170317,nothing,nothing,EU-12,elec_coal (conv pul CCS),coal (conv pul CCS),coal (conv pul CCS) (once through),missing,missing,missing,missing,missing,missing,missing,MTC
0.0,0.0,0.0,0.0,0.0,0.0095309,0.06132339,0.16964509,0.30215968,nothing,nothing,EU-12,elec_coal (conv pul CCS),coal (conv pul CCS),coal (conv pul CCS) (recirculating),missing,missing,missing,missing,missing,missing,missing,MTC
0.0,0.0,0.0,0.0,0.0,0.0101941,0.0656532,0.1804373,0.3206428,nothing,nothing,EU-12,elec_coal (conv pul CCS),coal (conv pul CCS),coal (conv pul CCS) (seawater),missing,missing,missing,missing,missing,missing,missing,MTC
0.0,0.0,0.0,0.0,0.0,0.0015576,0.003651757,0.005709728,0.005869918,nothing,nothing,EU-12,elec_gas (CC CCS),biogas (CC CCS),biogas (CC CCS) (dry cooling),missing,missing,missing,missing,missing,missing,missing,MTC
0.0,0.0,0.0,0.0,0.0,0.0016449,0.003905325,0.006168407999999999,0.006460042,nothing,nothing,EU-12,elec_gas (CC CCS),biogas (CC CCS),biogas (CC CCS) (recirculating),missing,missing,missing,missing,missing,missing,missing,MTC
0.0,0.0,0.0,0.0,0.0,2.80705E-4,6.664675E-4,0.0010526728,0.0011025108,nothing,nothing,EU-12,elec_gas (CC CCS),biogas (CC CCS),biogas (CC CCS) (seawater),missing,missing,missing,missing,missing,missing,missing,MTC
0.0,0.0,0.0,0.0,0.0,0.00972696,0.03120056,0.06453112,0.09492666,nothing,nothing,EU-12,elec_gas (CC CCS),gas (CC CCS),gas (CC CCS) (once through),missing,missing,missing,missing,missing,missing,missing,MTC
0.0,0.0,0.0,0.0,0.0,0.101458,0.323855,0.669929,0.9866853,nothing,nothing,EU-12,elec_gas (CC CCS),gas (CC CCS),gas (CC CCS) (recirculating),missing,missing,missing,missing,missing,missing,missing,MTC
0.0,0.0,0.0,0.0,0.0,0.00116211,0.00370901,0.00767389,0.01130222,nothing,nothing,EU-12,elec_gas (CC CCS),gas (CC CCS),gas (CC CCS) (seawater),missing,missing,missing,missing,missing,missing,missing,MTC
0.0,0.0,0.0,0.0,0.0,0.0107174,0.020612310000000002,0.031051950000000002,0.03412242,nothing,nothing,EU-12,elec_refined liquids (CC CCS),refined liquids (CC CCS),refined liquids (CC CCS) (once through),missing,missing,missing,missing,missing,missing,missing,MTC
0.0,0.0,0.0,0.0,0.0,0.115704,0.223016,0.33891780000000005,0.3785393,nothing,nothing,EU-12,elec_refined liquids (CC CCS),refined liquids (CC CCS),refined liquids (CC CCS) (recirculating),missing,missing,missing,missing,missing,missing,missing,MTC
0.0,0.0,0.0,0.0,0.0,0.0013022,0.0025103499999999997,0.003815335,0.004262576,nothing,nothing,EU-12,elec_refined liquids (CC CCS),refined liquids (CC CCS),refined liquids (CC CCS) (seawater),missing,missing,missing,missing,missing,missing,missing,MTC
7.01143,8.47756,8.51734,9.30871,10.0385,10.7183,11.5529,12.0866,12.6216,nothing,nothing,EU-12,industrial feedstocks,refined liquids,refined liquids,missing,missing,missing,missing,missing,missing,missing,MTC
0.0,0.0,0.0,0.0,0.0,0.0727266,0.104246,0.108624,0.113207,nothing,nothing,EU-12,lime,gas (CCS),lime (oxyflash CCS),missing,missing,missing,missing,missing,missing,missing,MTC
0.0,0.0,0.0,0.0,0.0,0.0,0.010851,0.0851253,0.1967023,nothing,nothing,EU-12,refining,coal to liquids,coal to liquids CCS level 1,missing,missing,missing,missing,missing,missing,missing,MTC
0.0,0.0,0.0,0.0,0.0,0.0,0.00917338,0.07447829,0.17669210000000002,nothing,nothing,EU-12,refining,coal to liquids,coal to liquids CCS level 2,missing,missing,missing,missing,missing,missing,missing,MTC
0.0,0.0,0.0,0.0,0.0,0.767297,0.829667,0.873329,0.818941,nothing,nothing,EU-15,DAC,DAC,DAC_solvent (oxy CCS),missing,missing,missing,missing,missing,missing,missing,MTC
0.0,0.0,0.0,0.0,0.0,0.187717,0.308413,0.473865,0.685151,nothing,nothing,EU-15,DAC,DAC,DAC_sorbent (oxy CCS),missing,missing,missing,missing,missing,missing,missing,MTC
0.0,0.0,0.0,0.0,0.0,6.90938,7.30578,6.34509,5.49608,nothing,nothing,EU-15,H2 central production,biomass,biomass to H2 CCS,missing,missing,missing,missing,missing,missing,missing,MTC
0.0,0.0,0.0,0.0,0.0,0.17895,1.56596,3.15576,4.8464,nothing,nothing,EU-15,H2 central production,coal,coal chemical CCS,missing,missing,missing,missing,missing,missing,missing,MTC
0.0,0.0,0.0,0.0,0.0,0.17491,0.711019,1.3851,2.13582,nothing,nothing,EU-15,H2 central production,gas,natural gas steam reforming CCS,missing,missing,missing,missing,missing,missing,missing,MTC
0.0,0.0,0.0,0.0,0.0,0.129101,0.336314,0.571788,0.858947,nothing,nothing,EU-15,N fertilizer,gas,gas CCS,missing,missing,missing,missing,missing,missing,missing,MTC
0.0,0.0,0.0,0.0,0.0,1.48448,2.57177,3.63826,4.96183,nothing,nothing,EU-15,biorefining,biomass liquids,FT biofuels CCS level 1,missing,missing,missing,missing,missing,missing,missing,MTC
0.0,0.0,0.0,0.0,0.0,1.73832,2.9782200000000003,4.16202,5.5929400000000005,nothing,nothing,EU-15,biorefining,biomass liquids,FT biofuels CCS level 2,missing,missing,missing,missing,missing,missing,missing,MTC
0.0,0.0,0.0,0.0,0.0,0.866418,1.527638,2.204241,3.082415,nothing,nothing,EU-15,biorefining,biomass liquids,cellulosic ethanol CCS level 1,missing,missing,missing,missing,missing,missing,missing,MTC
0.0,0.0,0.0,0.0,0.0,4.54455,7.67202,10.56114,13.95035,nothing,nothing,EU-15,biorefining,biomass liquids,cellulosic ethanol CCS level 2,missing,missing,missing,missing,missing,missing,missing,MTC
0.0,0.0,0.0,0.0,0.0,2.11467,6.25035,9.03252,11.2493,nothing,nothing,EU-15,cement,cement,cement CCS,missing,missing,missing,missing,missing,missing,missing,MTC
0.0,0.0,0.0,0.0,0.0,0.0625633,0.0695326,0.09913831000000001,0.11846991999999999,nothing,nothing,EU-15,elec_biomass (IGCC CCS),biomass (IGCC CCS),biomass (IGCC CCS) (dry cooling),missing,missing,missing,missing,missing,missing,missing,MTC
0.0,0.0,0.0,0.0,0.0,0.0,0.00627094,0.0582781,0.10614046,nothing,nothing,EU-15,elec_biomass (IGCC CCS),biomass (IGCC CCS),biomass (IGCC CCS) (once through),missing,missing,missing,missing,missing,missing,missing,MTC
0.0,0.0,0.0,0.0,0.0,1.26795,2.68973,4.5390999999999995,5.461581000000001,nothing,nothing,EU-15,elec_biomass (IGCC CCS),biomass (IGCC CCS),biomass (IGCC CCS) (recirculating),missing,missing,missing,missing,missing,missing,missing,MTC
0.0,0.0,0.0,0.0,0.0,0.455669,1.130469,1.86801,2.2216,nothing,nothing,EU-15,elec_biomass (IGCC CCS),biomass (IGCC CCS),biomass (IGCC CCS) (seawater),missing,missing,missing,missing,missing,missing,missing,MTC
0.0,0.0,0.0,0.0,0.0,0.00972454,0.06705506,0.28174807,0.55212889,nothing,nothing,EU-15,elec_biomass (conv CCS),biomass (conv CCS),biomass (conv CCS) (dry cooling),missing,missing,missing,missing,missing,missing,missing,MTC
0.0,0.0,0.0,0.0,0.0,0.00963172,0.060327940000000004,0.23870864,0.46203837000000003,nothing,nothing,EU-15,elec_biomass (conv CCS),biomass (conv CCS),biomass (conv CCS) (once through),missing,missing,missing,missing,missing,missing,missing,MTC
0.0,0.0,0.0,0.0,0.0,0.0142294,0.103306,0.4478513,0.8978177,nothing,nothing,EU-15,elec_biomass (conv CCS),biomass (conv CCS),biomass (conv CCS) (recirculating),missing,missing,missing,missing,missing,missing,missing,MTC
0.0,0.0,0.0,0.0,0.0,0.0146036,0.1069281,0.4661482,0.9373671,nothing,nothing,EU-15,elec_biomass (conv CCS),biomass (conv CCS),biomass (conv CCS) (seawater),missing,missing,missing,missing,missing,missing,missing,MTC
0.0,0.0,0.0,0.0,0.0,5.22551E-4,0.003919447,0.015332498,0.02762407,nothing,nothing,EU-15,elec_coal (IGCC CCS),coal (IGCC CCS),coal (IGCC CCS) (dry cooling),missing,missing,missing,missing,missing,missing,missing,MTC
0.0,0.0,0.0,0.0,0.0,0.00116965,0.00799732,0.03162144,0.059898339999999994,nothing,nothing,EU-15,elec_coal (IGCC CCS),coal (IGCC CCS),coal (IGCC CCS) (once through),missing,missing,missing,missing,missing,missing,missing,MTC
0.0,0.0,0.0,0.0,0.0,0.0278204,0.2120675,0.786371,1.3808984,nothing,nothing,EU-15,elec_coal (IGCC CCS),coal (IGCC CCS),coal (IGCC CCS) (recirculating),missing,missing,missing,missing,missing,missing,missing,MTC
0.0,0.0,0.0,0.0,0.0,0.0108617,0.0830808,0.306165,0.5356771,nothing,nothing,EU-15,elec_coal (IGCC CCS),coal (IGCC CCS),coal (IGCC CCS) (seawater),missing,missing,missing,missing,missing,missing,missing,MTC
0.0,0.0,0.0,0.0,0.0,0.00866149,0.05843338,0.19912553,0.33256518999999996,nothing,nothing,EU-15,elec_coal (conv pul CCS),coal (conv pul CCS),coal (conv pul CCS) (dry cooling),missing,missing,missing,missing,missing,missing,missing,MTC
0.0,0.0,0.0,0.0,0.0,0.0057318,0.03539693,0.12195924,0.21294973,nothing,nothing,EU-15,elec_coal (conv pul CCS),coal (conv pul CCS),coal (conv pul CCS) (once through),missing,missing,missing,missing,missing,missing,missing,MTC
0.0,0.0,0.0,0.0,0.0,0.0197691,0.13505989999999998,0.440228,0.7202617,nothing,nothing,EU-15,elec_coal (conv pul CCS),coal (conv pul CCS),coal (conv pul CCS) (recirculating),missing,missing,missing,missing,missing,missing,missing,MTC
0.0,0.0,0.0,0.0,0.0,0.0217178,0.14909239999999999,0.48295,0.786897,nothing,nothing,EU-15,elec_coal (conv pul CCS),coal (conv pul CCS),coal (conv pul CCS) (seawater),missing,missing,missing,missing,missing,missing,missing,MTC
0.0,0.0,0.0,0.0,0.0,6.97016E-4,0.0030189452,0.00868876,0.0100238344,nothing,nothing,EU-15,elec_gas (CC CCS),biogas (CC CCS),biogas (CC CCS) (dry cooling),missing,missing,missing,missing,missing,missing,missing,MTC
0.0,0.0,0.0,0.0,0.0,7.3882E-4,0.0032223677999999997,0.0092969765,0.010882038,nothing,nothing,EU-15,elec_gas (CC CCS),biogas (CC CCS),biogas (CC CCS) (recirculating),missing,missing,missing,missing,missing,missing,missing,MTC
0.0,0.0,0.0,0.0,0.0,1.2666E-4,5.528029E-4,0.0015951153,0.0018665685999999999,nothing,nothing,EU-15,elec_gas (CC CCS),biogas (CC CCS),biogas (CC CCS) (seawater),missing,missing,missing,missing,missing,missing,missing,MTC
0.0,0.0,0.0,0.0,0.0,8.28037E-4,0.00421683,0.014075763,0.024357420999999997,nothing,nothing,EU-15,elec_gas (CC CCS),gas (CC CCS),gas (CC CCS) (dry cooling),missing,missing,missing,missing,missing,missing,missing,MTC
0.0,0.0,0.0,0.0,0.0,0.00939924,0.047170180000000006,0.15632625,0.27187235,nothing,nothing,EU-15,elec_gas (CC CCS),gas (CC CCS),gas (CC CCS) (once through),missing,missing,missing,missing,missing,missing,missing,MTC
0.0,0.0,0.0,0.0,0.0,0.0177413,0.0902879,0.3018439,0.5225697,nothing,nothing,EU-15,elec_gas (CC CCS),gas (CC CCS),gas (CC CCS) (recirculating),missing,missing,missing,missing,missing,missing,missing,MTC
0.0,0.0,0.0,0.0,0.0,0.0221206,0.11261260000000001,0.3766207,0.6518431,nothing,nothing,EU-15,elec_gas (CC CCS),gas (CC CCS),gas (CC CCS) (seawater),missing,missing,missing,missing,missing,missing,missing,MTC
0.0,0.0,0.0,0.0,0.0,0.00920662,0.01771027,0.030679349999999998,0.02547277,nothing,nothing,EU-15,elec_refined liquids (CC CCS),refined liquids (CC CCS),refined liquids (CC CCS) (dry cooling),missing,missing,missing,missing,missing,missing,missing,MTC
0.0,0.0,0.0,0.0,0.0,0.0806581,0.151696,0.26028538,0.21835044,nothing,nothing,EU-15,elec_refined liquids (CC CCS),refined liquids (CC CCS),refined liquids (CC CCS) (once through),missing,missing,missing,missing,missing,missing,missing,MTC
0.0,0.0,0.0,0.0,0.0,0.161065,0.3173983,0.5547579,0.482732,nothing,nothing,EU-15,elec_refined liquids (CC CCS),refined liquids (CC CCS),refined liquids (CC CCS) (recirculating),missing,missing,missing,missing,missing,missing,missing,MTC
0.0,0.0,0.0,0.0,0.0,0.196495,0.3874995,0.6774311000000001,0.5898061,nothing,nothing,EU-15,elec_refined liquids (CC CCS),refined liquids (CC CCS),refined liquids (CC CCS) (seawater),missing,missing,missing,missing,missing,missing,missing,MTC
59.0704,72.3803,60.3704,63.199,66.2263,69.4108,72.6292,75.5617,78.5192,nothing,nothing,EU-15,industrial feedstocks,refined liquids,refined liquids,missing,missing,missing,missing,missing,missing,missing,MTC
0.0,0.0,0.0,0.0,0.0,0.717458,1.05757,1.15696,1.20019,nothing,nothing,EU-15,lime,gas (CCS),lime (oxyflash CCS),missing,missing,missing,missing,missing,missing,missing,MTC
0.0,0.0,0.0,0.0,0.0,0.0,0.0,0.639407,1.713727,nothing,nothing,EU-15,refining,coal to liquids,coal to liquids CCS level 1,missing,missing,missing,missing,missing,missing,missing,MTC
0.0,0.0,0.0,0.0,0.0,0.0,0.0,0.596868,1.629363,nothing,nothing,EU-15,refining,coal to liquids,coal to liquids CCS level 2,missing,missing,missing,missing,missing,missing,missing,MTC
0.0,0.0,0.0,0.0,0.0,0.0110672,0.0116931,0.0135856,0.0145067,nothing,nothing,Europe_Eastern,DAC,DAC,DAC_solvent (oxy CCS),missing,missing,missing,missing,missing,missing,missing,MTC
0.0,0.0,0.0,0.0,0.0,0.00298138,0.00509178,0.00880202,0.0144711,nothing,nothing,Europe_Eastern,DAC,DAC,DAC_sorbent (oxy CCS),missing,missing,missing,missing,missing,missing,missing,MTC
0.0,0.0,0.0,0.0,0.0,0.0271487,0.027837,0.0265547,0.0241078,nothing,nothing,Europe_Eastern,H2 central production,biomass,biomass to H2 CCS,missing,missing,missing,missing,missing,missing,missing,MTC
0.0,0.0,0.0,0.0,0.0,0.00101865,0.00800581,0.0172423,0.0282123,nothing,nothing,Europe_Eastern,H2 central production,coal,coal chemical CCS,missing,missing,missing,missing,missing,missing,missing,MTC
0.0,0.0,0.0,0.0,0.0,7.98337E-4,0.00324767,0.00696551,0.0111637,nothing,nothing,Europe_Eastern,H2 central production,gas,natural gas steam reforming CCS,missing,missing,missing,missing,missing,missing,missing,MTC
0.0,0.0,0.0,0.0,0.0,0.0622893,0.15828910000000002,0.2601135,0.3669391,nothing,nothing,Europe_Eastern,N fertilizer,gas,gas CCS,missing,missing,missing,missing,missing,missing,missing,MTC
0.0,0.0,0.0,0.0,0.0,0.0420549,0.09035989999999999,0.1385151,0.2014434,nothing,nothing,Europe_Eastern,biorefining,biomass liquids,FT biofuels CCS level 1,missing,missing,missing,missing,missing,missing,missing,MTC
0.0,0.0,0.0,0.0,0.0,0.0494649,0.10438130000000001,0.1577226,0.22576000000000002,nothing,nothing,Europe_Eastern,biorefining,biomass liquids,FT biofuels CCS level 2,missing,missing,missing,missing,missing,missing,missing,MTC
0.0,0.0,0.0,0.0,0.0,0.0238334,0.0529505,0.0830256,0.12378249999999999,nothing,nothing,Europe_Eastern,biorefining,biomass liquids,cellulosic ethanol CCS level 1,missing,missing,missing,missing,missing,missing,missing,MTC
0.0,0.0,0.0,0.0,0.0,0.129824,0.268404,0.398667,0.560066,nothing,nothing,Europe_Eastern,biorefining,biomass liquids,cellulosic ethanol CCS level 2,missing,missing,missing,missing,missing,missing,missing,MTC
0.0,0.0,0.0,0.0,0.0,0.184092,0.530502,0.819159,1.06048,nothing,nothing,Europe_Eastern,cement,cement,cement CCS,missing,missing,missing,missing,missing,missing,missing,MTC
0.0,0.0,0.0,0.0,0.0,0.00718684,0.017116279999999998,0.026887,0.034520999999999996,nothing,nothing,Europe_Eastern,elec_biomass (IGCC CCS),biomass (IGCC CCS),biomass (IGCC CCS) (once through),missing,missing,missing,missing,missing,missing,missing,MTC
0.0,0.0,0.0,0.0,0.0,0.0718684,0.1957196,0.2900182,0.3632514,nothing,nothing,Europe_Eastern,elec_biomass (IGCC CCS),biomass (IGCC CCS),biomass (IGCC CCS) (recirculating),missing,missing,missing,missing,missing,missing,missing,MTC
0.0,0.0,0.0,0.0,0.0,7.98537E-4,0.0024159990000000003,0.003539629,0.004392632,nothing,nothing,Europe_Eastern,elec_biomass (IGCC CCS),biomass (IGCC CCS),biomass (IGCC CCS) (seawater),missing,missing,missing,missing,missing,missing,missing,MTC
0.0,0.0,0.0,0.0,0.0,4.29075E-4,0.004017258,0.01185543,0.026570378999999998,nothing,nothing,Europe_Eastern,elec_biomass (conv CCS),biomass (conv CCS),biomass (conv CCS) (dry cooling),missing,missing,missing,missing,missing,missing,missing,MTC
0.0,0.0,0.0,0.0,0.0,5.84841E-4,0.0059730949999999994,0.01872387,0.043710506999999996,nothing,nothing,Europe_Eastern,elec_biomass (conv CCS),biomass (conv CCS),biomass (conv CCS) (once through),missing,missing,missing,missing,missing,missing,missing,MTC
0.0,0.0,0.0,0.0,0.0,6.32127E-4,0.006205545000000001,0.018836651,0.043352484,nothing,nothing,Europe_Eastern,elec_biomass (conv CCS),biomass (conv CCS),biomass (conv CCS) (recirculating),missing,missing,missing,missing,missing,missing,missing,MTC
0.0,0.0,0.0,0.0,0.0,6.43432E-4,0.006334465,0.01925706,0.044413963,nothing,nothing,Europe_Eastern,elec_biomass (conv CCS),biomass (conv CCS),biomass (conv CCS) (seawater),missing,missing,missing,missing,missing,missing,missing,MTC
0.0,0.0,0.0,0.0,0.0,2.66592E-4,0.002911421,0.008140914,0.015905029,nothing,nothing,Europe_Eastern,elec_coal (IGCC CCS),coal (IGCC CCS),coal (IGCC CCS) (once through),missing,missing,missing,missing,missing,missing,missing,MTC
0.0,0.0,0.0,0.0,0.0,0.0037879,0.03329808,0.08403222999999999,0.1578989,nothing,nothing,Europe_Eastern,elec_coal (IGCC CCS),coal (IGCC CCS),coal (IGCC CCS) (recirculating),missing,missing,missing,missing,missing,missing,missing,MTC
0.0,0.0,0.0,0.0,0.0,4.59208E-5,4.006633E-4,0.0010031893,0.0018789556,nothing,nothing,Europe_Eastern,elec_coal (IGCC CCS),coal (IGCC CCS),coal (IGCC CCS) (seawater),missing,missing,missing,missing,missing,missing,missing,MTC
0.0,0.0,0.0,0.0,0.0,7.14422E-4,0.00552087,0.013139225000000001,0.023313408,nothing,nothing,Europe_Eastern,elec_coal (conv pul CCS),coal (conv pul CCS),coal (conv pul CCS) (dry cooling),missing,missing,missing,missing,missing,missing,missing,MTC
0.0,0.0,0.0,0.0,0.0,0.00141201,0.012820600000000001,0.031619629999999996,0.05686836000000001,nothing,nothing,Europe_Eastern,elec_coal (conv pul CCS),coal (conv pul CCS),coal (conv pul CCS) (once through),missing,missing,missing,missing,missing,missing,missing,MTC
0.0,0.0,0.0,0.0,0.0,0.00197023,0.0146529,0.03297555,0.057135309999999995,nothing,nothing,Europe_Eastern,elec_coal (conv pul CCS),coal (conv pul CCS),coal (conv pul CCS) (recirculating),missing,missing,missing,missing,missing,missing,missing,MTC
0.0,0.0,0.0,0.0,0.0,0.00214228,0.01578324,0.03524117,0.06085361,nothing,nothing,Europe_Eastern,elec_coal (conv pul CCS),coal (conv pul CCS),coal (conv pul CCS) (seawater),missing,missing,missing,missing,missing,missing,missing,MTC
0.0,0.0,0.0,0.0,0.0,0.00116684,0.0036578,0.0038737518,0.0039745225,nothing,nothing,Europe_Eastern,elec_gas (CC CCS),biogas (CC CCS),biogas (CC CCS) (dry cooling),missing,missing,missing,missing,missing,missing,missing,MTC
0.0,0.0,0.0,0.0,0.0,0.00121892,0.0038487620000000004,0.004145973,0.0043051079,nothing,nothing,Europe_Eastern,elec_gas (CC CCS),biogas (CC CCS),biogas (CC CCS) (recirculating),missing,missing,missing,missing,missing,missing,missing,MTC
0.0,0.0,0.0,0.0,0.0,2.07705E-4,6.554347999999999E-4,7.057401E-4,7.327413E-4,nothing,nothing,Europe_Eastern,elec_gas (CC CCS),biogas (CC CCS),biogas (CC CCS) (seawater),missing,missing,missing,missing,missing,missing,missing,MTC
0.0,0.0,0.0,0.0,0.0,0.00861766,0.03345141,0.05890655,0.08318027,nothing,nothing,Europe_Eastern,elec_gas (CC CCS),gas (CC CCS),gas (CC CCS) (once through),missing,missing,missing,missing,missing,missing,missing,MTC
0.0,0.0,0.0,0.0,0.0,0.088191,0.3352523,0.5839734999999999,0.8205326,nothing,nothing,Europe_Eastern,elec_gas (CC CCS),gas (CC CCS),gas (CC CCS) (recirculating),missing,missing,missing,missing,missing,missing,missing,MTC
0.0,0.0,0.0,0.0,0.0,0.00100979,0.003833951,0.006676123000000001,0.009378463,nothing,nothing,Europe_Eastern,elec_gas (CC CCS),gas (CC CCS),gas (CC CCS) (seawater),missing,missing,missing,missing,missing,missing,missing,MTC
0.0,0.0,0.0,0.0,0.0,0.0017188,0.005407667,0.00803654,0.010624917,nothing,nothing,Europe_Eastern,elec_refined liquids (CC CCS),refined liquids (CC CCS),refined liquids (CC CCS) (once through),missing,missing,missing,missing,missing,missing,missing,MTC
0.0,0.0,0.0,0.0,0.0,0.0182913,0.05578491000000001,0.08134182,0.10678094999999999,nothing,nothing,Europe_Eastern,elec_refined liquids (CC CCS),refined liquids (CC CCS),refined liquids (CC CCS) (recirculating),missing,missing,missing,missing,missing,missing,missing,MTC
0.0,0.0,0.0,0.0,0.0,2.06284E-4,6.29006E-4,9.171299999999999E-4,0.001204106,nothing,nothing,Europe_Eastern,elec_refined liquids (CC CCS),refined liquids (CC CCS),refined liquids (CC CCS) (seawater),missing,missing,missing,missing,missing,missing,missing,MTC
11.4331,3.18665,2.14299,2.46928,2.80841,3.16479,3.76766,4.20474,4.64718,nothing,nothing,Europe_Eastern,industrial feedstocks,refined liquids,refined liquids,missing,missing,missing,missing,missing,missing,missing,MTC
0.0,0.0,0.0,0.0,0.0,0.0103266,0.0156908,0.0190916,0.0224966,nothing,nothing,Europe_Eastern,lime,gas (CCS),lime (oxyflash CCS),missing,missing,missing,missing,missing,missing,missing,MTC
0.0,0.0,0.0,0.0,0.0,0.00105799,0.00669003,0.01624194,0.02923001,nothing,nothing,Europe_Eastern,refining,coal to liquids,coal to liquids CCS level 1,missing,missing,missing,missing,missing,missing,missing,MTC
0.0,0.0,0.0,0.0,0.0,8.96284E-4,0.006023266,0.015062096,0.027826886,nothing,nothing,Europe_Eastern,refining,coal to liquids,coal to liquids CCS level 2,missing,missing,missing,missing,missing,missing,missing,MTC
0.0,0.0,0.0,0.0,0.0,0.0773004,0.0769574,0.0726401,0.0665232,nothing,nothing,Europe_Non_EU,DAC,DAC,DAC_solvent (oxy CCS),missing,missing,missing,missing,missing,missing,missing,MTC
0.0,0.0,0.0,0.0,0.0,0.0189332,0.0302594,0.0440756,0.0638029,nothing,nothing,Europe_Non_EU,DAC,DAC,DAC_sorbent (oxy CCS),missing,missing,missing,missing,missing,missing,missing,MTC
0.0,0.0,0.0,0.0,0.0,0.867027,1.07071,1.07349,1.02596,nothing,nothing,Europe_Non_EU,H2 central production,biomass,biomass to H2 CCS,missing,missing,missing,missing,missing,missing,missing,MTC
0.0,0.0,0.0,0.0,0.0,0.0264232,0.265929,0.600776,1.01452,nothing,nothing,Europe_Non_EU,H2 central production,coal,coal chemical CCS,missing,missing,missing,missing,missing,missing,missing,MTC
0.0,0.0,0.0,0.0,0.0,0.0263722,0.123686,0.27664,0.464946,nothing,nothing,Europe_Non_EU,H2 central production,gas,natural gas steam reforming CCS,missing,missing,missing,missing,missing,missing,missing,MTC
0.0,0.0,0.0,0.0,0.0,0.0273412,0.0728132,0.1251111,0.1881758,nothing,nothing,Europe_Non_EU,N fertilizer,gas,gas CCS,missing,missing,missing,missing,missing,missing,missing,MTC
0.0,0.0,0.0,0.0,0.0,0.213564,0.398319,0.579245,0.783253,nothing,nothing,Europe_Non_EU,biorefining,biomass liquids,FT biofuels CCS level 1,missing,missing,missing,missing,missing,missing,missing,MTC
0.0,0.0,0.0,0.0,0.0,0.248959,0.458561,0.658259,0.8775729999999999,nothing,nothing,Europe_Non_EU,biorefining,biomass liquids,FT biofuels CCS level 2,missing,missing,missing,missing,missing,missing,missing,MTC
0.0,0.0,0.0,0.0,0.0,0.124245,0.23604599999999998,0.350026,0.48417299999999996,nothing,nothing,Europe_Non_EU,biorefining,biomass liquids,cellulosic ethanol CCS level 1,missing,missing,missing,missing,missing,missing,missing,MTC
0.0,0.0,0.0,0.0,0.0,0.650089,1.1778689999999998,1.6642210000000002,2.1825859999999997,nothing,nothing,Europe_Non_EU,biorefining,biomass liquids,cellulosic ethanol CCS level 2,missing,missing,missing,missing,missing,missing,missing,MTC
0.0,0.0,0.0,0.0,0.0,0.736759,2.12577,3.04222,3.75578,nothing,nothing,Europe_Non_EU,cement,cement,cement CCS,missing,missing,missing,missing,missing,missing,missing,MTC
0.0,0.0,0.0,0.0,0.0,0.0,7.34621E-4,0.002571224,0.004288204,nothing,nothing,Europe_Non_EU,elec_biomass (IGCC CCS),biomass (IGCC CCS),biomass (IGCC CCS) (dry cooling),missing,missing,missing,missing,missing,missing,missing,MTC
0.0,0.0,0.0,0.0,0.0,0.0,1.10948E-5,1.368151E-4,3.2733007E-4,nothing,nothing,Europe_Non_EU,elec_biomass (IGCC CCS),biomass (IGCC CCS),biomass (IGCC CCS) (once through),missing,missing,missing,missing,missing,missing,missing,MTC
0.0,0.0,0.0,0.0,0.0,0.0828373,0.1574271,0.2524246,0.3244961,nothing,nothing,Europe_Non_EU,elec_biomass (IGCC CCS),biomass (IGCC CCS),biomass (IGCC CCS) (recirculating),missing,missing,missing,missing,missing,missing,missing,MTC
0.0,0.0,0.0,0.0,0.0,0.0297696,0.0672728,0.1075367,0.13680089999999998,nothing,nothing,Europe_Non_EU,elec_biomass (IGCC CCS),biomass (IGCC CCS),biomass (IGCC CCS) (seawater),missing,missing,missing,missing,missing,missing,missing,MTC
0.0,0.0,0.0,0.0,0.0,6.86966E-4,0.004166256,0.016819298,0.040271010999999995,nothing,nothing,Europe_Non_EU,elec_biomass (conv CCS),biomass (conv CCS),biomass (conv CCS) (dry cooling),missing,missing,missing,missing,missing,missing,missing,MTC
0.0,0.0,0.0,0.0,0.0,2.51114E-4,8.728214000000001E-4,0.002424596,0.004091932,nothing,nothing,Europe_Non_EU,elec_biomass (conv CCS),biomass (conv CCS),biomass (conv CCS) (once through),missing,missing,missing,missing,missing,missing,missing,MTC
0.0,0.0,0.0,0.0,0.0,9.75806E-4,0.0061394430000000005,0.025176152,0.061024889,nothing,nothing,Europe_Non_EU,elec_biomass (conv CCS),biomass (conv CCS),biomass (conv CCS) (recirculating),missing,missing,missing,missing,missing,missing,missing,MTC
0.0,0.0,0.0,0.0,0.0,0.00103052,0.0066314699999999996,0.027644498,0.068055083,nothing,nothing,Europe_Non_EU,elec_biomass (conv CCS),biomass (conv CCS),biomass (conv CCS) (seawater),missing,missing,missing,missing,missing,missing,missing,MTC
0.0,0.0,0.0,0.0,0.0,2.41137E-4,0.001365827,0.0045769439999999995,0.009113501,nothing,nothing,Europe_Non_EU,elec_coal (IGCC CCS),coal (IGCC CCS),coal (IGCC CCS) (dry cooling),missing,missing,missing,missing,missing,missing,missing,MTC
0.0,0.0,0.0,0.0,0.0,4.2951E-5,1.59735E-4,4.855089E-4,8.590731E-4,nothing,nothing,Europe_Non_EU,elec_coal (IGCC CCS),coal (IGCC CCS),coal (IGCC CCS) (once through),missing,missing,missing,missing,missing,missing,missing,MTC
0.0,0.0,0.0,0.0,0.0,0.0119947,0.0694121,0.2207231,0.4274422,nothing,nothing,Europe_Non_EU,elec_coal (IGCC CCS),coal (IGCC CCS),coal (IGCC CCS) (recirculating),missing,missing,missing,missing,missing,missing,missing,MTC
0.0,0.0,0.0,0.0,0.0,0.00490856,0.028852140000000002,0.09134168,0.17680311999999998,nothing,nothing,Europe_Non_EU,elec_coal (IGCC CCS),coal (IGCC CCS),coal (IGCC CCS) (seawater),missing,missing,missing,missing,missing,missing,missing,MTC
0.0,0.0,0.0,0.0,0.0,0.00427522,0.02212036,0.06505891999999999,0.11946897000000001,nothing,nothing,Europe_Non_EU,elec_coal (conv pul CCS),coal (conv pul CCS),coal (conv pul CCS) (dry cooling),missing,missing,missing,missing,missing,missing,missing,MTC
0.0,0.0,0.0,0.0,0.0,2.44097E-4,8.388250000000001E-4,0.00223254,0.0036280740000000002,nothing,nothing,Europe_Non_EU,elec_coal (conv pul CCS),coal (conv pul CCS),coal (conv pul CCS) (once through),missing,missing,missing,missing,missing,missing,missing,MTC
0.0,0.0,0.0,0.0,0.0,0.00870973,0.04535687,0.12754382,0.22818871999999998,nothing,nothing,Europe_Non_EU,elec_coal (conv pul CCS),coal (conv pul CCS),coal (conv pul CCS) (recirculating),missing,missing,missing,missing,missing,missing,missing,MTC
0.0,0.0,0.0,0.0,0.0,0.0105143,0.0562214,0.1576663,0.2825402,nothing,nothing,Europe_Non_EU,elec_coal (conv pul CCS),coal (conv pul CCS),coal (conv pul CCS) (seawater),missing,missing,missing,missing,missing,missing,missing,MTC
0.0,0.0,0.0,0.0,0.0,3.3093E-4,9.887706000000001E-4,0.0022903697000000002,0.0032004557,nothing,nothing,Europe_Non_EU,elec_gas (CC CCS),biogas (CC CCS),biogas (CC CCS) (dry cooling),missing,missing,missing,missing,missing,missing,missing,MTC
0.0,0.0,0.0,0.0,0.0,3.44819E-4,0.0010353497,0.0024049072999999996,0.0033953261,nothing,nothing,Europe_Non_EU,elec_gas (CC CCS),biogas (CC CCS),biogas (CC CCS) (recirculating),missing,missing,missing,missing,missing,missing,missing,MTC
0.0,0.0,0.0,0.0,0.0,6.00599E-5,1.8104218E-4,4.2172277E-4,5.9738082E-4,nothing,nothing,Europe_Non_EU,elec_gas (CC CCS),biogas (CC CCS),biogas (CC CCS) (seawater),missing,missing,missing,missing,missing,missing,missing,MTC
0.0,0.0,0.0,0.0,0.0,4.31507E-4,0.001656548,0.004539202,0.008275669,nothing,nothing,Europe_Non_EU,elec_gas (CC CCS),gas (CC CCS),gas (CC CCS) (dry cooling),missing,missing,missing,missing,missing,missing,missing,MTC
0.0,0.0,0.0,0.0,0.0,0.0025954,0.00902993,0.02267448,0.03852183,nothing,nothing,Europe_Non_EU,elec_gas (CC CCS),gas (CC CCS),gas (CC CCS) (once through),missing,missing,missing,missing,missing,missing,missing,MTC
0.0,0.0,0.0,0.0,0.0,0.00908314,0.034779950000000004,0.09515548000000001,0.1729927,nothing,nothing,Europe_Non_EU,elec_gas (CC CCS),gas (CC CCS),gas (CC CCS) (recirculating),missing,missing,missing,missing,missing,missing,missing,MTC
0.0,0.0,0.0,0.0,0.0,0.0115683,0.044442300000000004,0.12199660000000001,0.2223172,nothing,nothing,Europe_Non_EU,elec_gas (CC CCS),gas (CC CCS),gas (CC CCS) (seawater),missing,missing,missing,missing,missing,missing,missing,MTC
0.0,0.0,0.0,0.0,0.0,6.02206E-4,8.833032000000001E-4,0.0014041536,0.0015802753,nothing,nothing,Europe_Non_EU,elec_refined liquids (CC CCS),refined liquids (CC CCS),refined liquids (CC CCS) (dry cooling),missing,missing,missing,missing,missing,missing,missing,MTC
0.0,0.0,0.0,0.0,0.0,0.00259655,0.003101301,0.004186782,0.003689947,nothing,nothing,Europe_Non_EU,elec_refined liquids (CC CCS),refined liquids (CC CCS),refined liquids (CC CCS) (once through),missing,missing,missing,missing,missing,missing,missing,MTC
0.0,0.0,0.0,0.0,0.0,0.0104645,0.01576601,0.02551631,0.02977308,nothing,nothing,Europe_Non_EU,elec_refined liquids (CC CCS),refined liquids (CC CCS),refined liquids (CC CCS) (recirculating),missing,missing,missing,missing,missing,missing,missing,MTC
0.0,0.0,0.0,0.0,0.0,0.0128887,0.01949544,0.031645900000000005,0.03709008,nothing,nothing,Europe_Non_EU,elec_refined liquids (CC CCS),refined liquids (CC CCS),refined liquids (CC CCS) (seawater),missing,missing,missing,missing,missing,missing,missing,MTC
3.16102,3.77577,6.96974,8.14349,9.39529,10.6519,11.6519,12.6796,13.6882,nothing,nothing,Europe_Non_EU,industrial feedstocks,refined liquids,refined liquids,missing,missing,missing,missing,missing,missing,missing,MTC
0.0,0.0,0.0,0.0,0.0,0.0741804,0.102815,0.103271,0.105781,nothing,nothing,Europe_Non_EU,lime,gas (CCS),lime (oxyflash CCS),missing,missing,missing,missing,missing,missing,missing,MTC
0.0,0.0,0.0,0.0,0.0,0.00501994,0.04202076,0.13224940000000002,0.25850890000000004,nothing,nothing,Europe_Non_EU,refining,coal to liquids,coal to liquids CCS level 1,missing,missing,missing,missing,missing,missing,missing,MTC
0.0,0.0,0.0,0.0,0.0,0.00411588,0.03727149,0.12104467,0.24198930000000002,nothing,nothing,Europe_Non_EU,refining,coal to liquids,coal to liquids CCS level 2,missing,missing,missing,missing,missing,missing,missing,MTC
0.0,0.0,0.0,0.0,0.0,0.069396,0.0912397,0.108891,0.110589,nothing,nothing,European Free Trade Association,DAC,DAC,DAC_solvent (oxy CCS),missing,missing,missing,missing,missing,missing,missing,MTC
0.0,0.0,0.0,0.0,0.0,0.0163454,0.0320477,0.0565638,0.0875939,nothing,nothing,European Free Trade Association,DAC,DAC,DAC_sorbent (oxy CCS),missing,missing,missing,missing,missing,missing,missing,MTC
0.0,0.0,0.0,0.0,0.0,1.06749,0.979509,0.848318,0.713529,nothing,nothing,European Free Trade Association,H2 central production,biomass,biomass to H2 CCS,missing,missing,missing,missing,missing,missing,missing,MTC
0.0,0.0,0.0,0.0,0.0,0.0151817,0.11906,0.234298,0.363128,nothing,nothing,European Free Trade Association,H2 central production,coal,coal chemical CCS,missing,missing,missing,missing,missing,missing,missing,MTC
0.0,0.0,0.0,0.0,0.0,0.015226,0.0539072,0.103753,0.153587,nothing,nothing,European Free Trade Association,H2 central production,gas,natural gas steam reforming CCS,missing,missing,missing,missing,missing,missing,missing,MTC
0.0,0.0,0.0,0.0,0.0,0.0103892,0.0274178,0.0464756,0.0679339,nothing,nothing,European Free Trade Association,N fertilizer,gas,gas CCS,missing,missing,missing,missing,missing,missing,missing,MTC
0.0,0.0,0.0,0.0,0.0,0.0694929,0.1154119,0.16751270000000001,0.22997049999999997,nothing,nothing,European Free Trade Association,biorefining,biomass liquids,FT biofuels CCS level 1,missing,missing,missing,missing,missing,missing,missing,MTC
0.0,0.0,0.0,0.0,0.0,0.0823892,0.1355158,0.1943572,0.26326930000000004,nothing,nothing,European Free Trade Association,biorefining,biomass liquids,FT biofuels CCS level 2,missing,missing,missing,missing,missing,missing,missing,MTC
0.0,0.0,0.0,0.0,0.0,0.0408004,0.0688652,0.1020046,0.1433891,nothing,nothing,European Free Trade Association,biorefining,biomass liquids,cellulosic ethanol CCS level 1,missing,missing,missing,missing,missing,missing,missing,MTC
0.0,0.0,0.0,0.0,0.0,0.216376,0.351142,0.495768,0.66035,nothing,nothing,European Free Trade Association,biorefining,biomass liquids,cellulosic ethanol CCS level 2,missing,missing,missing,missing,missing,missing,missing,MTC
0.0,0.0,0.0,0.0,0.0,0.0720243,0.226025,0.343009,0.444458,nothing,nothing,European Free Trade Association,cement,cement,cement CCS,missing,missing,missing,missing,missing,missing,missing,MTC
0.0,0.0,0.0,0.0,0.0,0.00411726,0.00409873,0.004507562,0.005469547,nothing,nothing,European Free Trade Association,elec_biomass (IGCC CCS),biomass (IGCC CCS),biomass (IGCC CCS) (dry cooling),missing,missing,missing,missing,missing,missing,missing,MTC
0.0,0.0,0.0,0.0,0.0,0.013038,0.0265523,0.0367221,0.0473533,nothing,nothing,European Free Trade Association,elec_biomass (IGCC CCS),biomass (IGCC CCS),biomass (IGCC CCS) (once through),missing,missing,missing,missing,missing,missing,missing,MTC
0.0,0.0,0.0,0.0,0.0,0.0834431,0.1699368,0.2274625,0.2912991,nothing,nothing,European Free Trade Association,elec_biomass (IGCC CCS),biomass (IGCC CCS),biomass (IGCC CCS) (recirculating),missing,missing,missing,missing,missing,missing,missing,MTC
0.0,0.0,0.0,0.0,0.0,0.0299874,0.061071,0.0854705,0.11041500000000001,nothing,nothing,European Free Trade Association,elec_biomass (IGCC CCS),biomass (IGCC CCS),biomass (IGCC CCS) (seawater),missing,missing,missing,missing,missing,missing,missing,MTC
0.0,0.0,0.0,0.0,0.0,6.27762E-4,0.003902813,0.010899764,0.029701659,nothing,nothing,European Free Trade Association,elec_biomass (conv CCS),biomass (conv CCS),biomass (conv CCS) (dry cooling),missing,missing,missing,missing,missing,missing,missing,MTC
0.0,0.0,0.0,0.0,0.0,9.57251E-4,0.0064123489999999995,0.018808637,0.054630275,nothing,nothing,European Free Trade Association,elec_biomass (conv CCS),biomass (conv CCS),biomass (conv CCS) (once through),missing,missing,missing,missing,missing,missing,missing,MTC
0.0,0.0,0.0,0.0,0.0,9.45917E-4,0.006309072999999999,0.018446819,0.05334399200000001,nothing,nothing,European Free Trade Association,elec_biomass (conv CCS),biomass (conv CCS),biomass (conv CCS) (recirculating),missing,missing,missing,missing,missing,missing,missing,MTC
0.0,0.0,0.0,0.0,0.0,9.62397E-4,0.006456991,0.018957433,0.05511985999999999,nothing,nothing,European Free Trade Association,elec_biomass (conv CCS),biomass (conv CCS),biomass (conv CCS) (seawater),missing,missing,missing,missing,missing,missing,missing,MTC
0.0,0.0,0.0,0.0,0.0,2.35536E-6,1.581554E-5,4.323538E-5,1.1054201E-4,nothing,nothing,European Free Trade Association,elec_coal (IGCC CCS),coal (IGCC CCS),coal (IGCC CCS) (dry cooling),missing,missing,missing,missing,missing,missing,missing,MTC
0.0,0.0,0.0,0.0,0.0,1.93741E-5,1.33935E-4,3.481631E-4,8.645411000000001E-4,nothing,nothing,European Free Trade Association,elec_coal (IGCC CCS),coal (IGCC CCS),coal (IGCC CCS) (once through),missing,missing,missing,missing,missing,missing,missing,MTC
0.0,0.0,0.0,0.0,0.0,1.18915E-4,8.19987E-4,0.002137586,0.005314954,nothing,nothing,European Free Trade Association,elec_coal (IGCC CCS),coal (IGCC CCS),coal (IGCC CCS) (recirculating),missing,missing,missing,missing,missing,missing,missing,MTC
0.0,0.0,0.0,0.0,0.0,4.52823E-5,3.130367E-4,8.12431E-4,0.0020147052,nothing,nothing,European Free Trade Association,elec_coal (IGCC CCS),coal (IGCC CCS),coal (IGCC CCS) (seawater),missing,missing,missing,missing,missing,missing,missing,MTC
0.0,0.0,0.0,0.0,0.0,3.3625E-5,2.035548E-4,4.971816E-4,0.0011499622,nothing,nothing,European Free Trade Association,elec_coal (conv pul CCS),coal (conv pul CCS),coal (conv pul CCS) (dry cooling),missing,missing,missing,missing,missing,missing,missing,MTC
0.0,0.0,0.0,0.0,0.0,7.73554E-5,4.8056940000000005E-4,0.0011258289,0.0025376100999999996,nothing,nothing,European Free Trade Association,elec_coal (conv pul CCS),coal (conv pul CCS),coal (conv pul CCS) (once through),missing,missing,missing,missing,missing,missing,missing,MTC
0.0,0.0,0.0,0.0,0.0,7.45633E-5,4.621944E-4,0.0010852192000000002,0.0024487985,nothing,nothing,European Free Trade Association,elec_coal (conv pul CCS),coal (conv pul CCS),coal (conv pul CCS) (recirculating),missing,missing,missing,missing,missing,missing,missing,MTC
0.0,0.0,0.0,0.0,0.0,7.85431E-5,4.879422E-4,0.0011414894,0.0025697702,nothing,nothing,European Free Trade Association,elec_coal (conv pul CCS),coal (conv pul CCS),coal (conv pul CCS) (seawater),missing,missing,missing,missing,missing,missing,missing,MTC
0.0,0.0,0.0,0.0,0.0,8.55415E-5,2.2803723E-4,3.0464131000000003E-4,5.607873E-4,nothing,nothing,European Free Trade Association,elec_gas (CC CCS),biogas (CC CCS),biogas (CC CCS) (dry cooling),missing,missing,missing,missing,missing,missing,missing,MTC
0.0,0.0,0.0,0.0,0.0,9.22884E-5,2.488828E-4,3.3730571E-4,6.2063206E-4,nothing,nothing,European Free Trade Association,elec_gas (CC CCS),biogas (CC CCS),biogas (CC CCS) (recirculating),missing,missing,missing,missing,missing,missing,missing,MTC
0.0,0.0,0.0,0.0,0.0,1.57499E-5,4.24851E-5,5.758154E-5,1.0595004E-4,nothing,nothing,European Free Trade Association,elec_gas (CC CCS),biogas (CC CCS),biogas (CC CCS) (seawater),missing,missing,missing,missing,missing,missing,missing,MTC
0.0,0.0,0.0,0.0,0.0,8.47687E-5,2.809658E-4,5.232762E-4,9.537721999999999E-4,nothing,nothing,European Free Trade Association,elec_gas (CC CCS),gas (CC CCS),gas (CC CCS) (dry cooling),missing,missing,missing,missing,missing,missing,missing,MTC
0.0,0.0,0.0,0.0,0.0,0.00121468,0.00401419,0.007484059999999999,0.01361551,nothing,nothing,European Free Trade Association,elec_gas (CC CCS),gas (CC CCS),gas (CC CCS) (once through),missing,missing,missing,missing,missing,missing,missing,MTC
0.0,0.0,0.0,0.0,0.0,0.00182104,0.0060201199999999995,0.0112242,0.02042249,nothing,nothing,European Free Trade Association,elec_gas (CC CCS),gas (CC CCS),gas (CC CCS) (recirculating),missing,missing,missing,missing,missing,missing,missing,MTC
0.0,0.0,0.0,0.0,0.0,0.00225344,0.00744619,0.013881850000000001,0.025251839999999998,nothing,nothing,European Free Trade Association,elec_gas (CC CCS),gas (CC CCS),gas (CC CCS) (seawater),missing,missing,missing,missing,missing,missing,missing,MTC
0.0,0.0,0.0,0.0,0.0,2.18861E-5,3.288347E-5,3.1185150000000004E-5,4.0153419999999995E-5,nothing,nothing,European Free Trade Association,elec_refined liquids (CC CCS),refined liquids (CC CCS),refined liquids (CC CCS) (dry cooling),missing,missing,missing,missing,missing,missing,missing,MTC
0.0,0.0,0.0,0.0,0.0,2.51283E-4,3.856354E-4,3.743898E-4,4.813913E-4,nothing,nothing,European Free Trade Association,elec_refined liquids (CC CCS),refined liquids (CC CCS),refined liquids (CC CCS) (once through),missing,missing,missing,missing,missing,missing,missing,MTC
0.0,0.0,0.0,0.0,0.0,3.83568E-4,5.887092E-4,5.717156E-4,7.350502E-4,nothing,nothing,European Free Trade Association,elec_refined liquids (CC CCS),refined liquids (CC CCS),refined liquids (CC CCS) (recirculating),missing,missing,missing,missing,missing,missing,missing,MTC
0.0,0.0,0.0,0.0,0.0,4.66375E-4,7.158204E-4,6.950354E-4,8.934758E-4,nothing,nothing,European Free Trade Association,elec_refined liquids (CC CCS),refined liquids (CC CCS),refined liquids (CC CCS) (seawater),missing,missing,missing,missing,missing,missing,missing,MTC
1.96458,1.85548,2.15108,2.41815,2.6997,2.99503,3.33573,3.6519,3.98831,nothing,nothing,European Free Trade Association,industrial feedstocks,refined liquids,refined liquids,missing,missing,missing,missing,missing,missing,missing,MTC
0.0,0.0,0.0,0.0,0.0,0.0625145,0.111217,0.138828,0.154999,nothing,nothing,European Free Trade Association,lime,gas (CCS),lime (oxyflash CCS),missing,missing,missing,missing,missing,missing,missing,MTC
0.0,0.0,0.0,0.0,0.0,0.0,0.0,0.0241504,0.06413479999999999,nothing,nothing,European Free Trade Association,refining,coal to liquids,coal to liquids CCS level 1,missing,missing,missing,missing,missing,missing,missing,MTC
0.0,0.0,0.0,0.0,0.0,0.0,0.0,0.0223905,0.0607333,nothing,nothing,European Free Trade Association,refining,coal to liquids,coal to liquids CCS level 2,missing,missing,missing,missing,missing,missing,missing,MTC
0.0,0.0,0.0,0.0,0.0,0.225404,0.245139,0.259266,0.265698,nothing,nothing,India,DAC,DAC,DAC_solvent (oxy CCS),missing,missing,missing,missing,missing,missing,missing,MTC
0.0,0.0,0.0,0.0,0.0,0.0571354,0.0979459,0.155039,0.240128,nothing,nothing,India,DAC,DAC,DAC_sorbent (oxy CCS),missing,missing,missing,missing,missing,missing,missing,MTC
0.0,0.0,0.0,0.0,0.0,0.422395,0.551754,0.582422,0.553732,nothing,nothing,India,H2 central production,biomass,biomass to H2 CCS,missing,missing,missing,missing,missing,missing,missing,MTC
0.0,0.0,0.0,0.0,0.0,0.0128698,0.1317,0.307522,0.523242,nothing,nothing,India,H2 central production,coal,coal chemical CCS,missing,missing,missing,missing,missing,missing,missing,MTC
0.0,0.0,0.0,0.0,0.0,0.0157197,0.0861402,0.209514,0.360186,nothing,nothing,India,H2 central production,gas,natural gas steam reforming CCS,missing,missing,missing,missing,missing,missing,missing,MTC
0.0,0.0,0.0,0.0,0.0,0.055865,0.5590306,1.1580004000000002,1.8721387,nothing,nothing,India,N fertilizer,gas,gas CCS,missing,missing,missing,missing,missing,missing,missing,MTC
0.0,0.0,0.0,0.0,0.0,2.19855,4.51038,6.4604099999999995,8.45285,nothing,nothing,India,biorefining,biomass liquids,FT biofuels CCS level 1,missing,missing,missing,missing,missing,missing,missing,MTC
0.0,0.0,0.0,0.0,0.0,2.55756,5.16877,7.30598,9.42513,nothing,nothing,India,biorefining,biomass liquids,FT biofuels CCS level 2,missing,missing,missing,missing,missing,missing,missing,MTC
0.0,0.0,0.0,0.0,0.0,1.28179,2.68654,3.9263500000000002,5.25997,nothing,nothing,India,biorefining,biomass liquids,cellulosic ethanol CCS level 1,missing,missing,missing,missing,missing,missing,missing,MTC
0.0,0.0,0.0,0.0,0.0,6.69634,13.27939,18.48398,23.48421,nothing,nothing,India,biorefining,biomass liquids,cellulosic ethanol CCS level 2,missing,missing,missing,missing,missing,missing,missing,MTC
0.0,0.0,0.0,0.0,0.0,1.68945,10.224,18.3398,25.1801,nothing,nothing,India,cement,cement,cement CCS,missing,missing,missing,missing,missing,missing,missing,MTC
0.0,0.0,0.0,0.0,0.0,0.0,0.0475003,0.137772,0.2277472,nothing,nothing,India,elec_biomass (IGCC CCS),biomass (IGCC CCS),biomass (IGCC CCS) (dry cooling),missing,missing,missing,missing,missing,missing,missing,MTC
0.0,0.0,0.0,0.0,0.0,0.0,9.51207E-5,8.407021000000001E-4,0.0017226839,nothing,nothing,India,elec_biomass (IGCC CCS),biomass (IGCC CCS),biomass (IGCC CCS) (once through),missing,missing,missing,missing,missing,missing,missing,MTC
0.0,0.0,0.0,0.0,0.0,5.63926,9.92426,14.74128,18.728769999999997,nothing,nothing,India,elec_biomass (IGCC CCS),biomass (IGCC CCS),biomass (IGCC CCS) (recirculating),missing,missing,missing,missing,missing,missing,missing,MTC
0.0,0.0,0.0,0.0,0.0,0.195581,0.41352500000000003,0.620304,0.7845340000000001,nothing,nothing,India,elec_biomass (IGCC CCS),biomass (IGCC CCS),biomass (IGCC CCS) (seawater),missing,missing,missing,missing,missing,missing,missing,MTC
0.0,0.0,0.0,0.0,0.0,0.0384993,0.19279079999999998,0.6993094,1.7067601,nothing,nothing,India,elec_biomass (conv CCS),biomass (conv CCS),biomass (conv CCS) (dry cooling),missing,missing,missing,missing,missing,missing,missing,MTC
0.0,0.0,0.0,0.0,0.0,0.00784897,0.01568879,0.02942516,0.03327252,nothing,nothing,India,elec_biomass (conv CCS),biomass (conv CCS),biomass (conv CCS) (once through),missing,missing,missing,missing,missing,missing,missing,MTC
0.0,0.0,0.0,0.0,0.0,0.0537032,0.2738613,0.9949782,2.4177574,nothing,nothing,India,elec_biomass (conv CCS),biomass (conv CCS),biomass (conv CCS) (recirculating),missing,missing,missing,missing,missing,missing,missing,MTC
0.0,0.0,0.0,0.0,0.0,0.0578466,0.30558579999999996,1.1428881,2.863076,nothing,nothing,India,elec_biomass (conv CCS),biomass (conv CCS),biomass (conv CCS) (seawater),missing,missing,missing,missing,missing,missing,missing,MTC
0.0,0.0,0.0,0.0,0.0,0.00677394,0.03523064,0.11772039000000001,0.25857139,nothing,nothing,India,elec_coal (IGCC CCS),coal (IGCC CCS),coal (IGCC CCS) (dry cooling),missing,missing,missing,missing,missing,missing,missing,MTC
0.0,0.0,0.0,0.0,0.0,2.75731E-4,7.346099999999999E-4,0.00180493,0.002547298,nothing,nothing,India,elec_coal (IGCC CCS),coal (IGCC CCS),coal (IGCC CCS) (once through),missing,missing,missing,missing,missing,missing,missing,MTC
0.0,0.0,0.0,0.0,0.0,0.359938,1.875729,5.930199,12.582253000000001,nothing,nothing,India,elec_coal (IGCC CCS),coal (IGCC CCS),coal (IGCC CCS) (recirculating),missing,missing,missing,missing,missing,missing,missing,MTC
0.0,0.0,0.0,0.0,0.0,0.0144886,0.0774727,0.24521479999999998,0.5238337,nothing,nothing,India,elec_coal (IGCC CCS),coal (IGCC CCS),coal (IGCC CCS) (seawater),missing,missing,missing,missing,missing,missing,missing,MTC
0.0,0.0,0.0,0.0,0.0,0.0999627,0.4716232,1.3811969,2.7737727000000003,nothing,nothing,India,elec_coal (conv pul CCS),coal (conv pul CCS),coal (conv pul CCS) (dry cooling),missing,missing,missing,missing,missing,missing,missing,MTC
0.0,0.0,0.0,0.0,0.0,0.00223192,0.00542531,0.01147642,0.01408042,nothing,nothing,India,elec_coal (conv pul CCS),coal (conv pul CCS),coal (conv pul CCS) (once through),missing,missing,missing,missing,missing,missing,missing,MTC
0.0,0.0,0.0,0.0,0.0,0.184395,0.851268,2.364392,4.5654639999999995,nothing,nothing,India,elec_coal (conv pul CCS),coal (conv pul CCS),coal (conv pul CCS) (recirculating),missing,missing,missing,missing,missing,missing,missing,MTC
0.0,0.0,0.0,0.0,0.0,0.232321,1.1231419999999999,3.143442,6.161458,nothing,nothing,India,elec_coal (conv pul CCS),coal (conv pul CCS),coal (conv pul CCS) (seawater),missing,missing,missing,missing,missing,missing,missing,MTC
0.0,0.0,0.0,0.0,0.0,0.00614701,0.012028878,0.022057194,0.029388460999999998,nothing,nothing,India,elec_gas (CC CCS),biogas (CC CCS),biogas (CC CCS) (dry cooling),missing,missing,missing,missing,missing,missing,missing,MTC
0.0,0.0,0.0,0.0,0.0,0.00633695,0.012512619999999999,0.022979609999999998,0.030736980999999997,nothing,nothing,India,elec_gas (CC CCS),biogas (CC CCS),biogas (CC CCS) (recirculating),missing,missing,missing,missing,missing,missing,missing,MTC
0.0,0.0,0.0,0.0,0.0,0.00111619,0.002225219,0.004117479,0.005559484999999999,nothing,nothing,India,elec_gas (CC CCS),biogas (CC CCS),biogas (CC CCS) (seawater),missing,missing,missing,missing,missing,missing,missing,MTC
0.0,0.0,0.0,0.0,0.0,0.0126378,0.0356143,0.07765620000000001,0.1297848,nothing,nothing,India,elec_gas (CC CCS),gas (CC CCS),gas (CC CCS) (dry cooling),missing,missing,missing,missing,missing,missing,missing,MTC
0.0,0.0,0.0,0.0,0.0,0.0117281,0.0269408,0.0483185,0.0672643,nothing,nothing,India,elec_gas (CC CCS),gas (CC CCS),gas (CC CCS) (once through),missing,missing,missing,missing,missing,missing,missing,MTC
0.0,0.0,0.0,0.0,0.0,0.53447,1.496318,3.242749,5.3767689999999995,nothing,nothing,India,elec_gas (CC CCS),gas (CC CCS),gas (CC CCS) (recirculating),missing,missing,missing,missing,missing,missing,missing,MTC
0.0,0.0,0.0,0.0,0.0,0.0200588,0.056631,0.1237879,0.20686359999999998,nothing,nothing,India,elec_gas (CC CCS),gas (CC CCS),gas (CC CCS) (seawater),missing,missing,missing,missing,missing,missing,missing,MTC
0.0,0.0,0.0,0.0,0.0,0.0594877,0.0864673,0.1425633,0.1857936,nothing,nothing,India,elec_refined liquids (CC CCS),refined liquids (CC CCS),refined liquids (CC CCS) (dry cooling),missing,missing,missing,missing,missing,missing,missing,MTC
0.0,0.0,0.0,0.0,0.0,0.0399815,0.03529848,0.040424550000000004,0.03184259,nothing,nothing,India,elec_refined liquids (CC CCS),refined liquids (CC CCS),refined liquids (CC CCS) (once through),missing,missing,missing,missing,missing,missing,missing,MTC
0.0,0.0,0.0,0.0,0.0,2.04529,3.0980929999999995,5.178755000000001,6.889659,nothing,nothing,India,elec_refined liquids (CC CCS),refined liquids (CC CCS),refined liquids (CC CCS) (recirculating),missing,missing,missing,missing,missing,missing,missing,MTC
0.0,0.0,0.0,0.0,0.0,0.0731992,0.1119181,0.18832390000000002,0.2528518,nothing,nothing,India,elec_refined liquids (CC CCS),refined liquids (CC CCS),refined liquids (CC CCS) (seawater),missing,missing,missing,missing,missing,missing,missing,MTC
5.15712,14.1469,26.7794,37.9539,48.8184,60.8522,77.2101,91.957,107.976,nothing,nothing,India,industrial feedstocks,refined liquids,refined liquids,missing,missing,missing,missing,missing,missing,missing,MTC
0.0,0.0,0.0,0.0,0.0,0.212266,0.321819,0.361078,0.410085,nothing,nothing,India,lime,gas (CCS),lime (oxyflash CCS),missing,missing,missing,missing,missing,missing,missing,MTC
0.0,0.0,0.0,0.0,0.0,0.14713,0.455926,0.9221710000000001,1.535685,nothing,nothing,India,refining,coal to liquids,coal to liquids CCS level 1,missing,missing,missing,missing,missing,missing,missing,MTC
0.0,0.0,0.0,0.0,0.0,0.11899,0.391351,0.8151930000000001,1.387665,nothing,nothing,India,refining,coal to liquids,coal to liquids CCS level 2,missing,missing,missing,missing,missing,missing,missing,MTC
0.0,0.0,0.0,0.0,0.0,0.0834061,0.0764096,0.076446,0.0705181,nothing,nothing,Indonesia,DAC,DAC,DAC_solvent (oxy CCS),missing,missing,missing,missing,missing,missing,missing,MTC
0.0,0.0,0.0,0.0,0.0,0.0209151,0.033474,0.0515451,0.07485,nothing,nothing,Indonesia,DAC,DAC,DAC_sorbent (oxy CCS),missing,missing,missing,missing,missing,missing,missing,MTC
0.0,0.0,0.0,0.0,0.0,0.188174,0.243006,0.244005,0.219975,nothing,nothing,Indonesia,H2 central production,biomass,biomass to H2 CCS,missing,missing,missing,missing,missing,missing,missing,MTC
0.0,0.0,0.0,0.0,0.0,0.00539017,0.0556312,0.12074,0.188721,nothing,nothing,Indonesia,H2 central production,coal,coal chemical CCS,missing,missing,missing,missing,missing,missing,missing,MTC
0.0,0.0,0.0,0.0,0.0,0.00591348,0.0273365,0.0595613,0.0929539,nothing,nothing,Indonesia,H2 central production,gas,natural gas steam reforming CCS,missing,missing,missing,missing,missing,missing,missing,MTC
0.0,0.0,0.0,0.0,0.0,0.0740001,0.1933608,0.3232041,0.4581343,nothing,nothing,Indonesia,N fertilizer,gas,gas CCS,missing,missing,missing,missing,missing,missing,missing,MTC
0.0,0.0,0.0,0.0,0.0,0.762998,1.50267,2.088527,2.7030179999999997,nothing,nothing,Indonesia,biorefining,biomass liquids,FT biofuels CCS level 1,missing,missing,missing,missing,missing,missing,missing,MTC
0.0,0.0,0.0,0.0,0.0,0.889243,1.7267839999999999,2.370333,3.0231689999999998,nothing,nothing,Indonesia,biorefining,biomass liquids,FT biofuels CCS level 2,missing,missing,missing,missing,missing,missing,missing,MTC
0.0,0.0,0.0,0.0,0.0,0.447892,0.902001,1.279638,1.702197,nothing,nothing,Indonesia,biorefining,biomass liquids,cellulosic ethanol CCS level 1,missing,missing,missing,missing,missing,missing,missing,MTC
0.0,0.0,0.0,0.0,0.0,2.34622,4.475210000000001,6.0553,7.606309999999999,nothing,nothing,Indonesia,biorefining,biomass liquids,cellulosic ethanol CCS level 2,missing,missing,missing,missing,missing,missing,missing,MTC
0.0,0.0,0.0,0.0,0.0,0.37775,2.00166,3.30712,4.20049,nothing,nothing,Indonesia,cement,cement,cement CCS,missing,missing,missing,missing,missing,missing,missing,MTC
0.0,0.0,0.0,0.0,0.0,0.0,0.00121184,0.0058271700000000004,0.01125909,nothing,nothing,Indonesia,elec_biomass (IGCC CCS),biomass (IGCC CCS),biomass (IGCC CCS) (dry cooling),missing,missing,missing,missing,missing,missing,missing,MTC
0.0,0.0,0.0,0.0,0.0,0.0293437,0.0504657,0.0856408,0.1175462,nothing,nothing,Indonesia,elec_biomass (IGCC CCS),biomass (IGCC CCS),biomass (IGCC CCS) (once through),missing,missing,missing,missing,missing,missing,missing,MTC
0.0,0.0,0.0,0.0,0.0,0.0630891,0.1027621,0.17398180000000002,0.23993789999999998,nothing,nothing,Indonesia,elec_biomass (IGCC CCS),biomass (IGCC CCS),biomass (IGCC CCS) (recirculating),missing,missing,missing,missing,missing,missing,missing,MTC
0.0,0.0,0.0,0.0,0.0,0.190734,0.329167,0.558688,0.766622,nothing,nothing,Indonesia,elec_biomass (IGCC CCS),biomass (IGCC CCS),biomass (IGCC CCS) (seawater),missing,missing,missing,missing,missing,missing,missing,MTC
0.0,0.0,0.0,0.0,0.0,0.00153018,0.006750320000000001,0.03190038,0.08514407,nothing,nothing,Indonesia,elec_biomass (conv CCS),biomass (conv CCS),biomass (conv CCS) (dry cooling),missing,missing,missing,missing,missing,missing,missing,MTC
0.0,0.0,0.0,0.0,0.0,0.00227556,0.01052308,0.05128362,0.13955528,nothing,nothing,Indonesia,elec_biomass (conv CCS),biomass (conv CCS),biomass (conv CCS) (once through),missing,missing,missing,missing,missing,missing,missing,MTC
0.0,0.0,0.0,0.0,0.0,0.00224405,0.010344240000000001,0.05029231,0.13667123,nothing,nothing,Indonesia,elec_biomass (conv CCS),biomass (conv CCS),biomass (conv CCS) (recirculating),missing,missing,missing,missing,missing,missing,missing,MTC
0.0,0.0,0.0,0.0,0.0,0.00227761,0.0105355,0.05135561,0.13977240000000002,nothing,nothing,Indonesia,elec_biomass (conv CCS),biomass (conv CCS),biomass (conv CCS) (seawater),missing,missing,missing,missing,missing,missing,missing,MTC
0.0,0.0,0.0,0.0,0.0,5.86041E-4,0.0025172579999999996,0.010302491,0.023586389,nothing,nothing,Indonesia,elec_coal (IGCC CCS),coal (IGCC CCS),coal (IGCC CCS) (dry cooling),missing,missing,missing,missing,missing,missing,missing,MTC
0.0,0.0,0.0,0.0,0.0,0.00418204,0.018328459999999998,0.06916594000000001,0.15061713,nothing,nothing,Indonesia,elec_coal (IGCC CCS),coal (IGCC CCS),coal (IGCC CCS) (once through),missing,missing,missing,missing,missing,missing,missing,MTC
0.0,0.0,0.0,0.0,0.0,0.00851411,0.03725724,0.14153267,0.30945820999999996,nothing,nothing,Indonesia,elec_coal (IGCC CCS),coal (IGCC CCS),coal (IGCC CCS) (recirculating),missing,missing,missing,missing,missing,missing,missing,MTC
0.0,0.0,0.0,0.0,0.0,0.0272686,0.1195363,0.4509742,0.981883,nothing,nothing,Indonesia,elec_coal (IGCC CCS),coal (IGCC CCS),coal (IGCC CCS) (seawater),missing,missing,missing,missing,missing,missing,missing,MTC
0.0,0.0,0.0,0.0,0.0,0.00725801,0.02833801,0.09900484,0.20500257,nothing,nothing,Indonesia,elec_coal (conv pul CCS),coal (conv pul CCS),coal (conv pul CCS) (dry cooling),missing,missing,missing,missing,missing,missing,missing,MTC
0.0,0.0,0.0,0.0,0.0,0.0168901,0.06711990000000001,0.2189485,0.4341599,nothing,nothing,Indonesia,elec_coal (conv pul CCS),coal (conv pul CCS),coal (conv pul CCS) (once through),missing,missing,missing,missing,missing,missing,missing,MTC
0.0,0.0,0.0,0.0,0.0,0.0160877,0.06384719999999999,0.2094269,0.4167229,nothing,nothing,Indonesia,elec_coal (conv pul CCS),coal (conv pul CCS),coal (conv pul CCS) (recirculating),missing,missing,missing,missing,missing,missing,missing,MTC
0.0,0.0,0.0,0.0,0.0,0.0169403,0.0673339,0.2195954,0.43537689999999996,nothing,nothing,Indonesia,elec_coal (conv pul CCS),coal (conv pul CCS),coal (conv pul CCS) (seawater),missing,missing,missing,missing,missing,missing,missing,MTC
0.0,0.0,0.0,0.0,0.0,0.00425466,0.0069133599999999995,0.015817888999999998,0.020797909,nothing,nothing,Indonesia,elec_gas (CC CCS),biogas (CC CCS),biogas (CC CCS) (dry cooling),missing,missing,missing,missing,missing,missing,missing,MTC
0.0,0.0,0.0,0.0,0.0,0.00451613,0.007527,0.017210002000000002,0.022920863,nothing,nothing,Indonesia,elec_gas (CC CCS),biogas (CC CCS),biogas (CC CCS) (recirculating),missing,missing,missing,missing,missing,missing,missing,MTC
0.0,0.0,0.0,0.0,0.0,7.69625E-4,0.00128282,0.002932667,0.003905142,nothing,nothing,Indonesia,elec_gas (CC CCS),biogas (CC CCS),biogas (CC CCS) (seawater),missing,missing,missing,missing,missing,missing,missing,MTC
0.0,0.0,0.0,0.0,0.0,0.00724593,0.01629336,0.03674995,0.05989709,nothing,nothing,Indonesia,elec_gas (CC CCS),gas (CC CCS),gas (CC CCS) (dry cooling),missing,missing,missing,missing,missing,missing,missing,MTC
0.0,0.0,0.0,0.0,0.0,0.0224016,0.0499313,0.1118468,0.1811632,nothing,nothing,Indonesia,elec_gas (CC CCS),gas (CC CCS),gas (CC CCS) (once through),missing,missing,missing,missing,missing,missing,missing,MTC
0.0,0.0,0.0,0.0,0.0,0.168542,0.37596,0.842639,1.3656510000000002,nothing,nothing,Indonesia,elec_gas (CC CCS),gas (CC CCS),gas (CC CCS) (recirculating),missing,missing,missing,missing,missing,missing,missing,MTC
0.0,0.0,0.0,0.0,0.0,0.164369,0.366367,0.8206739999999999,1.329288,nothing,nothing,Indonesia,elec_gas (CC CCS),gas (CC CCS),gas (CC CCS) (seawater),missing,missing,missing,missing,missing,missing,missing,MTC
0.0,0.0,0.0,0.0,0.0,0.0170967,0.0208541,0.039650969999999994,0.04843486,nothing,nothing,Indonesia,elec_refined liquids (CC CCS),refined liquids (CC CCS),refined liquids (CC CCS) (dry cooling),missing,missing,missing,missing,missing,missing,missing,MTC
0.0,0.0,0.0,0.0,0.0,0.0415905,0.053750900000000004,0.10215310000000001,0.1281538,nothing,nothing,Indonesia,elec_refined liquids (CC CCS),refined liquids (CC CCS),refined liquids (CC CCS) (once through),missing,missing,missing,missing,missing,missing,missing,MTC
0.0,0.0,0.0,0.0,0.0,0.318944,0.412215,0.783414,0.9828676000000001,nothing,nothing,Indonesia,elec_refined liquids (CC CCS),refined liquids (CC CCS),refined liquids (CC CCS) (recirculating),missing,missing,missing,missing,missing,missing,missing,MTC
0.0,0.0,0.0,0.0,0.0,0.305181,0.394478,0.7497259999999999,0.9406424999999999,nothing,nothing,Indonesia,elec_refined liquids (CC CCS),refined liquids (CC CCS),refined liquids (CC CCS) (seawater),missing,missing,missing,missing,missing,missing,missing,MTC
2.6911,3.72815,3.61235,5.10764,6.98204,9.18644,12.0816,14.7022,17.4117,nothing,nothing,Indonesia,industrial feedstocks,refined liquids,refined liquids,missing,missing,missing,missing,missing,missing,missing,MTC
0.0,0.0,0.0,0.0,0.0,0.079954,0.106902,0.115177,0.121951,nothing,nothing,Indonesia,lime,gas (CCS),lime (oxyflash CCS),missing,missing,missing,missing,missing,missing,missing,MTC
0.0,0.0,0.0,0.0,0.0,0.0493496,0.16403020000000001,0.3348776,0.5305038,nothing,nothing,Indonesia,refining,coal to liquids,coal to liquids CCS level 1,missing,missing,missing,missing,missing,missing,missing,MTC
0.0,0.0,0.0,0.0,0.0,0.0399687,0.1413375,0.2964491,0.47688169999999996,nothing,nothing,Indonesia,refining,coal to liquids,coal to liquids CCS level 2,missing,missing,missing,missing,missing,missing,missing,MTC
0.0,0.0,0.0,0.0,0.0,0.393042,0.397236,0.485625,0.505655,nothing,nothing,Japan,DAC,DAC,DAC_solvent (oxy CCS),missing,missing,missing,missing,missing,missing,missing,MTC
0.0,0.0,0.0,0.0,0.0,0.0861775,0.139153,0.245092,0.381432,nothing,nothing,Japan,DAC,DAC,DAC_sorbent (oxy CCS),missing,missing,missing,missing,missing,missing,missing,MTC
0.0,0.0,0.0,0.0,0.0,0.0753445,0.0740283,0.0674712,0.0589063,nothing,nothing,Japan,H2 central production,biomass,biomass to H2 CCS,missing,missing,missing,missing,missing,missing,missing,MTC
0.0,0.0,0.0,0.0,0.0,0.0027769,0.0190078,0.0386193,0.0607057,nothing,nothing,Japan,H2 central production,coal,coal chemical CCS,missing,missing,missing,missing,missing,missing,missing,MTC
0.0,0.0,0.0,0.0,0.0,0.00252683,0.00968931,0.0195272,0.0300069,nothing,nothing,Japan,H2 central production,gas,natural gas steam reforming CCS,missing,missing,missing,missing,missing,missing,missing,MTC
0.0,0.0,0.0,0.0,0.0,0.0100917,0.0257224,0.0423667,0.05974446,nothing,nothing,Japan,N fertilizer,gas,gas CCS,missing,missing,missing,missing,missing,missing,missing,MTC
0.0,0.0,0.0,0.0,0.0,0.362914,0.641785,0.8782570000000001,1.227427,nothing,nothing,Japan,biorefining,biomass liquids,FT biofuels CCS level 1,missing,missing,missing,missing,missing,missing,missing,MTC
0.0,0.0,0.0,0.0,0.0,0.425202,0.741104,1.00217,1.378427,nothing,nothing,Japan,biorefining,biomass liquids,FT biofuels CCS level 2,missing,missing,missing,missing,missing,missing,missing,MTC
0.0,0.0,0.0,0.0,0.0,0.205307,0.372612,0.519603,0.744666,nothing,nothing,Japan,biorefining,biomass liquids,cellulosic ethanol CCS level 1,missing,missing,missing,missing,missing,missing,missing,MTC
0.0,0.0,0.0,0.0,0.0,1.10941,1.90198,2.536019,3.4236709999999997,nothing,nothing,Japan,biorefining,biomass liquids,cellulosic ethanol CCS level 2,missing,missing,missing,missing,missing,missing,missing,MTC
0.0,0.0,0.0,0.0,0.0,0.348441,1.38245,2.10876,2.60275,nothing,nothing,Japan,cement,cement,cement CCS,missing,missing,missing,missing,missing,missing,missing,MTC
0.0,0.0,0.0,0.0,0.0,0.0,0.00191469,0.005958440000000001,0.00939602,nothing,nothing,Japan,elec_biomass (IGCC CCS),biomass (IGCC CCS),biomass (IGCC CCS) (dry cooling),missing,missing,missing,missing,missing,missing,missing,MTC
0.0,0.0,0.0,0.0,0.0,0.00538196,0.0113907,0.01874537,0.02392273,nothing,nothing,Japan,elec_biomass (IGCC CCS),biomass (IGCC CCS),biomass (IGCC CCS) (once through),missing,missing,missing,missing,missing,missing,missing,MTC
0.0,0.0,0.0,0.0,0.0,0.0128743,0.0288521,0.047291599999999996,0.0600423,nothing,nothing,Japan,elec_biomass (IGCC CCS),biomass (IGCC CCS),biomass (IGCC CCS) (recirculating),missing,missing,missing,missing,missing,missing,missing,MTC
0.0,0.0,0.0,0.0,0.0,0.174017,0.419748,0.685689,0.86603,nothing,nothing,Japan,elec_biomass (IGCC CCS),biomass (IGCC CCS),biomass (IGCC CCS) (seawater),missing,missing,missing,missing,missing,missing,missing,MTC
0.0,0.0,0.0,0.0,0.0,0.00103264,0.008059497,0.029762869,0.065605118,nothing,nothing,Japan,elec_biomass (conv CCS),biomass (conv CCS),biomass (conv CCS) (dry cooling),missing,missing,missing,missing,missing,missing,missing,MTC
0.0,0.0,0.0,0.0,0.0,0.0014874,0.012114989999999999,0.04600754,0.10389292,nothing,nothing,Japan,elec_biomass (conv CCS),biomass (conv CCS),biomass (conv CCS) (once through),missing,missing,missing,missing,missing,missing,missing,MTC
0.0,0.0,0.0,0.0,0.0,0.00151488,0.01236298,0.04696928,0.10605877999999999,nothing,nothing,Japan,elec_biomass (conv CCS),biomass (conv CCS),biomass (conv CCS) (recirculating),missing,missing,missing,missing,missing,missing,missing,MTC
0.0,0.0,0.0,0.0,0.0,0.00153891,0.01260414,0.0480034,0.10863022,nothing,nothing,Japan,elec_biomass (conv CCS),biomass (conv CCS),biomass (conv CCS) (seawater),missing,missing,missing,missing,missing,missing,missing,MTC
0.0,0.0,0.0,0.0,0.0,2.49828E-4,0.002121062,0.00749226,0.015125134,nothing,nothing,Japan,elec_coal (IGCC CCS),coal (IGCC CCS),coal (IGCC CCS) (dry cooling),missing,missing,missing,missing,missing,missing,missing,MTC
0.0,0.0,0.0,0.0,0.0,4.43819E-4,0.003717026,0.012660899,0.025381852000000003,nothing,nothing,Japan,elec_coal (IGCC CCS),coal (IGCC CCS),coal (IGCC CCS) (once through),missing,missing,missing,missing,missing,missing,missing,MTC
0.0,0.0,0.0,0.0,0.0,0.00112937,0.00936378,0.03162217,0.06308743,nothing,nothing,Japan,elec_coal (IGCC CCS),coal (IGCC CCS),coal (IGCC CCS) (recirculating),missing,missing,missing,missing,missing,missing,missing,MTC
0.0,0.0,0.0,0.0,0.0,0.0162688,0.1345621,0.4524492,0.9015645,nothing,nothing,Japan,elec_coal (IGCC CCS),coal (IGCC CCS),coal (IGCC CCS) (seawater),missing,missing,missing,missing,missing,missing,missing,MTC
0.0,0.0,0.0,0.0,0.0,0.00323209,0.023805970000000003,0.07421836999999999,0.13946282,nothing,nothing,Japan,elec_coal (conv pul CCS),coal (conv pul CCS),coal (conv pul CCS) (dry cooling),missing,missing,missing,missing,missing,missing,missing,MTC
0.0,0.0,0.0,0.0,0.0,0.00702685,0.05115338,0.15469383,0.2889059,nothing,nothing,Japan,elec_coal (conv pul CCS),coal (conv pul CCS),coal (conv pul CCS) (once through),missing,missing,missing,missing,missing,missing,missing,MTC
0.0,0.0,0.0,0.0,0.0,0.0074651,0.05383818,0.16153531,0.30034068999999997,nothing,nothing,Japan,elec_coal (conv pul CCS),coal (conv pul CCS),coal (conv pul CCS) (recirculating),missing,missing,missing,missing,missing,missing,missing,MTC
0.0,0.0,0.0,0.0,0.0,0.00791525,0.05695469,0.17023112,0.31614551,nothing,nothing,Japan,elec_coal (conv pul CCS),coal (conv pul CCS),coal (conv pul CCS) (seawater),missing,missing,missing,missing,missing,missing,missing,MTC
0.0,0.0,0.0,0.0,0.0,3.39735E-4,0.0017701963,0.0043391016999999995,0.0062681444,nothing,nothing,Japan,elec_gas (CC CCS),biogas (CC CCS),biogas (CC CCS) (dry cooling),missing,missing,missing,missing,missing,missing,missing,MTC
0.0,0.0,0.0,0.0,0.0,3.60608E-4,0.0018869238,0.0046491068,0.0067717003,nothing,nothing,Japan,elec_gas (CC CCS),biogas (CC CCS),biogas (CC CCS) (recirculating),missing,missing,missing,missing,missing,missing,missing,MTC
0.0,0.0,0.0,0.0,0.0,6.14829E-5,3.2169300999999997E-4,7.925225300000001E-4,0.00115425521,nothing,nothing,Japan,elec_gas (CC CCS),biogas (CC CCS),biogas (CC CCS) (seawater),missing,missing,missing,missing,missing,missing,missing,MTC
0.0,0.0,0.0,0.0,0.0,5.77352E-4,0.00341259,0.010514489,0.020414623,nothing,nothing,Japan,elec_gas (CC CCS),gas (CC CCS),gas (CC CCS) (dry cooling),missing,missing,missing,missing,missing,missing,missing,MTC
0.0,0.0,0.0,0.0,0.0,7.7758E-4,0.004582552,0.014178813,0.027589193999999997,nothing,nothing,Japan,elec_gas (CC CCS),gas (CC CCS),gas (CC CCS) (once through),missing,missing,missing,missing,missing,missing,missing,MTC
0.0,0.0,0.0,0.0,0.0,0.00184138,0.01084032,0.03350726,0.06515193999999999,nothing,nothing,Japan,elec_gas (CC CCS),gas (CC CCS),gas (CC CCS) (recirculating),missing,missing,missing,missing,missing,missing,missing,MTC
0.0,0.0,0.0,0.0,0.0,0.0256658,0.15102739999999998,0.46692049999999996,0.9079025,nothing,nothing,Japan,elec_gas (CC CCS),gas (CC CCS),gas (CC CCS) (seawater),missing,missing,missing,missing,missing,missing,missing,MTC
0.0,0.0,0.0,0.0,0.0,0.00688915,0.01612657,0.024454667,0.024806009,nothing,nothing,Japan,elec_refined liquids (CC CCS),refined liquids (CC CCS),refined liquids (CC CCS) (dry cooling),missing,missing,missing,missing,missing,missing,missing,MTC
0.0,0.0,0.0,0.0,0.0,0.00730235,0.01746638,0.02703081,0.02836453,nothing,nothing,Japan,elec_refined liquids (CC CCS),refined liquids (CC CCS),refined liquids (CC CCS) (once through),missing,missing,missing,missing,missing,missing,missing,MTC
0.0,0.0,0.0,0.0,0.0,0.0176671,0.04227019,0.06544318,0.06877489,nothing,nothing,Japan,elec_refined liquids (CC CCS),refined liquids (CC CCS),refined liquids (CC CCS) (recirculating),missing,missing,missing,missing,missing,missing,missing,MTC
0.0,0.0,0.0,0.0,0.0,0.241571,0.5780475,0.8949887000000001,0.9406911,nothing,nothing,Japan,elec_refined liquids (CC CCS),refined liquids (CC CCS),refined liquids (CC CCS) (seawater),missing,missing,missing,missing,missing,missing,missing,MTC
26.1832,29.3551,28.6407,28.8722,29.1428,29.273,28.6645,28.2735,28.0009,nothing,nothing,Japan,industrial feedstocks,refined liquids,refined liquids,missing,missing,missing,missing,missing,missing,missing,MTC
0.0,0.0,0.0,0.0,0.0,0.350734,0.5008,0.62461,0.697097,nothing,nothing,Japan,lime,gas (CCS),lime (oxyflash CCS),missing,missing,missing,missing,missing,missing,missing,MTC
0.0,0.0,0.0,0.0,0.0,0.0,0.0,0.0721369,0.2778077,nothing,nothing,Japan,refining,coal to liquids,coal to liquids CCS level 1,missing,missing,missing,missing,missing,missing,missing,MTC
0.0,0.0,0.0,0.0,0.0,0.0,0.0,0.067417,0.2669568,nothing,nothing,Japan,refining,coal to liquids,coal to liquids CCS level 2,missing,missing,missing,missing,missing,missing,missing,MTC
0.0,0.0,0.0,0.0,0.0,0.098038,0.104345,0.103675,0.104572,nothing,nothing,Mexico,DAC,DAC,DAC_solvent (oxy CCS),missing,missing,missing,missing,missing,missing,missing,MTC
0.0,0.0,0.0,0.0,0.0,0.0194851,0.0321646,0.0476343,0.072244,nothing,nothing,Mexico,DAC,DAC,DAC_sorbent (oxy CCS),missing,missing,missing,missing,missing,missing,missing,MTC
0.0,0.0,0.0,0.0,0.0,0.169678,0.18896,0.177615,0.165275,nothing,nothing,Mexico,H2 central production,biomass,biomass to H2 CCS,missing,missing,missing,missing,missing,missing,missing,MTC
0.0,0.0,0.0,0.0,0.0,0.00493722,0.0399392,0.0794501,0.130931,nothing,nothing,Mexico,H2 central production,coal,coal chemical CCS,missing,missing,missing,missing,missing,missing,missing,MTC
0.0,0.0,0.0,0.0,0.0,0.00501777,0.0235065,0.0518826,0.0892388,nothing,nothing,Mexico,H2 central production,gas,natural gas steam reforming CCS,missing,missing,missing,missing,missing,missing,missing,MTC
0.0,0.0,0.0,0.0,0.0,0.0307938,0.0782142,0.1363776,0.2071941,nothing,nothing,Mexico,N fertilizer,gas,gas CCS,missing,missing,missing,missing,missing,missing,missing,MTC
0.0,0.0,0.0,0.0,0.0,0.42011,0.765889,1.08536,1.472025,nothing,nothing,Mexico,biorefining,biomass liquids,FT biofuels CCS level 1,missing,missing,missing,missing,missing,missing,missing,MTC
0.0,0.0,0.0,0.0,0.0,0.49663,0.894234,1.2512349999999999,1.6722789999999998,nothing,nothing,Mexico,biorefining,biomass liquids,FT biofuels CCS level 2,missing,missing,missing,missing,missing,missing,missing,MTC
0.0,0.0,0.0,0.0,0.0,0.23789,0.442692,0.641178,0.892264,nothing,nothing,Mexico,biorefining,biomass liquids,cellulosic ethanol CCS level 1,missing,missing,missing,missing,missing,missing,missing,MTC
0.0,0.0,0.0,0.0,0.0,1.31312,2.3266400000000003,3.206407,4.2133899999999995,nothing,nothing,Mexico,biorefining,biomass liquids,cellulosic ethanol CCS level 2,missing,missing,missing,missing,missing,missing,missing,MTC
0.0,0.0,0.0,0.0,0.0,0.526421,1.60984,2.38292,3.06791,nothing,nothing,Mexico,cement,cement,cement CCS,missing,missing,missing,missing,missing,missing,missing,MTC
0.0,0.0,0.0,0.0,0.0,0.0445361,0.04596015,0.056055930000000004,0.06559599,nothing,nothing,Mexico,elec_biomass (IGCC CCS),biomass (IGCC CCS),biomass (IGCC CCS) (dry cooling),missing,missing,missing,missing,missing,missing,missing,MTC
0.0,0.0,0.0,0.0,0.0,0.0,7.15753E-6,4.8500548E-4,0.00136639873,nothing,nothing,Mexico,elec_biomass (IGCC CCS),biomass (IGCC CCS),biomass (IGCC CCS) (once through),missing,missing,missing,missing,missing,missing,missing,MTC
0.0,0.0,0.0,0.0,0.0,0.886431,1.49908,2.157513,2.6148549999999995,nothing,nothing,Mexico,elec_biomass (IGCC CCS),biomass (IGCC CCS),biomass (IGCC CCS) (recirculating),missing,missing,missing,missing,missing,missing,missing,MTC
0.0,0.0,0.0,0.0,0.0,0.030958,0.0716252,0.09927029999999999,0.11730719999999999,nothing,nothing,Mexico,elec_biomass (IGCC CCS),biomass (IGCC CCS),biomass (IGCC CCS) (seawater),missing,missing,missing,missing,missing,missing,missing,MTC
0.0,0.0,0.0,0.0,0.0,0.00545153,0.025164000000000002,0.08983034999999999,0.20404245,nothing,nothing,Mexico,elec_biomass (conv CCS),biomass (conv CCS),biomass (conv CCS) (dry cooling),missing,missing,missing,missing,missing,missing,missing,MTC
0.0,0.0,0.0,0.0,0.0,0.00263459,0.00785832,0.02055198,0.03526807,nothing,nothing,Mexico,elec_biomass (conv CCS),biomass (conv CCS),biomass (conv CCS) (once through),missing,missing,missing,missing,missing,missing,missing,MTC
0.0,0.0,0.0,0.0,0.0,0.00790427,0.0380865,0.13927011,0.32307297,nothing,nothing,Mexico,elec_biomass (conv CCS),biomass (conv CCS),biomass (conv CCS) (recirculating),missing,missing,missing,missing,missing,missing,missing,MTC
0.0,0.0,0.0,0.0,0.0,0.00828787,0.04070709,0.1511772,0.35594125,nothing,nothing,Mexico,elec_biomass (conv CCS),biomass (conv CCS),biomass (conv CCS) (seawater),missing,missing,missing,missing,missing,missing,missing,MTC
0.0,0.0,0.0,0.0,0.0,1.65761E-4,8.09535E-4,0.0027493409999999998,0.005771844,nothing,nothing,Mexico,elec_coal (IGCC CCS),coal (IGCC CCS),coal (IGCC CCS) (dry cooling),missing,missing,missing,missing,missing,missing,missing,MTC
0.0,0.0,0.0,0.0,0.0,2.91826E-5,1.033959E-4,3.371441E-4,6.418801000000001E-4,nothing,nothing,Mexico,elec_coal (IGCC CCS),coal (IGCC CCS),coal (IGCC CCS) (once through),missing,missing,missing,missing,missing,missing,missing,MTC
0.0,0.0,0.0,0.0,0.0,0.0085781,0.04210529,0.13275706,0.27029229,nothing,nothing,Mexico,elec_coal (IGCC CCS),coal (IGCC CCS),coal (IGCC CCS) (recirculating),missing,missing,missing,missing,missing,missing,missing,MTC
0.0,0.0,0.0,0.0,0.0,3.37734E-4,0.001673101,0.00523148,0.010636007999999999,nothing,nothing,Mexico,elec_coal (IGCC CCS),coal (IGCC CCS),coal (IGCC CCS) (seawater),missing,missing,missing,missing,missing,missing,missing,MTC
0.0,0.0,0.0,0.0,0.0,0.00220681,0.00975033,0.028577409999999998,0.05505833,nothing,nothing,Mexico,elec_coal (conv pul CCS),coal (conv pul CCS),coal (conv pul CCS) (dry cooling),missing,missing,missing,missing,missing,missing,missing,MTC
0.0,0.0,0.0,0.0,0.0,2.38239E-4,7.754659999999999E-4,0.002178845,0.003818424,nothing,nothing,Mexico,elec_coal (conv pul CCS),coal (conv pul CCS),coal (conv pul CCS) (once through),missing,missing,missing,missing,missing,missing,missing,MTC
0.0,0.0,0.0,0.0,0.0,0.0048096,0.02117162,0.05834674,0.10922676,nothing,nothing,Mexico,elec_coal (conv pul CCS),coal (conv pul CCS),coal (conv pul CCS) (recirculating),missing,missing,missing,missing,missing,missing,missing,MTC
0.0,0.0,0.0,0.0,0.0,0.00566824,0.02535933,0.06934607,0.12982663,nothing,nothing,Mexico,elec_coal (conv pul CCS),coal (conv pul CCS),coal (conv pul CCS) (seawater),missing,missing,missing,missing,missing,missing,missing,MTC
0.0,0.0,0.0,0.0,0.0,4.74749E-4,0.0013534128,0.0035744423000000003,0.0058221856,nothing,nothing,Mexico,elec_gas (CC CCS),biogas (CC CCS),biogas (CC CCS) (dry cooling),missing,missing,missing,missing,missing,missing,missing,MTC
0.0,0.0,0.0,0.0,0.0,5.00782E-4,0.0014394052,0.0038071919,0.0062516575,nothing,nothing,Mexico,elec_gas (CC CCS),biogas (CC CCS),biogas (CC CCS) (recirculating),missing,missing,missing,missing,missing,missing,missing,MTC
0.0,0.0,0.0,0.0,0.0,8.68112E-5,2.5032850000000003E-4,6.635801E-4,0.001092267,nothing,nothing,Mexico,elec_gas (CC CCS),biogas (CC CCS),biogas (CC CCS) (seawater),missing,missing,missing,missing,missing,missing,missing,MTC
0.0,0.0,0.0,0.0,0.0,0.00116892,0.0043478300000000004,0.01297515,0.02666678,nothing,nothing,Mexico,elec_gas (CC CCS),gas (CC CCS),gas (CC CCS) (dry cooling),missing,missing,missing,missing,missing,missing,missing,MTC
0.0,0.0,0.0,0.0,0.0,0.00178222,0.00608473,0.01669584,0.032033000000000006,nothing,nothing,Mexico,elec_gas (CC CCS),gas (CC CCS),gas (CC CCS) (once through),missing,missing,missing,missing,missing,missing,missing,MTC
0.0,0.0,0.0,0.0,0.0,0.0435344,0.1617489,0.4829209,0.9922217,nothing,nothing,Mexico,elec_gas (CC CCS),gas (CC CCS),gas (CC CCS) (recirculating),missing,missing,missing,missing,missing,missing,missing,MTC
0.0,0.0,0.0,0.0,0.0,0.00160989,0.00600018,0.01797519,0.037032220000000005,nothing,nothing,Mexico,elec_gas (CC CCS),gas (CC CCS),gas (CC CCS) (seawater),missing,missing,missing,missing,missing,missing,missing,MTC
0.0,0.0,0.0,0.0,0.0,0.0224531,0.030250040000000002,0.044684749999999995,0.04735772,nothing,nothing,Mexico,elec_refined liquids (CC CCS),refined liquids (CC CCS),refined liquids (CC CCS) (dry cooling),missing,missing,missing,missing,missing,missing,missing,MTC
0.0,0.0,0.0,0.0,0.0,0.0246913,0.02695912,0.03609958,0.03293978,nothing,nothing,Mexico,elec_refined liquids (CC CCS),refined liquids (CC CCS),refined liquids (CC CCS) (once through),missing,missing,missing,missing,missing,missing,missing,MTC
0.0,0.0,0.0,0.0,0.0,0.66575,0.9376199999999999,1.396669,1.521318,nothing,nothing,Mexico,elec_refined liquids (CC CCS),refined liquids (CC CCS),refined liquids (CC CCS) (recirculating),missing,missing,missing,missing,missing,missing,missing,MTC
0.0,0.0,0.0,0.0,0.0,0.0237873,0.03363176,0.05016516,0.054778589999999995,nothing,nothing,Mexico,elec_refined liquids (CC CCS),refined liquids (CC CCS),refined liquids (CC CCS) (seawater),missing,missing,missing,missing,missing,missing,missing,MTC
5.47982,4.25324,4.82768,5.98661,7.39239,8.94474,10.4799,12.0873,13.7731,nothing,nothing,Mexico,industrial feedstocks,refined liquids,refined liquids,missing,missing,missing,missing,missing,missing,missing,MTC
0.0,0.0,0.0,0.0,0.0,0.08193,0.119542,0.124638,0.136286,nothing,nothing,Mexico,lime,gas (CCS),lime (oxyflash CCS),missing,missing,missing,missing,missing,missing,missing,MTC
0.0,0.0,0.0,0.0,0.0,0.00357103,0.03183614,0.09759744000000001,0.20480559999999998,nothing,nothing,Mexico,refining,coal to liquids,coal to liquids CCS level 1,missing,missing,missing,missing,missing,missing,missing,MTC
0.0,0.0,0.0,0.0,0.0,0.00299002,0.02871866,0.09034569,0.19407561,nothing,nothing,Mexico,refining,coal to liquids,coal to liquids CCS level 2,missing,missing,missing,missing,missing,missing,missing,MTC
0.0,0.0,0.0,0.0,0.0,0.134105,0.124691,0.133398,0.14311,nothing,nothing,Middle East,DAC,DAC,DAC_solvent (oxy CCS),missing,missing,missing,missing,missing,missing,missing,MTC
0.0,0.0,0.0,0.0,0.0,0.0321926,0.0487412,0.0754489,0.118613,nothing,nothing,Middle East,DAC,DAC,DAC_sorbent (oxy CCS),missing,missing,missing,missing,missing,missing,missing,MTC
0.0,0.0,0.0,0.0,0.0,0.701895,0.783958,0.786994,0.760094,nothing,nothing,Middle East,H2 central production,biomass,biomass to H2 CCS,missing,missing,missing,missing,missing,missing,missing,MTC
0.0,0.0,0.0,0.0,0.0,0.0279454,0.211915,0.465636,0.795484,nothing,nothing,Middle East,H2 central production,coal,coal chemical CCS,missing,missing,missing,missing,missing,missing,missing,MTC
0.0,0.0,0.0,0.0,0.0,0.0311382,0.135704,0.300677,0.513881,nothing,nothing,Middle East,H2 central production,gas,natural gas steam reforming CCS,missing,missing,missing,missing,missing,missing,missing,MTC
0.0,0.0,0.0,0.0,0.0,0.183059,0.46992500000000004,0.778297,1.0970419999999999,nothing,nothing,Middle East,N fertilizer,gas,gas CCS,missing,missing,missing,missing,missing,missing,missing,MTC
0.0,0.0,0.0,0.0,0.0,1.46685,2.73301,3.9321,5.33794,nothing,nothing,Middle East,biorefining,biomass liquids,FT biofuels CCS level 1,missing,missing,missing,missing,missing,missing,missing,MTC
0.0,0.0,0.0,0.0,0.0,1.71357,3.1445,4.464969999999999,5.976109999999999,nothing,nothing,Middle East,biorefining,biomass liquids,FT biofuels CCS level 2,missing,missing,missing,missing,missing,missing,missing,MTC
0.0,0.0,0.0,0.0,0.0,0.830334,1.5899480000000001,2.335389,3.2419420000000003,nothing,nothing,Middle East,biorefining,biomass liquids,cellulosic ethanol CCS level 1,missing,missing,missing,missing,missing,missing,missing,MTC
0.0,0.0,0.0,0.0,0.0,4.47152,8.06346,11.271899999999999,14.838709999999999,nothing,nothing,Middle East,biorefining,biomass liquids,cellulosic ethanol CCS level 2,missing,missing,missing,missing,missing,missing,missing,MTC
0.0,0.0,0.0,0.0,0.0,2.74396,6.74541,9.99191,12.8683,nothing,nothing,Middle East,cement,cement,cement CCS,missing,missing,missing,missing,missing,missing,missing,MTC
0.0,0.0,0.0,0.0,0.0,0.0,0.0347483,0.1057003,0.1835794,nothing,nothing,Middle East,elec_biomass (IGCC CCS),biomass (IGCC CCS),biomass (IGCC CCS) (dry cooling),missing,missing,missing,missing,missing,missing,missing,MTC
0.0,0.0,0.0,0.0,0.0,0.122264,0.2055254,0.3121626,0.4113533,nothing,nothing,Middle East,elec_biomass (IGCC CCS),biomass (IGCC CCS),biomass (IGCC CCS) (recirculating),missing,missing,missing,missing,missing,missing,missing,MTC
0.0,0.0,0.0,0.0,0.0,0.305659,0.59219,0.912505,1.1989130000000001,nothing,nothing,Middle East,elec_biomass (IGCC CCS),biomass (IGCC CCS),biomass (IGCC CCS) (seawater),missing,missing,missing,missing,missing,missing,missing,MTC
0.0,0.0,0.0,0.0,0.0,0.00267276,0.015854319999999998,0.06341165,0.17069968000000002,nothing,nothing,Middle East,elec_biomass (conv CCS),biomass (conv CCS),biomass (conv CCS) (dry cooling),missing,missing,missing,missing,missing,missing,missing,MTC
0.0,0.0,0.0,0.0,0.0,6.71074E-4,0.002108021,0.0053529089999999994,0.009089821,nothing,nothing,Middle East,elec_biomass (conv CCS),biomass (conv CCS),biomass (conv CCS) (once through),missing,missing,missing,missing,missing,missing,missing,MTC
0.0,0.0,0.0,0.0,0.0,0.00375142,0.02275464,0.09221078,0.25096696,nothing,nothing,Middle East,elec_biomass (conv CCS),biomass (conv CCS),biomass (conv CCS) (recirculating),missing,missing,missing,missing,missing,missing,missing,MTC
0.0,0.0,0.0,0.0,0.0,0.00401117,0.024967180000000002,0.10333811,0.28749719,nothing,nothing,Middle East,elec_biomass (conv CCS),biomass (conv CCS),biomass (conv CCS) (seawater),missing,missing,missing,missing,missing,missing,missing,MTC
0.0,0.0,0.0,0.0,0.0,7.75443E-4,0.004115767,0.013694456,0.030465096,nothing,nothing,Middle East,elec_coal (IGCC CCS),coal (IGCC CCS),coal (IGCC CCS) (dry cooling),missing,missing,missing,missing,missing,missing,missing,MTC
0.0,0.0,0.0,0.0,0.0,0.00119476,0.00621024,0.0197035,0.043002109999999996,nothing,nothing,Middle East,elec_coal (IGCC CCS),coal (IGCC CCS),coal (IGCC CCS) (recirculating),missing,missing,missing,missing,missing,missing,missing,MTC
0.0,0.0,0.0,0.0,0.0,0.00348463,0.01830443,0.05790151,0.1268446,nothing,nothing,Middle East,elec_coal (IGCC CCS),coal (IGCC CCS),coal (IGCC CCS) (seawater),missing,missing,missing,missing,missing,missing,missing,MTC
0.0,0.0,0.0,0.0,0.0,0.0014004,0.0066332,0.01951791,0.040179320000000004,nothing,nothing,Middle East,elec_coal (conv pul CCS),coal (conv pul CCS),coal (conv pul CCS) (dry cooling),missing,missing,missing,missing,missing,missing,missing,MTC
0.0,0.0,0.0,0.0,0.0,3.51677E-5,1.1617889999999999E-4,3.034173E-4,5.106552E-4,nothing,nothing,Middle East,elec_coal (conv pul CCS),coal (conv pul CCS),coal (conv pul CCS) (once through),missing,missing,missing,missing,missing,missing,missing,MTC
0.0,0.0,0.0,0.0,0.0,0.00276319,0.012700969999999999,0.035821,0.07210856,nothing,nothing,Middle East,elec_coal (conv pul CCS),coal (conv pul CCS),coal (conv pul CCS) (recirculating),missing,missing,missing,missing,missing,missing,missing,MTC
0.0,0.0,0.0,0.0,0.0,0.0034921,0.0163875,0.04618987,0.09376216000000001,nothing,nothing,Middle East,elec_coal (conv pul CCS),coal (conv pul CCS),coal (conv pul CCS) (seawater),missing,missing,missing,missing,missing,missing,missing,MTC
0.0,0.0,0.0,0.0,0.0,0.0157334,0.03234108,0.054160719999999996,0.06744448,nothing,nothing,Middle East,elec_gas (CC CCS),biogas (CC CCS),biogas (CC CCS) (dry cooling),missing,missing,missing,missing,missing,missing,missing,MTC
0.0,0.0,0.0,0.0,0.0,0.0162808,0.03400868,0.05745944,0.07244861999999999,nothing,nothing,Middle East,elec_gas (CC CCS),biogas (CC CCS),biogas (CC CCS) (recirculating),missing,missing,missing,missing,missing,missing,missing,MTC
0.0,0.0,0.0,0.0,0.0,0.0028559,0.006002624999999999,0.010183782999999998,0.012898977999999998,nothing,nothing,Middle East,elec_gas (CC CCS),biogas (CC CCS),biogas (CC CCS) (seawater),missing,missing,missing,missing,missing,missing,missing,MTC
0.0,0.0,0.0,0.0,0.0,0.327885,0.886834,1.792452,2.8407920000000004,nothing,nothing,Middle East,elec_gas (CC CCS),gas (CC CCS),gas (CC CCS) (dry cooling),missing,missing,missing,missing,missing,missing,missing,MTC
0.0,0.0,0.0,0.0,0.0,0.383265,1.026079,2.0657579999999998,3.264773,nothing,nothing,Middle East,elec_gas (CC CCS),gas (CC CCS),gas (CC CCS) (recirculating),missing,missing,missing,missing,missing,missing,missing,MTC
0.0,0.0,0.0,0.0,0.0,1.03523,2.7818199999999997,5.62405,8.92185,nothing,nothing,Middle East,elec_gas (CC CCS),gas (CC CCS),gas (CC CCS) (seawater),missing,missing,missing,missing,missing,missing,missing,MTC
0.0,0.0,0.0,0.0,0.0,1.56124,2.4412469999999997,3.618399,4.339753,nothing,nothing,Middle East,elec_refined liquids (CC CCS),refined liquids (CC CCS),refined liquids (CC CCS) (dry cooling),missing,missing,missing,missing,missing,missing,missing,MTC
0.0,0.0,0.0,0.0,0.0,1.4531,2.374395,3.580287,4.393687999999999,nothing,nothing,Middle East,elec_refined liquids (CC CCS),refined liquids (CC CCS),refined liquids (CC CCS) (recirculating),missing,missing,missing,missing,missing,missing,missing,MTC
0.0,0.0,0.0,0.0,0.0,3.7411,6.15148,9.31077,11.4803,nothing,nothing,Middle East,elec_refined liquids (CC CCS),refined liquids (CC CCS),refined liquids (CC CCS) (seawater),missing,missing,missing,missing,missing,missing,missing,MTC
11.6185,26.2324,46.825,51.537,57.2095,63.012,69.9372,75.2495,80.286,nothing,nothing,Middle East,industrial feedstocks,refined liquids,refined liquids,missing,missing,missing,missing,missing,missing,missing,MTC
0.0,0.0,0.0,0.0,0.0,0.115209,0.154282,0.171222,0.197921,nothing,nothing,Middle East,lime,gas (CCS),lime (oxyflash CCS),missing,missing,missing,missing,missing,missing,missing,MTC
0.0,0.0,0.0,0.0,0.0,0.0924905,0.313378,0.7315354000000001,1.287684,nothing,nothing,Middle East,refining,coal to liquids,coal to liquids CCS level 1,missing,missing,missing,missing,missing,missing,missing,MTC
0.0,0.0,0.0,0.0,0.0,0.0772426,0.2756074,0.6655384,1.2036143,nothing,nothing,Middle East,refining,coal to liquids,coal to liquids CCS level 2,missing,missing,missing,missing,missing,missing,missing,MTC
0.0,0.0,0.0,0.0,0.0,0.0100046,0.0112476,0.0126725,0.0125425,nothing,nothing,Pakistan,DAC,DAC,DAC_solvent (oxy CCS),missing,missing,missing,missing,missing,missing,missing,MTC
0.0,0.0,0.0,0.0,0.0,0.00327355,0.00602039,0.0104546,0.0165465,nothing,nothing,Pakistan,DAC,DAC,DAC_sorbent (oxy CCS),missing,missing,missing,missing,missing,missing,missing,MTC
0.0,0.0,0.0,0.0,0.0,0.0641466,0.0846503,0.0916493,0.0891072,nothing,nothing,Pakistan,H2 central production,biomass,biomass to H2 CCS,missing,missing,missing,missing,missing,missing,missing,MTC
0.0,0.0,0.0,0.0,0.0,0.00188333,0.0194925,0.047478,0.0822306,nothing,nothing,Pakistan,H2 central production,coal,coal chemical CCS,missing,missing,missing,missing,missing,missing,missing,MTC
0.0,0.0,0.0,0.0,0.0,0.00194586,0.0094082,0.0222409,0.0376296,nothing,nothing,Pakistan,H2 central production,gas,natural gas steam reforming CCS,missing,missing,missing,missing,missing,missing,missing,MTC
0.0,0.0,0.0,0.0,0.0,0.0623349,0.1556415,0.2546561,0.33702940000000003,nothing,nothing,Pakistan,N fertilizer,gas,gas CCS,missing,missing,missing,missing,missing,missing,missing,MTC
0.0,0.0,0.0,0.0,0.0,0.164538,0.326742,0.496659,0.688988,nothing,nothing,Pakistan,biorefining,biomass liquids,FT biofuels CCS level 1,missing,missing,missing,missing,missing,missing,missing,MTC
0.0,0.0,0.0,0.0,0.0,0.191677,0.375056,0.561214,0.7646740000000001,nothing,nothing,Pakistan,biorefining,biomass liquids,FT biofuels CCS level 2,missing,missing,missing,missing,missing,missing,missing,MTC
0.0,0.0,0.0,0.0,0.0,0.0961543,0.1953546,0.3045521,0.4366415,nothing,nothing,Pakistan,biorefining,biomass liquids,cellulosic ethanol CCS level 1,missing,missing,missing,missing,missing,missing,missing,MTC
0.0,0.0,0.0,0.0,0.0,0.503024,0.9663970000000001,1.4205200000000002,1.900538,nothing,nothing,Pakistan,biorefining,biomass liquids,cellulosic ethanol CCS level 2,missing,missing,missing,missing,missing,missing,missing,MTC
0.0,0.0,0.0,0.0,0.0,0.364578,1.9174,3.35296,4.48634,nothing,nothing,Pakistan,cement,cement,cement CCS,missing,missing,missing,missing,missing,missing,missing,MTC
0.0,0.0,0.0,0.0,0.0,0.0,0.00603456,0.01462831,0.01988823,nothing,nothing,Pakistan,elec_biomass (IGCC CCS),biomass (IGCC CCS),biomass (IGCC CCS) (dry cooling),missing,missing,missing,missing,missing,missing,missing,MTC
0.0,0.0,0.0,0.0,0.0,0.0,5.38492E-6,3.7768040000000004E-5,3.506368E-5,nothing,nothing,Pakistan,elec_biomass (IGCC CCS),biomass (IGCC CCS),biomass (IGCC CCS) (once through),missing,missing,missing,missing,missing,missing,missing,MTC
0.0,0.0,0.0,0.0,0.0,0.0994623,0.24050339999999998,0.3526431,0.4064642,nothing,nothing,Pakistan,elec_biomass (IGCC CCS),biomass (IGCC CCS),biomass (IGCC CCS) (recirculating),missing,missing,missing,missing,missing,missing,missing,MTC
0.0,0.0,0.0,0.0,0.0,0.3007,0.9915419999999999,1.43473,1.640789,nothing,nothing,Pakistan,elec_biomass (IGCC CCS),biomass (IGCC CCS),biomass (IGCC CCS) (seawater),missing,missing,missing,missing,missing,missing,missing,MTC
0.0,0.0,0.0,0.0,0.0,0.00259168,0.03063391,0.08464484,0.14686912000000002,nothing,nothing,Pakistan,elec_biomass (conv CCS),biomass (conv CCS),biomass (conv CCS) (dry cooling),missing,missing,missing,missing,missing,missing,missing,MTC
0.0,0.0,0.0,0.0,0.0,3.52038E-4,0.0014468087000000002,0.0014120492000000001,5.543596E-4,nothing,nothing,Pakistan,elec_biomass (conv CCS),biomass (conv CCS),biomass (conv CCS) (once through),missing,missing,missing,missing,missing,missing,missing,MTC
0.0,0.0,0.0,0.0,0.0,0.00357937,0.04276866,0.11738093,0.19928756,nothing,nothing,Pakistan,elec_biomass (conv CCS),biomass (conv CCS),biomass (conv CCS) (recirculating),missing,missing,missing,missing,missing,missing,missing,MTC
0.0,0.0,0.0,0.0,0.0,0.00391632,0.049113760000000006,0.13971938,0.24799759,nothing,nothing,Pakistan,elec_biomass (conv CCS),biomass (conv CCS),biomass (conv CCS) (seawater),missing,missing,missing,missing,missing,missing,missing,MTC
0.0,0.0,0.0,0.0,0.0,1.50462E-5,1.815734E-4,4.872698E-4,8.132603E-4,nothing,nothing,Pakistan,elec_coal (IGCC CCS),coal (IGCC CCS),coal (IGCC CCS) (dry cooling),missing,missing,missing,missing,missing,missing,missing,MTC
0.0,0.0,0.0,0.0,0.0,3.86468E-7,2.036101E-6,3.4164E-6,1.7460654E-6,nothing,nothing,Pakistan,elec_coal (IGCC CCS),coal (IGCC CCS),coal (IGCC CCS) (once through),missing,missing,missing,missing,missing,missing,missing,MTC
0.0,0.0,0.0,0.0,0.0,2.00792E-4,0.002399042,0.006081113,0.009719313,nothing,nothing,Pakistan,elec_coal (IGCC CCS),coal (IGCC CCS),coal (IGCC CCS) (recirculating),missing,missing,missing,missing,missing,missing,missing,MTC
0.0,0.0,0.0,0.0,0.0,7.26704E-4,0.008991483000000002,0.022888697,0.037126914999999996,nothing,nothing,Pakistan,elec_coal (IGCC CCS),coal (IGCC CCS),coal (IGCC CCS) (seawater),missing,missing,missing,missing,missing,missing,missing,MTC
0.0,0.0,0.0,0.0,0.0,2.38459E-4,0.002585151,0.00618189,0.009574064,nothing,nothing,Pakistan,elec_coal (conv pul CCS),coal (conv pul CCS),coal (conv pul CCS) (dry cooling),missing,missing,missing,missing,missing,missing,missing,MTC
0.0,0.0,0.0,0.0,0.0,2.38029E-6,1.1317829999999999E-5,1.583591E-5,6.842324E-6,nothing,nothing,Pakistan,elec_coal (conv pul CCS),coal (conv pul CCS),coal (conv pul CCS) (once through),missing,missing,missing,missing,missing,missing,missing,MTC
0.0,0.0,0.0,0.0,0.0,4.31619E-4,0.004485976,0.010139126,0.014917235000000001,nothing,nothing,Pakistan,elec_coal (conv pul CCS),coal (conv pul CCS),coal (conv pul CCS) (recirculating),missing,missing,missing,missing,missing,missing,missing,MTC
0.0,0.0,0.0,0.0,0.0,5.75315E-4,0.0063769790000000005,0.014594341,0.022072037,nothing,nothing,Pakistan,elec_coal (conv pul CCS),coal (conv pul CCS),coal (conv pul CCS) (seawater),missing,missing,missing,missing,missing,missing,missing,MTC
0.0,0.0,0.0,0.0,0.0,0.00217987,0.008704992000000002,0.008974433,0.006918441,nothing,nothing,Pakistan,elec_gas (CC CCS),biogas (CC CCS),biogas (CC CCS) (dry cooling),missing,missing,missing,missing,missing,missing,missing,MTC
0.0,0.0,0.0,0.0,0.0,0.00220526,0.008803363,0.009210899,0.007164077,nothing,nothing,Pakistan,elec_gas (CC CCS),biogas (CC CCS),biogas (CC CCS) (recirculating),missing,missing,missing,missing,missing,missing,missing,MTC
0.0,0.0,0.0,0.0,0.0,3.90275E-4,0.0015759648999999999,0.0016706189,0.0013277664,nothing,nothing,Pakistan,elec_gas (CC CCS),biogas (CC CCS),biogas (CC CCS) (seawater),missing,missing,missing,missing,missing,missing,missing,MTC
0.0,0.0,0.0,0.0,0.0,0.00358657,0.015855349999999997,0.02661741,0.032968580000000004,nothing,nothing,Pakistan,elec_gas (CC CCS),gas (CC CCS),gas (CC CCS) (dry cooling),missing,missing,missing,missing,missing,missing,missing,MTC
0.0,0.0,0.0,0.0,0.0,0.00245218,0.00853605,0.0117168,0.010651540000000001,nothing,nothing,Pakistan,elec_gas (CC CCS),gas (CC CCS),gas (CC CCS) (once through),missing,missing,missing,missing,missing,missing,missing,MTC
0.0,0.0,0.0,0.0,0.0,0.077656,0.3375625,0.5622750999999999,0.6913509,nothing,nothing,Pakistan,elec_gas (CC CCS),gas (CC CCS),gas (CC CCS) (recirculating),missing,missing,missing,missing,missing,missing,missing,MTC
0.0,0.0,0.0,0.0,0.0,0.0795204,0.3485702,0.5846967000000001,0.7245103,nothing,nothing,Pakistan,elec_gas (CC CCS),gas (CC CCS),gas (CC CCS) (seawater),missing,missing,missing,missing,missing,missing,missing,MTC
0.0,0.0,0.0,0.0,0.0,0.0108323,0.03167164,0.03302715,0.02715845,nothing,nothing,Pakistan,elec_refined liquids (CC CCS),refined liquids (CC CCS),refined liquids (CC CCS) (dry cooling),missing,missing,missing,missing,missing,missing,missing,MTC
0.0,0.0,0.0,0.0,0.0,0.00475539,0.008456646,0.004570025,0.0013506082,nothing,nothing,Pakistan,elec_refined liquids (CC CCS),refined liquids (CC CCS),refined liquids (CC CCS) (once through),missing,missing,missing,missing,missing,missing,missing,MTC
0.0,0.0,0.0,0.0,0.0,0.199234,0.5943246,0.6484628,0.5552292,nothing,nothing,Pakistan,elec_refined liquids (CC CCS),refined liquids (CC CCS),refined liquids (CC CCS) (recirculating),missing,missing,missing,missing,missing,missing,missing,MTC
0.0,0.0,0.0,0.0,0.0,0.195366,0.5883084000000001,0.6507105,0.5690514,nothing,nothing,Pakistan,elec_refined liquids (CC CCS),refined liquids (CC CCS),refined liquids (CC CCS) (seawater),missing,missing,missing,missing,missing,missing,missing,MTC
0.164912,0.490633,0.447452,0.576424,0.817334,1.17019,1.82014,2.5321,3.44973,nothing,nothing,Pakistan,industrial feedstocks,refined liquids,refined liquids,missing,missing,missing,missing,missing,missing,missing,MTC
0.0,0.0,0.0,0.0,0.0,0.00981683,0.0159256,0.0197001,0.0230597,nothing,nothing,Pakistan,lime,gas (CCS),lime (oxyflash CCS),missing,missing,missing,missing,missing,missing,missing,MTC
0.0,0.0,0.0,0.0,0.0,0.00974537,0.03325344,0.06118797,0.09173207,nothing,nothing,Pakistan,refining,coal to liquids,coal to liquids CCS level 1,missing,missing,missing,missing,missing,missing,missing,MTC
0.0,0.0,0.0,0.0,0.0,0.00796459,0.02882725,0.05431213,0.08258346,nothing,nothing,Pakistan,refining,coal to liquids,coal to liquids CCS level 2,missing,missing,missing,missing,missing,missing,missing,MTC
0.0,0.0,0.0,0.0,0.0,0.121343,0.122443,0.114872,0.107561,nothing,nothing,Russia,DAC,DAC,DAC_solvent (oxy CCS),missing,missing,missing,missing,missing,missing,missing,MTC
0.0,0.0,0.0,0.0,0.0,0.0246359,0.0402272,0.0575843,0.0847748,nothing,nothing,Russia,DAC,DAC,DAC_sorbent (oxy CCS),missing,missing,missing,missing,missing,missing,missing,MTC
0.0,0.0,0.0,0.0,0.0,0.673907,0.724335,0.631921,0.557818,nothing,nothing,Russia,H2 central production,biomass,biomass to H2 CCS,missing,missing,missing,missing,missing,missing,missing,MTC
0.0,0.0,0.0,0.0,0.0,0.018892,0.165737,0.310379,0.486167,nothing,nothing,Russia,H2 central production,coal,coal chemical CCS,missing,missing,missing,missing,missing,missing,missing,MTC
0.0,0.0,0.0,0.0,0.0,0.0186676,0.0860775,0.174731,0.270045,nothing,nothing,Russia,H2 central production,gas,natural gas steam reforming CCS,missing,missing,missing,missing,missing,missing,missing,MTC
0.0,0.0,0.0,0.0,0.0,0.194271,0.505746,0.844498,1.217807,nothing,nothing,Russia,N fertilizer,gas,gas CCS,missing,missing,missing,missing,missing,missing,missing,MTC
0.0,0.0,0.0,0.0,0.0,0.574379,1.057919,1.4530290000000001,1.9608369999999997,nothing,nothing,Russia,biorefining,biomass liquids,FT biofuels CCS level 1,missing,missing,missing,missing,missing,missing,missing,MTC
0.0,0.0,0.0,0.0,0.0,0.681671,1.239705,1.682763,2.238292,nothing,nothing,Russia,biorefining,biomass liquids,FT biofuels CCS level 2,missing,missing,missing,missing,missing,missing,missing,MTC
0.0,0.0,0.0,0.0,0.0,0.324821,0.6110949999999999,0.8568830000000001,1.186161,nothing,nothing,Russia,biorefining,biomass liquids,cellulosic ethanol CCS level 1,missing,missing,missing,missing,missing,missing,missing,MTC
0.0,0.0,0.0,0.0,0.0,1.79658,3.2143100000000002,4.30256,5.62749,nothing,nothing,Russia,biorefining,biomass liquids,cellulosic ethanol CCS level 2,missing,missing,missing,missing,missing,missing,missing,MTC
0.0,0.0,0.0,0.0,0.0,0.500081,1.66676,2.45356,3.13023,nothing,nothing,Russia,cement,cement,cement CCS,missing,missing,missing,missing,missing,missing,missing,MTC
0.0,0.0,0.0,0.0,0.0,0.0197424,0.0527396,0.0834488,0.1082052,nothing,nothing,Russia,elec_biomass (IGCC CCS),biomass (IGCC CCS),biomass (IGCC CCS) (once through),missing,missing,missing,missing,missing,missing,missing,MTC
0.0,0.0,0.0,0.0,0.0,0.197424,0.654266,0.9783520000000001,1.2339390000000001,nothing,nothing,Russia,elec_biomass (IGCC CCS),biomass (IGCC CCS),biomass (IGCC CCS) (recirculating),missing,missing,missing,missing,missing,missing,missing,MTC
0.0,0.0,0.0,0.0,0.0,0.0021936,0.01168427,0.01564242,0.018632640000000002,nothing,nothing,Russia,elec_biomass (IGCC CCS),biomass (IGCC CCS),biomass (IGCC CCS) (seawater),missing,missing,missing,missing,missing,missing,missing,MTC
0.0,0.0,0.0,0.0,0.0,0.001096,0.013983365,0.0411101,0.09421550000000001,nothing,nothing,Russia,elec_biomass (conv CCS),biomass (conv CCS),biomass (conv CCS) (dry cooling),missing,missing,missing,missing,missing,missing,missing,MTC
0.0,0.0,0.0,0.0,0.0,0.00161225,0.021882000000000002,0.06628302999999999,0.15694116000000002,nothing,nothing,Russia,elec_biomass (conv CCS),biomass (conv CCS),biomass (conv CCS) (once through),missing,missing,missing,missing,missing,missing,missing,MTC
0.0,0.0,0.0,0.0,0.0,0.00163813,0.0222551,0.06753332000000001,0.16022691,nothing,nothing,Russia,elec_biomass (conv CCS),biomass (conv CCS),biomass (conv CCS) (recirculating),missing,missing,missing,missing,missing,missing,missing,MTC
0.0,0.0,0.0,0.0,0.0,0.00166674,0.022766869999999998,0.06927501999999999,0.16490707999999998,nothing,nothing,Russia,elec_biomass (conv CCS),biomass (conv CCS),biomass (conv CCS) (seawater),missing,missing,missing,missing,missing,missing,missing,MTC
0.0,0.0,0.0,0.0,0.0,7.27028E-4,0.008765159000000002,0.021228461,0.039440288000000004,nothing,nothing,Russia,elec_coal (IGCC CCS),coal (IGCC CCS),coal (IGCC CCS) (once through),missing,missing,missing,missing,missing,missing,missing,MTC
0.0,0.0,0.0,0.0,0.0,0.00773621,0.09203415000000001,0.22139102000000002,0.41006083000000004,nothing,nothing,Russia,elec_coal (IGCC CCS),coal (IGCC CCS),coal (IGCC CCS) (recirculating),missing,missing,missing,missing,missing,missing,missing,MTC
0.0,0.0,0.0,0.0,0.0,9.34509E-5,0.0011126577,0.0026507853000000002,0.0048869909,nothing,nothing,Russia,elec_coal (IGCC CCS),coal (IGCC CCS),coal (IGCC CCS) (seawater),missing,missing,missing,missing,missing,missing,missing,MTC
0.0,0.0,0.0,0.0,0.0,0.00140981,0.01454918,0.03407717,0.060480490000000005,nothing,nothing,Russia,elec_coal (conv pul CCS),coal (conv pul CCS),coal (conv pul CCS) (dry cooling),missing,missing,missing,missing,missing,missing,missing,MTC
0.0,0.0,0.0,0.0,0.0,0.00367957,0.03879069,0.08413122,0.14377249,nothing,nothing,Russia,elec_coal (conv pul CCS),coal (conv pul CCS),coal (conv pul CCS) (once through),missing,missing,missing,missing,missing,missing,missing,MTC
0.0,0.0,0.0,0.0,0.0,0.00391355,0.04075288,0.08783446,0.14965266,nothing,nothing,Russia,elec_coal (conv pul CCS),coal (conv pul CCS),coal (conv pul CCS) (recirculating),missing,missing,missing,missing,missing,missing,missing,MTC
0.0,0.0,0.0,0.0,0.0,0.00422545,0.04402566,0.09412265,0.15970946,nothing,nothing,Russia,elec_coal (conv pul CCS),coal (conv pul CCS),coal (conv pul CCS) (seawater),missing,missing,missing,missing,missing,missing,missing,MTC
0.0,0.0,0.0,0.0,0.0,0.0061895,0.027482971000000002,0.028020545,0.029730474,nothing,nothing,Russia,elec_gas (CC CCS),biogas (CC CCS),biogas (CC CCS) (dry cooling),missing,missing,missing,missing,missing,missing,missing,MTC
0.0,0.0,0.0,0.0,0.0,0.00644829,0.028773667,0.029688601999999998,0.031737519,nothing,nothing,Russia,elec_gas (CC CCS),biogas (CC CCS),biogas (CC CCS) (recirculating),missing,missing,missing,missing,missing,missing,missing,MTC
0.0,0.0,0.0,0.0,0.0,0.00109761,0.0048983127,0.005053871200000001,0.0054026461,nothing,nothing,Russia,elec_gas (CC CCS),biogas (CC CCS),biogas (CC CCS) (seawater),missing,missing,missing,missing,missing,missing,missing,MTC
0.0,0.0,0.0,0.0,0.0,0.0712705,0.3433843,0.5980139,0.8397346,nothing,nothing,Russia,elec_gas (CC CCS),gas (CC CCS),gas (CC CCS) (once through),missing,missing,missing,missing,missing,missing,missing,MTC
0.0,0.0,0.0,0.0,0.0,0.703277,3.38477,5.894457,8.278095,nothing,nothing,Russia,elec_gas (CC CCS),gas (CC CCS),gas (CC CCS) (recirculating),missing,missing,missing,missing,missing,missing,missing,MTC
0.0,0.0,0.0,0.0,0.0,0.00807454,0.03882064,0.0675877,0.09488896,nothing,nothing,Russia,elec_gas (CC CCS),gas (CC CCS),gas (CC CCS) (seawater),missing,missing,missing,missing,missing,missing,missing,MTC
0.0,0.0,0.0,0.0,0.0,0.0105391,0.03387786,0.03470711,0.03688121,nothing,nothing,Russia,elec_refined liquids (CC CCS),refined liquids (CC CCS),refined liquids (CC CCS) (once through),missing,missing,missing,missing,missing,missing,missing,MTC
0.0,0.0,0.0,0.0,0.0,0.106315,0.34142110000000003,0.3505956,0.37317239999999996,nothing,nothing,Russia,elec_refined liquids (CC CCS),refined liquids (CC CCS),refined liquids (CC CCS) (recirculating),missing,missing,missing,missing,missing,missing,missing,MTC
0.0,0.0,0.0,0.0,0.0,0.00119504,0.0038387029999999997,0.003941771,0.004196031,nothing,nothing,Russia,elec_refined liquids (CC CCS),refined liquids (CC CCS),refined liquids (CC CCS) (seawater),missing,missing,missing,missing,missing,missing,missing,MTC
15.6445,18.1813,21.7479,22.4342,23.3124,24.5377,27.7237,29.2793,31.0334,nothing,nothing,Russia,industrial feedstocks,refined liquids,refined liquids,missing,missing,missing,missing,missing,missing,missing,MTC
0.0,0.0,0.0,0.0,0.0,0.101685,0.143393,0.143155,0.148454,nothing,nothing,Russia,lime,gas (CCS),lime (oxyflash CCS),missing,missing,missing,missing,missing,missing,missing,MTC
0.0,0.0,0.0,0.0,0.0,0.0,0.109612,0.297912,0.5457069999999999,nothing,nothing,Russia,refining,coal to liquids,coal to liquids CCS level 1,missing,missing,missing,missing,missing,missing,missing,MTC
0.0,0.0,0.0,0.0,0.0,0.0,0.100847,0.279187,0.522054,nothing,nothing,Russia,refining,coal to liquids,coal to liquids CCS level 2,missing,missing,missing,missing,missing,missing,missing,MTC
0.0,0.0,0.0,0.0,0.0,0.0161938,0.0171635,0.0177345,0.0169722,nothing,nothing,South Africa,DAC,DAC,DAC_solvent (oxy CCS),missing,missing,missing,missing,missing,missing,missing,MTC
0.0,0.0,0.0,0.0,0.0,0.00580607,0.00914901,0.0134093,0.0194391,nothing,nothing,South Africa,DAC,DAC,DAC_sorbent (oxy CCS),missing,missing,missing,missing,missing,missing,missing,MTC
0.0,0.0,0.0,0.0,0.0,0.0363927,0.0440771,0.0431463,0.0391859,nothing,nothing,South Africa,H2 central production,biomass,biomass to H2 CCS,missing,missing,missing,missing,missing,missing,missing,MTC
0.0,0.0,0.0,0.0,0.0,0.00122735,0.0123922,0.0269748,0.0432975,nothing,nothing,South Africa,H2 central production,coal,coal chemical CCS,missing,missing,missing,missing,missing,missing,missing,MTC
0.0,0.0,0.0,0.0,0.0,0.00121651,0.00568449,0.0124334,0.0199546,nothing,nothing,South Africa,H2 central production,gas,natural gas steam reforming CCS,missing,missing,missing,missing,missing,missing,missing,MTC
0.0,0.0,0.0,0.0,0.0,0.00615469,0.01607116,0.0276524,0.04151951,nothing,nothing,South Africa,N fertilizer,gas,gas CCS,missing,missing,missing,missing,missing,missing,missing,MTC
0.0,0.0,0.0,0.0,0.0,0.179106,0.355553,0.510047,0.672452,nothing,nothing,South Africa,biorefining,biomass liquids,FT biofuels CCS level 1,missing,missing,missing,missing,missing,missing,missing,MTC
0.0,0.0,0.0,0.0,0.0,0.208249,0.40759100000000004,0.577104,0.750237,nothing,nothing,South Africa,biorefining,biomass liquids,FT biofuels CCS level 2,missing,missing,missing,missing,missing,missing,missing,MTC
0.0,0.0,0.0,0.0,0.0,0.104231,0.211192,0.3090354,0.41704149999999995,nothing,nothing,South Africa,biorefining,biomass liquids,cellulosic ethanol CCS level 1,missing,missing,missing,missing,missing,missing,missing,MTC
0.0,0.0,0.0,0.0,0.0,0.544097,1.045843,1.458195,1.8664969999999999,nothing,nothing,South Africa,biorefining,biomass liquids,cellulosic ethanol CCS level 2,missing,missing,missing,missing,missing,missing,missing,MTC
0.0,0.0,0.0,0.0,0.0,0.16303,0.510402,0.777673,1.00893,nothing,nothing,South Africa,cement,cement,cement CCS,missing,missing,missing,missing,missing,missing,missing,MTC
0.0,0.0,0.0,0.0,0.0,0.0,0.00571285,0.01656605,0.027381139999999998,nothing,nothing,South Africa,elec_biomass (IGCC CCS),biomass (IGCC CCS),biomass (IGCC CCS) (dry cooling),missing,missing,missing,missing,missing,missing,missing,MTC
0.0,0.0,0.0,0.0,0.0,0.0,7.22196E-5,5.410251E-4,0.0013695705999999998,nothing,nothing,South Africa,elec_biomass (IGCC CCS),biomass (IGCC CCS),biomass (IGCC CCS) (once through),missing,missing,missing,missing,missing,missing,missing,MTC
0.0,0.0,0.0,0.0,0.0,1.85795E-5,0.1488884038,0.3115872631,0.4470729958,nothing,nothing,South Africa,elec_biomass (IGCC CCS),biomass (IGCC CCS),biomass (IGCC CCS) (recirculating),missing,missing,missing,missing,missing,missing,missing,MTC
0.0,0.0,0.0,0.0,0.0,0.0957739,0.1021122,0.10844936999999999,0.11275429999999999,nothing,nothing,South Africa,elec_biomass (IGCC CCS),biomass (IGCC CCS),biomass (IGCC CCS) (seawater),missing,missing,missing,missing,missing,missing,missing,MTC
0.0,0.0,0.0,0.0,0.0,5.60664E-4,0.00545662,0.021296704,0.053374218,nothing,nothing,South Africa,elec_biomass (conv CCS),biomass (conv CCS),biomass (conv CCS) (dry cooling),missing,missing,missing,missing,missing,missing,missing,MTC
0.0,0.0,0.0,0.0,0.0,2.8249E-4,0.0019280679999999998,0.006101410999999999,0.013478622999999999,nothing,nothing,South Africa,elec_biomass (conv CCS),biomass (conv CCS),biomass (conv CCS) (once through),missing,missing,missing,missing,missing,missing,missing,MTC
0.0,0.0,0.0,0.0,0.0,8.00095E-4,0.008089975,0.032153653,0.08181311899999999,nothing,nothing,South Africa,elec_biomass (conv CCS),biomass (conv CCS),biomass (conv CCS) (recirculating),missing,missing,missing,missing,missing,missing,missing,MTC
0.0,0.0,0.0,0.0,0.0,8.36142E-4,0.008589405999999999,0.034446612,0.08820881,nothing,nothing,South Africa,elec_biomass (conv CCS),biomass (conv CCS),biomass (conv CCS) (seawater),missing,missing,missing,missing,missing,missing,missing,MTC
0.0,0.0,0.0,0.0,0.0,8.9139E-4,0.008095201,0.027001291,0.05660625700000001,nothing,nothing,South Africa,elec_coal (IGCC CCS),coal (IGCC CCS),coal (IGCC CCS) (dry cooling),missing,missing,missing,missing,missing,missing,missing,MTC
0.0,0.0,0.0,0.0,0.0,5.30501E-5,3.528514E-4,0.0012541774,0.0028132592000000003,nothing,nothing,South Africa,elec_coal (IGCC CCS),coal (IGCC CCS),coal (IGCC CCS) (once through),missing,missing,missing,missing,missing,missing,missing,MTC
0.0,0.0,0.0,0.0,0.0,0.0138924,0.1292348,0.4049244,0.8204571,nothing,nothing,South Africa,elec_coal (IGCC CCS),coal (IGCC CCS),coal (IGCC CCS) (recirculating),missing,missing,missing,missing,missing,missing,missing,MTC
0.0,0.0,0.0,0.0,0.0,6.00348E-4,0.0056467819999999995,0.017528886,0.035310519,nothing,nothing,South Africa,elec_coal (IGCC CCS),coal (IGCC CCS),coal (IGCC CCS) (seawater),missing,missing,missing,missing,missing,missing,missing,MTC
0.0,0.0,0.0,0.0,0.0,0.00381604,0.03127607,0.09166418000000001,0.17579178,nothing,nothing,South Africa,elec_coal (conv pul CCS),coal (conv pul CCS),coal (conv pul CCS) (dry cooling),missing,missing,missing,missing,missing,missing,missing,MTC
0.0,0.0,0.0,0.0,0.0,4.08647E-4,0.002476846,0.007680228,0.015647069,nothing,nothing,South Africa,elec_coal (conv pul CCS),coal (conv pul CCS),coal (conv pul CCS) (once through),missing,missing,missing,missing,missing,missing,missing,MTC
0.0,0.0,0.0,0.0,0.0,0.00809858,0.06726383999999999,0.18753936999999998,0.35000401999999997,nothing,nothing,South Africa,elec_coal (conv pul CCS),coal (conv pul CCS),coal (conv pul CCS) (recirculating),missing,missing,missing,missing,missing,missing,missing,MTC
0.0,0.0,0.0,0.0,0.0,0.0095109,0.08043602999999999,0.22188012,0.41108381000000005,nothing,nothing,South Africa,elec_coal (conv pul CCS),coal (conv pul CCS),coal (conv pul CCS) (seawater),missing,missing,missing,missing,missing,missing,missing,MTC
0.0,0.0,0.0,0.0,0.0,1.49499E-4,3.647261E-4,5.508799999999999E-4,6.723041E-4,nothing,nothing,South Africa,elec_gas (CC CCS),biogas (CC CCS),biogas (CC CCS) (dry cooling),missing,missing,missing,missing,missing,missing,missing,MTC
0.0,0.0,0.0,0.0,0.0,1.56461E-4,3.84609E-4,5.869016E-4,7.243849999999999E-4,nothing,nothing,South Africa,elec_gas (CC CCS),biogas (CC CCS),biogas (CC CCS) (recirculating),missing,missing,missing,missing,missing,missing,missing,MTC
0.0,0.0,0.0,0.0,0.0,2.71085E-5,6.678292E-5,1.0202999000000001E-4,1.2598232E-4,nothing,nothing,South Africa,elec_gas (CC CCS),biogas (CC CCS),biogas (CC CCS) (seawater),missing,missing,missing,missing,missing,missing,missing,MTC
0.0,0.0,0.0,0.0,0.0,4.0563E-4,0.0015002729999999999,0.003398357,0.005681266000000001,nothing,nothing,South Africa,elec_gas (CC CCS),gas (CC CCS),gas (CC CCS) (dry cooling),missing,missing,missing,missing,missing,missing,missing,MTC
0.0,0.0,0.0,0.0,0.0,2.28616E-4,7.94404E-4,0.001726028,0.00283087,nothing,nothing,South Africa,elec_gas (CC CCS),gas (CC CCS),gas (CC CCS) (once through),missing,missing,missing,missing,missing,missing,missing,MTC
0.0,0.0,0.0,0.0,0.0,0.00416379,0.01561022,0.03571547,0.060020899999999995,nothing,nothing,South Africa,elec_gas (CC CCS),gas (CC CCS),gas (CC CCS) (recirculating),missing,missing,missing,missing,missing,missing,missing,MTC
0.0,0.0,0.0,0.0,0.0,1.66521E-4,6.26503E-4,0.0014375020000000002,0.002418814,nothing,nothing,South Africa,elec_gas (CC CCS),gas (CC CCS),gas (CC CCS) (seawater),missing,missing,missing,missing,missing,missing,missing,MTC
0.0,0.0,0.0,0.0,0.0,2.4245E-4,5.878465E-4,8.840626E-4,0.0010472699999999999,nothing,nothing,South Africa,elec_refined liquids (CC CCS),refined liquids (CC CCS),refined liquids (CC CCS) (dry cooling),missing,missing,missing,missing,missing,missing,missing,MTC
0.0,0.0,0.0,0.0,0.0,9.38401E-5,2.0234167E-4,2.7692008E-4,3.035731E-4,nothing,nothing,South Africa,elec_refined liquids (CC CCS),refined liquids (CC CCS),refined liquids (CC CCS) (once through),missing,missing,missing,missing,missing,missing,missing,MTC
0.0,0.0,0.0,0.0,0.0,0.00220105,0.005438862,0.008391889999999999,0.010247105,nothing,nothing,South Africa,elec_refined liquids (CC CCS),refined liquids (CC CCS),refined liquids (CC CCS) (recirculating),missing,missing,missing,missing,missing,missing,missing,MTC
0.0,0.0,0.0,0.0,0.0,8.6456E-5,2.141162E-4,3.309868E-4,4.0483749999999997E-4,nothing,nothing,South Africa,elec_refined liquids (CC CCS),refined liquids (CC CCS),refined liquids (CC CCS) (seawater),missing,missing,missing,missing,missing,missing,missing,MTC
1.13514,0.726925,2.5013,3.00637,3.6594,4.33374,5.55132,6.46323,7.32756,nothing,nothing,South Africa,industrial feedstocks,refined liquids,refined liquids,missing,missing,missing,missing,missing,missing,missing,MTC
0.0,0.0,0.0,0.0,0.0,0.0177767,0.0256897,0.0275423,0.0293659,nothing,nothing,South Africa,lime,gas (CCS),lime (oxyflash CCS),missing,missing,missing,missing,missing,missing,missing,MTC
0.0,0.0,0.0,0.0,0.0,0.0077214,0.040670120000000004,0.08609906,0.14356353,nothing,nothing,South Africa,refining,coal to liquids,coal to liquids CCS level 1,missing,missing,missing,missing,missing,missing,missing,MTC
0.0,0.0,0.0,0.0,0.0,0.00585563,0.03365079,0.07350271,0.12561871,nothing,nothing,South Africa,refining,coal to liquids,coal to liquids CCS level 2,missing,missing,missing,missing,missing,missing,missing,MTC
0.0,0.0,0.0,0.0,0.0,0.00490971,0.0064994,0.00773763,0.00897082,nothing,nothing,South America_Northern,DAC,DAC,DAC_solvent (oxy CCS),missing,missing,missing,missing,missing,missing,missing,MTC
0.0,0.0,0.0,0.0,0.0,0.00109796,0.0019976,0.00320116,0.00514148,nothing,nothing,South America_Northern,DAC,DAC,DAC_sorbent (oxy CCS),missing,missing,missing,missing,missing,missing,missing,MTC
0.0,0.0,0.0,0.0,0.0,0.0129447,0.013718,0.012488,0.011337,nothing,nothing,South America_Northern,H2 central production,biomass,biomass to H2 CCS,missing,missing,missing,missing,missing,missing,missing,MTC
0.0,0.0,0.0,0.0,0.0,4.40034E-4,0.00337983,0.00653263,0.0103699,nothing,nothing,South America_Northern,H2 central production,coal,coal chemical CCS,missing,missing,missing,missing,missing,missing,missing,MTC
0.0,0.0,0.0,0.0,0.0,5.21941E-4,0.0025543,0.00589393,0.0105074,nothing,nothing,South America_Northern,H2 central production,gas,natural gas steam reforming CCS,missing,missing,missing,missing,missing,missing,missing,MTC
0.0,0.0,0.0,0.0,0.0,0.0102817,0.027355499999999998,0.046147099999999996,0.0659442,nothing,nothing,South America_Northern,N fertilizer,gas,gas CCS,missing,missing,missing,missing,missing,missing,missing,MTC
0.0,0.0,0.0,0.0,0.0,0.0248309,0.0457128,0.0645374,0.0842831,nothing,nothing,South America_Northern,biorefining,biomass liquids,FT biofuels CCS level 1,missing,missing,missing,missing,missing,missing,missing,MTC
0.0,0.0,0.0,0.0,0.0,0.0295238,0.053915000000000005,0.0755121,0.0977876,nothing,nothing,South America_Northern,biorefining,biomass liquids,FT biofuels CCS level 2,missing,missing,missing,missing,missing,missing,missing,MTC
0.0,0.0,0.0,0.0,0.0,0.012034,0.0224098,0.03199492,0.04230532,nothing,nothing,South America_Northern,biorefining,biomass liquids,cellulosic ethanol CCS level 1,missing,missing,missing,missing,missing,missing,missing,MTC
0.0,0.0,0.0,0.0,0.0,0.0595922,0.1075679,0.149046,0.19091450000000001,nothing,nothing,South America_Northern,biorefining,biomass liquids,cellulosic ethanol CCS level 2,missing,missing,missing,missing,missing,missing,missing,MTC
0.0,0.0,0.0,0.0,0.0,0.0565381,0.181342,0.289813,0.391857,nothing,nothing,South America_Northern,cement,cement,cement CCS,missing,missing,missing,missing,missing,missing,missing,MTC
0.0,0.0,0.0,0.0,0.0,0.0,2.28922E-5,2.808268E-4,5.839795E-4,nothing,nothing,South America_Northern,elec_biomass (IGCC CCS),biomass (IGCC CCS),biomass (IGCC CCS) (dry cooling),missing,missing,missing,missing,missing,missing,missing,MTC
0.0,0.0,0.0,0.0,0.0,0.0,1.98545E-4,9.76584E-4,0.00168089,nothing,nothing,South America_Northern,elec_biomass (IGCC CCS),biomass (IGCC CCS),biomass (IGCC CCS) (once through),missing,missing,missing,missing,missing,missing,missing,MTC
0.0,0.0,0.0,0.0,0.0,0.0,0.00826321,0.02587279,0.04076908,nothing,nothing,South America_Northern,elec_biomass (IGCC CCS),biomass (IGCC CCS),biomass (IGCC CCS) (recirculating),missing,missing,missing,missing,missing,missing,missing,MTC
0.0,0.0,0.0,0.0,0.0,0.0,3.95668E-4,0.00107392,0.001628412,nothing,nothing,South America_Northern,elec_biomass (IGCC CCS),biomass (IGCC CCS),biomass (IGCC CCS) (seawater),missing,missing,missing,missing,missing,missing,missing,MTC
0.0,0.0,0.0,0.0,0.0,0.0,2.35298E-4,0.0017282349999999998,0.004847593,nothing,nothing,South America_Northern,elec_biomass (conv CCS),biomass (conv CCS),biomass (conv CCS) (dry cooling),missing,missing,missing,missing,missing,missing,missing,MTC
0.0,0.0,0.0,0.0,0.0,0.0,3.30239E-4,0.002331515,0.0062337880000000005,nothing,nothing,South America_Northern,elec_biomass (conv CCS),biomass (conv CCS),biomass (conv CCS) (once through),missing,missing,missing,missing,missing,missing,missing,MTC
0.0,0.0,0.0,0.0,0.0,0.0,3.70254E-4,0.002816604,0.008155172,nothing,nothing,South America_Northern,elec_biomass (conv CCS),biomass (conv CCS),biomass (conv CCS) (recirculating),missing,missing,missing,missing,missing,missing,missing,MTC
0.0,0.0,0.0,0.0,0.0,0.0,3.7945E-4,0.0029013380000000003,0.008443780000000001,nothing,nothing,South America_Northern,elec_biomass (conv CCS),biomass (conv CCS),biomass (conv CCS) (seawater),missing,missing,missing,missing,missing,missing,missing,MTC
0.0,0.0,0.0,0.0,0.0,0.0,1.75737E-6,1.242125E-5,3.226123E-5,nothing,nothing,South America_Northern,elec_coal (IGCC CCS),coal (IGCC CCS),coal (IGCC CCS) (dry cooling),missing,missing,missing,missing,missing,missing,missing,MTC
0.0,0.0,0.0,0.0,0.0,0.0,5.8783E-6,3.500797E-5,8.162128999999999E-5,nothing,nothing,South America_Northern,elec_coal (IGCC CCS),coal (IGCC CCS),coal (IGCC CCS) (once through),missing,missing,missing,missing,missing,missing,missing,MTC
0.0,0.0,0.0,0.0,0.0,0.0,1.00753E-4,6.51392E-4,0.00165775,nothing,nothing,South America_Northern,elec_coal (IGCC CCS),coal (IGCC CCS),coal (IGCC CCS) (recirculating),missing,missing,missing,missing,missing,missing,missing,MTC
0.0,0.0,0.0,0.0,0.0,0.0,3.80033E-6,2.4386720000000003E-5,6.201728E-5,nothing,nothing,South America_Northern,elec_coal (IGCC CCS),coal (IGCC CCS),coal (IGCC CCS) (seawater),missing,missing,missing,missing,missing,missing,missing,MTC
0.0,0.0,0.0,0.0,0.0,0.0,1.77479E-5,1.091853E-4,2.650235E-4,nothing,nothing,South America_Northern,elec_coal (conv pul CCS),coal (conv pul CCS),coal (conv pul CCS) (dry cooling),missing,missing,missing,missing,missing,missing,missing,MTC
0.0,0.0,0.0,0.0,0.0,0.0,3.25708E-5,1.716426E-4,3.770631E-4,nothing,nothing,South America_Northern,elec_coal (conv pul CCS),coal (conv pul CCS),coal (conv pul CCS) (once through),missing,missing,missing,missing,missing,missing,missing,MTC
0.0,0.0,0.0,0.0,0.0,0.0,4.46954E-5,2.539294E-4,6.043301E-4,nothing,nothing,South America_Northern,elec_coal (conv pul CCS),coal (conv pul CCS),coal (conv pul CCS) (recirculating),missing,missing,missing,missing,missing,missing,missing,MTC
0.0,0.0,0.0,0.0,0.0,0.0,4.81382E-5,2.719974E-4,6.476597999999999E-4,nothing,nothing,South America_Northern,elec_coal (conv pul CCS),coal (conv pul CCS),coal (conv pul CCS) (seawater),missing,missing,missing,missing,missing,missing,missing,MTC
0.0,0.0,0.0,0.0,0.0,0.0,4.10168E-4,0.0011643149000000002,0.0013038931,nothing,nothing,South America_Northern,elec_gas (CC CCS),biogas (CC CCS),biogas (CC CCS) (dry cooling),missing,missing,missing,missing,missing,missing,missing,MTC
0.0,0.0,0.0,0.0,0.0,0.0,4.37894E-4,0.0012520351,0.0014252800000000001,nothing,nothing,South America_Northern,elec_gas (CC CCS),biogas (CC CCS),biogas (CC CCS) (recirculating),missing,missing,missing,missing,missing,missing,missing,MTC
0.0,0.0,0.0,0.0,0.0,0.0,7.47686E-5,2.138857E-4,2.4362209E-4,nothing,nothing,South America_Northern,elec_gas (CC CCS),biogas (CC CCS),biogas (CC CCS) (seawater),missing,missing,missing,missing,missing,missing,missing,MTC
0.0,0.0,0.0,0.0,0.0,0.0,0.00147491,0.00602964,0.011238459999999999,nothing,nothing,South America_Northern,elec_gas (CC CCS),gas (CC CCS),gas (CC CCS) (dry cooling),missing,missing,missing,missing,missing,missing,missing,MTC
0.0,0.0,0.0,0.0,0.0,0.0,0.00467132,0.01885964,0.03470972,nothing,nothing,South America_Northern,elec_gas (CC CCS),gas (CC CCS),gas (CC CCS) (once through),missing,missing,missing,missing,missing,missing,missing,MTC
0.0,0.0,0.0,0.0,0.0,0.0,0.0594154,0.2462219,0.4630956,nothing,nothing,South America_Northern,elec_gas (CC CCS),gas (CC CCS),gas (CC CCS) (recirculating),missing,missing,missing,missing,missing,missing,missing,MTC
0.0,0.0,0.0,0.0,0.0,0.0,0.00216192,0.008978380000000001,0.01691331,nothing,nothing,South America_Northern,elec_gas (CC CCS),gas (CC CCS),gas (CC CCS) (seawater),missing,missing,missing,missing,missing,missing,missing,MTC
0.0,0.0,0.0,0.0,0.0,0.0,0.00439647,0.011667516000000001,0.013358269999999998,nothing,nothing,South America_Northern,elec_refined liquids (CC CCS),refined liquids (CC CCS),refined liquids (CC CCS) (dry cooling),missing,missing,missing,missing,missing,missing,missing,MTC
0.0,0.0,0.0,0.0,0.0,0.0,0.0100553,0.026318309999999998,0.02993098,nothing,nothing,South America_Northern,elec_refined liquids (CC CCS),refined liquids (CC CCS),refined liquids (CC CCS) (once through),missing,missing,missing,missing,missing,missing,missing,MTC
0.0,0.0,0.0,0.0,0.0,0.0,0.130811,0.3549301,0.42378990000000005,nothing,nothing,South America_Northern,elec_refined liquids (CC CCS),refined liquids (CC CCS),refined liquids (CC CCS) (recirculating),missing,missing,missing,missing,missing,missing,missing,MTC
0.0,0.0,0.0,0.0,0.0,0.0,0.00462824,0.01256421,0.015012629999999999,nothing,nothing,South America_Northern,elec_refined liquids (CC CCS),refined liquids (CC CCS),refined liquids (CC CCS) (seawater),missing,missing,missing,missing,missing,missing,missing,MTC
0.71952,1.68073,0.41373,0.485023,0.659015,0.865531,1.08192,1.33856,1.62809,nothing,nothing,South America_Northern,industrial feedstocks,refined liquids,refined liquids,missing,missing,missing,missing,missing,missing,missing,MTC
0.0,0.0,0.0,0.0,0.0,0.00371332,0.00650571,0.0078259,0.00952961,nothing,nothing,South America_Northern,lime,gas (CCS),lime (oxyflash CCS),missing,missing,missing,missing,missing,missing,missing,MTC
0.0,0.0,0.0,0.0,0.0,0.0,0.0,0.0,0.0241918,nothing,nothing,South America_Northern,refining,coal to liquids,coal to liquids CCS level 1,missing,missing,missing,missing,missing,missing,missing,MTC
0.0,0.0,0.0,0.0,0.0,0.0,0.0,0.0,0.0240235,nothing,nothing,South America_Northern,refining,coal to liquids,coal to liquids CCS level 2,missing,missing,missing,missing,missing,missing,missing,MTC
0.0,0.0,0.0,0.0,0.0,0.0496916,0.0544774,0.0568556,0.058386,nothing,nothing,South America_Southern,DAC,DAC,DAC_solvent (oxy CCS),missing,missing,missing,missing,missing,missing,missing,MTC
0.0,0.0,0.0,0.0,0.0,0.0112746,0.0196169,0.0313216,0.050224,nothing,nothing,South America_Southern,DAC,DAC,DAC_sorbent (oxy CCS),missing,missing,missing,missing,missing,missing,missing,MTC
0.0,0.0,0.0,0.0,0.0,1.43273,1.5143,1.3726,1.20146,nothing,nothing,South America_Southern,H2 central production,biomass,biomass to H2 CCS,missing,missing,missing,missing,missing,missing,missing,MTC
0.0,0.0,0.0,0.0,0.0,0.0471618,0.363086,0.706305,1.08239,nothing,nothing,South America_Southern,H2 central production,coal,coal chemical CCS,missing,missing,missing,missing,missing,missing,missing,MTC
0.0,0.0,0.0,0.0,0.0,0.0411102,0.160261,0.310342,0.465884,nothing,nothing,South America_Southern,H2 central production,gas,natural gas steam reforming CCS,missing,missing,missing,missing,missing,missing,missing,MTC
0.0,0.0,0.0,0.0,0.0,0.014367,0.0367618,0.067401,0.1079573,nothing,nothing,South America_Southern,N fertilizer,gas,gas CCS,missing,missing,missing,missing,missing,missing,missing,MTC
0.0,0.0,0.0,0.0,0.0,0.240436,0.43459000000000003,0.617774,0.838281,nothing,nothing,South America_Southern,biorefining,biomass liquids,FT biofuels CCS level 1,missing,missing,missing,missing,missing,missing,missing,MTC
0.0,0.0,0.0,0.0,0.0,0.283628,0.506662,0.711513,0.9518780000000001,nothing,nothing,South America_Southern,biorefining,biomass liquids,FT biofuels CCS level 2,missing,missing,missing,missing,missing,missing,missing,MTC
0.0,0.0,0.0,0.0,0.0,0.135385,0.24909599999999998,0.36070900000000006,0.5007630000000001,nothing,nothing,South America_Southern,biorefining,biomass liquids,cellulosic ethanol CCS level 1,missing,missing,missing,missing,missing,missing,missing,MTC
0.0,0.0,0.0,0.0,0.0,0.747551,1.3144879999999999,1.818154,2.391733,nothing,nothing,South America_Southern,biorefining,biomass liquids,cellulosic ethanol CCS level 2,missing,missing,missing,missing,missing,missing,missing,MTC
0.0,0.0,0.0,0.0,0.0,0.334354,1.05997,1.60127,2.05819,nothing,nothing,South America_Southern,cement,cement,cement CCS,missing,missing,missing,missing,missing,missing,missing,MTC
0.0,0.0,0.0,0.0,0.0,0.0249655,0.02634128,0.03331158,0.040129290000000005,nothing,nothing,South America_Southern,elec_biomass (IGCC CCS),biomass (IGCC CCS),biomass (IGCC CCS) (dry cooling),missing,missing,missing,missing,missing,missing,missing,MTC
0.0,0.0,0.0,0.0,0.0,0.0,5.20018E-5,0.0012832726,0.0032950979,nothing,nothing,South America_Southern,elec_biomass (IGCC CCS),biomass (IGCC CCS),biomass (IGCC CCS) (once through),missing,missing,missing,missing,missing,missing,missing,MTC
0.0,0.0,0.0,0.0,0.0,0.496904,0.857855,1.298232,1.621982,nothing,nothing,South America_Southern,elec_biomass (IGCC CCS),biomass (IGCC CCS),biomass (IGCC CCS) (recirculating),missing,missing,missing,missing,missing,missing,missing,MTC
0.0,0.0,0.0,0.0,0.0,0.0173541,0.0364396,0.054182999999999995,0.0666102,nothing,nothing,South America_Southern,elec_biomass (IGCC CCS),biomass (IGCC CCS),biomass (IGCC CCS) (seawater),missing,missing,missing,missing,missing,missing,missing,MTC
0.0,0.0,0.0,0.0,0.0,0.00300863,0.01402029,0.05473681,0.13021370000000002,nothing,nothing,South America_Southern,elec_biomass (conv CCS),biomass (conv CCS),biomass (conv CCS) (dry cooling),missing,missing,missing,missing,missing,missing,missing,MTC
0.0,0.0,0.0,0.0,0.0,0.00206282,0.00742971,0.023619559999999998,0.04721821,nothing,nothing,South America_Southern,elec_biomass (conv CCS),biomass (conv CCS),biomass (conv CCS) (once through),missing,missing,missing,missing,missing,missing,missing,MTC
0.0,0.0,0.0,0.0,0.0,0.00438025,0.02134567,0.08580994,0.20930573,nothing,nothing,South America_Southern,elec_biomass (conv CCS),biomass (conv CCS),biomass (conv CCS) (recirculating),missing,missing,missing,missing,missing,missing,missing,MTC
0.0,0.0,0.0,0.0,0.0,0.00454306,0.022433639999999998,0.09117805000000001,0.22454081,nothing,nothing,South America_Southern,elec_biomass (conv CCS),biomass (conv CCS),biomass (conv CCS) (seawater),missing,missing,missing,missing,missing,missing,missing,MTC
0.0,0.0,0.0,0.0,0.0,2.02729E-4,0.001011547,0.00381498,0.00844467,nothing,nothing,South America_Southern,elec_coal (IGCC CCS),coal (IGCC CCS),coal (IGCC CCS) (dry cooling),missing,missing,missing,missing,missing,missing,missing,MTC
0.0,0.0,0.0,0.0,0.0,8.36382E-5,3.21676E-4,0.0011547855,0.0024136714999999998,nothing,nothing,South America_Southern,elec_coal (IGCC CCS),coal (IGCC CCS),coal (IGCC CCS) (once through),missing,missing,missing,missing,missing,missing,missing,MTC
0.0,0.0,0.0,0.0,0.0,0.0104972,0.0537979,0.19068120000000002,0.41131510000000004,nothing,nothing,South America_Southern,elec_coal (IGCC CCS),coal (IGCC CCS),coal (IGCC CCS) (recirculating),missing,missing,missing,missing,missing,missing,missing,MTC
0.0,0.0,0.0,0.0,0.0,4.05473E-4,0.0020968709999999997,0.0073842859999999995,0.015898539,nothing,nothing,South America_Southern,elec_coal (IGCC CCS),coal (IGCC CCS),coal (IGCC CCS) (seawater),missing,missing,missing,missing,missing,missing,missing,MTC
0.0,0.0,0.0,0.0,0.0,0.00260812,0.01195653,0.03908643,0.07952501000000001,nothing,nothing,South America_Southern,elec_coal (conv pul CCS),coal (conv pul CCS),coal (conv pul CCS) (dry cooling),missing,missing,missing,missing,missing,missing,missing,MTC
0.0,0.0,0.0,0.0,0.0,6.44021E-4,0.002303103,0.00718328,0.013844418,nothing,nothing,South America_Southern,elec_coal (conv pul CCS),coal (conv pul CCS),coal (conv pul CCS) (once through),missing,missing,missing,missing,missing,missing,missing,MTC
0.0,0.0,0.0,0.0,0.0,0.00579326,0.027033460000000002,0.08388566,0.16670411000000002,nothing,nothing,South America_Southern,elec_coal (conv pul CCS),coal (conv pul CCS),coal (conv pul CCS) (recirculating),missing,missing,missing,missing,missing,missing,missing,MTC
0.0,0.0,0.0,0.0,0.0,0.00658767,0.031174450000000003,0.0961877,0.19094707,nothing,nothing,South America_Southern,elec_coal (conv pul CCS),coal (conv pul CCS),coal (conv pul CCS) (seawater),missing,missing,missing,missing,missing,missing,missing,MTC
0.0,0.0,0.0,0.0,0.0,0.00231486,0.004248742999999999,0.008774911,0.010921506,nothing,nothing,South America_Southern,elec_gas (CC CCS),biogas (CC CCS),biogas (CC CCS) (dry cooling),missing,missing,missing,missing,missing,missing,missing,MTC
0.0,0.0,0.0,0.0,0.0,0.00244372,0.004563403000000001,0.009445048,0.011903772,nothing,nothing,South America_Southern,elec_gas (CC CCS),biogas (CC CCS),biogas (CC CCS) (recirculating),missing,missing,missing,missing,missing,missing,missing,MTC
0.0,0.0,0.0,0.0,0.0,4.21198E-4,7.881294000000001E-4,0.001633086,0.0020606267,nothing,nothing,South America_Southern,elec_gas (CC CCS),biogas (CC CCS),biogas (CC CCS) (seawater),missing,missing,missing,missing,missing,missing,missing,MTC
0.0,0.0,0.0,0.0,0.0,0.00464069,0.01193949,0.026553,0.04291554,nothing,nothing,South America_Southern,elec_gas (CC CCS),gas (CC CCS),gas (CC CCS) (dry cooling),missing,missing,missing,missing,missing,missing,missing,MTC
0.0,0.0,0.0,0.0,0.0,0.00893317,0.02212224,0.04736889,0.07455486,nothing,nothing,South America_Southern,elec_gas (CC CCS),gas (CC CCS),gas (CC CCS) (once through),missing,missing,missing,missing,missing,missing,missing,MTC
0.0,0.0,0.0,0.0,0.0,0.168635,0.432048,0.956833,1.5419170000000002,nothing,nothing,South America_Southern,elec_gas (CC CCS),gas (CC CCS),gas (CC CCS) (recirculating),missing,missing,missing,missing,missing,missing,missing,MTC
0.0,0.0,0.0,0.0,0.0,0.00616238,0.01580014,0.03502065,0.05646263,nothing,nothing,South America_Southern,elec_gas (CC CCS),gas (CC CCS),gas (CC CCS) (seawater),missing,missing,missing,missing,missing,missing,missing,MTC
0.0,0.0,0.0,0.0,0.0,0.0146778,0.01910024,0.03242388,0.03742855,nothing,nothing,South America_Southern,elec_refined liquids (CC CCS),refined liquids (CC CCS),refined liquids (CC CCS) (dry cooling),missing,missing,missing,missing,missing,missing,missing,MTC
0.0,0.0,0.0,0.0,0.0,0.0213643,0.024985599999999997,0.040011109999999996,0.04243907,nothing,nothing,South America_Southern,elec_refined liquids (CC CCS),refined liquids (CC CCS),refined liquids (CC CCS) (once through),missing,missing,missing,missing,missing,missing,missing,MTC
0.0,0.0,0.0,0.0,0.0,0.430085,0.583827,0.9963825,1.1822601000000001,nothing,nothing,South America_Southern,elec_refined liquids (CC CCS),refined liquids (CC CCS),refined liquids (CC CCS) (recirculating),missing,missing,missing,missing,missing,missing,missing,MTC
0.0,0.0,0.0,0.0,0.0,0.0152866,0.020796020000000002,0.035521830000000004,0.04221868,nothing,nothing,South America_Southern,elec_refined liquids (CC CCS),refined liquids (CC CCS),refined liquids (CC CCS) (seawater),missing,missing,missing,missing,missing,missing,missing,MTC
0.536577,0.921373,1.29204,1.90533,2.68414,3.5793,4.56375,5.63846,6.80787,nothing,nothing,South America_Southern,industrial feedstocks,refined liquids,refined liquids,missing,missing,missing,missing,missing,missing,missing,MTC
0.0,0.0,0.0,0.0,0.0,0.0432569,0.0655276,0.0722696,0.0822442,nothing,nothing,South America_Southern,lime,gas (CCS),lime (oxyflash CCS),missing,missing,missing,missing,missing,missing,missing,MTC
0.0,0.0,0.0,0.0,0.0,0.0104249,0.0448717,0.1266291,0.2345328,nothing,nothing,South America_Southern,refining,coal to liquids,coal to liquids CCS level 1,missing,missing,missing,missing,missing,missing,missing,MTC
0.0,0.0,0.0,0.0,0.0,0.00877601,0.04041575,0.11818747000000002,0.22428631999999998,nothing,nothing,South America_Southern,refining,coal to liquids,coal to liquids CCS level 2,missing,missing,missing,missing,missing,missing,missing,MTC
0.0,0.0,0.0,0.0,0.0,0.0218254,0.0248094,0.0252821,0.0246732,nothing,nothing,South Asia,DAC,DAC,DAC_solvent (oxy CCS),missing,missing,missing,missing,missing,missing,missing,MTC
0.0,0.0,0.0,0.0,0.0,0.00671732,0.0121056,0.0193269,0.0299264,nothing,nothing,South Asia,DAC,DAC,DAC_sorbent (oxy CCS),missing,missing,missing,missing,missing,missing,missing,MTC
0.0,0.0,0.0,0.0,0.0,0.0599494,0.0765879,0.0796813,0.0776394,nothing,nothing,South Asia,H2 central production,biomass,biomass to H2 CCS,missing,missing,missing,missing,missing,missing,missing,MTC
0.0,0.0,0.0,0.0,0.0,0.00160838,0.0156124,0.037176,0.0657557,nothing,nothing,South Asia,H2 central production,coal,coal chemical CCS,missing,missing,missing,missing,missing,missing,missing,MTC
0.0,0.0,0.0,0.0,0.0,0.00134965,0.00595294,0.013728,0.0241176,nothing,nothing,South Asia,H2 central production,gas,natural gas steam reforming CCS,missing,missing,missing,missing,missing,missing,missing,MTC
0.0,0.0,0.0,0.0,0.0,0.0153266,0.039028,0.0670066,0.1007283,nothing,nothing,South Asia,N fertilizer,gas,gas CCS,missing,missing,missing,missing,missing,missing,missing,MTC
0.0,0.0,0.0,0.0,0.0,0.206037,0.41554,0.620456,0.854307,nothing,nothing,South Asia,biorefining,biomass liquids,FT biofuels CCS level 1,missing,missing,missing,missing,missing,missing,missing,MTC
0.0,0.0,0.0,0.0,0.0,0.24048,0.47836599999999996,0.704088,0.953983,nothing,nothing,South Asia,biorefining,biomass liquids,FT biofuels CCS level 2,missing,missing,missing,missing,missing,missing,missing,MTC
0.0,0.0,0.0,0.0,0.0,0.121163,0.24992399999999998,0.381799,0.5403990000000001,nothing,nothing,South Asia,biorefining,biomass liquids,cellulosic ethanol CCS level 1,missing,missing,missing,missing,missing,missing,missing,MTC
0.0,0.0,0.0,0.0,0.0,0.637529,1.245581,1.802658,2.4000440000000003,nothing,nothing,South Asia,biorefining,biomass liquids,cellulosic ethanol CCS level 2,missing,missing,missing,missing,missing,missing,missing,MTC
0.0,0.0,0.0,0.0,0.0,0.114532,0.745048,1.4904,2.32277,nothing,nothing,South Asia,cement,cement,cement CCS,missing,missing,missing,missing,missing,missing,missing,MTC
0.0,0.0,0.0,0.0,0.0,0.0,0.00138705,0.00471599,0.008727970000000002,nothing,nothing,South Asia,elec_biomass (IGCC CCS),biomass (IGCC CCS),biomass (IGCC CCS) (dry cooling),missing,missing,missing,missing,missing,missing,missing,MTC
0.0,0.0,0.0,0.0,0.0,0.0,3.22461E-6,5.778981E-5,1.7448893E-4,nothing,nothing,South Asia,elec_biomass (IGCC CCS),biomass (IGCC CCS),biomass (IGCC CCS) (once through),missing,missing,missing,missing,missing,missing,missing,MTC
0.0,0.0,0.0,0.0,0.0,0.0511966,0.0976637,0.1464875,0.1930585,nothing,nothing,South Asia,elec_biomass (IGCC CCS),biomass (IGCC CCS),biomass (IGCC CCS) (recirculating),missing,missing,missing,missing,missing,missing,missing,MTC
0.0,0.0,0.0,0.0,0.0,0.15478,0.38103299999999996,0.5636,0.727877,nothing,nothing,South Asia,elec_biomass (IGCC CCS),biomass (IGCC CCS),biomass (IGCC CCS) (seawater),missing,missing,missing,missing,missing,missing,missing,MTC
0.0,0.0,0.0,0.0,0.0,0.00125227,0.00993165,0.0319047,0.08127091,nothing,nothing,South Asia,elec_biomass (conv CCS),biomass (conv CCS),biomass (conv CCS) (dry cooling),missing,missing,missing,missing,missing,missing,missing,MTC
0.0,0.0,0.0,0.0,0.0,3.24197E-4,0.0010785698,0.0018696058,0.0027004882999999997,nothing,nothing,South Asia,elec_biomass (conv CCS),biomass (conv CCS),biomass (conv CCS) (once through),missing,missing,missing,missing,missing,missing,missing,MTC
0.0,0.0,0.0,0.0,0.0,0.00176747,0.01442491,0.04673865,0.11940037,nothing,nothing,South Asia,elec_biomass (conv CCS),biomass (conv CCS),biomass (conv CCS) (recirculating),missing,missing,missing,missing,missing,missing,missing,MTC
0.0,0.0,0.0,0.0,0.0,0.00188895,0.01597941,0.05296303,0.13853771,nothing,nothing,South Asia,elec_biomass (conv CCS),biomass (conv CCS),biomass (conv CCS) (seawater),missing,missing,missing,missing,missing,missing,missing,MTC
0.0,0.0,0.0,0.0,0.0,9.32378E-5,6.547502E-4,0.0018031993000000002,0.0038086735,nothing,nothing,South Asia,elec_coal (IGCC CCS),coal (IGCC CCS),coal (IGCC CCS) (dry cooling),missing,missing,missing,missing,missing,missing,missing,MTC
0.0,0.0,0.0,0.0,0.0,8.65787E-6,3.108517E-5,6.987188E-5,1.1268225000000001E-4,nothing,nothing,South Asia,elec_coal (IGCC CCS),coal (IGCC CCS),coal (IGCC CCS) (once through),missing,missing,missing,missing,missing,missing,missing,MTC
0.0,0.0,0.0,0.0,0.0,0.00126112,0.008903330000000001,0.02332601,0.04753023,nothing,nothing,South Asia,elec_coal (IGCC CCS),coal (IGCC CCS),coal (IGCC CCS) (recirculating),missing,missing,missing,missing,missing,missing,missing,MTC
0.0,0.0,0.0,0.0,0.0,0.00437315,0.0316073,0.08260895,0.1684886,nothing,nothing,South Asia,elec_coal (IGCC CCS),coal (IGCC CCS),coal (IGCC CCS) (seawater),missing,missing,missing,missing,missing,missing,missing,MTC
0.0,0.0,0.0,0.0,0.0,0.0014287,0.0091512,0.022345200000000003,0.04288544,nothing,nothing,South Asia,elec_coal (conv pul CCS),coal (conv pul CCS),coal (conv pul CCS) (dry cooling),missing,missing,missing,missing,missing,missing,missing,MTC
0.0,0.0,0.0,0.0,0.0,5.03832E-5,1.66025E-4,3.213976E-4,4.5366899999999997E-4,nothing,nothing,South Asia,elec_coal (conv pul CCS),coal (conv pul CCS),coal (conv pul CCS) (once through),missing,missing,missing,missing,missing,missing,missing,MTC
0.0,0.0,0.0,0.0,0.0,0.00272956,0.017193840000000002,0.04017958,0.07447256,nothing,nothing,South Asia,elec_coal (conv pul CCS),coal (conv pul CCS),coal (conv pul CCS) (recirculating),missing,missing,missing,missing,missing,missing,missing,MTC
0.0,0.0,0.0,0.0,0.0,0.00335721,0.022060660000000003,0.05158475,0.09608037999999999,nothing,nothing,South Asia,elec_coal (conv pul CCS),coal (conv pul CCS),coal (conv pul CCS) (seawater),missing,missing,missing,missing,missing,missing,missing,MTC
0.0,0.0,0.0,0.0,0.0,0.0118655,0.02677305,0.031577615,0.037838267999999994,nothing,nothing,South Asia,elec_gas (CC CCS),biogas (CC CCS),biogas (CC CCS) (dry cooling),missing,missing,missing,missing,missing,missing,missing,MTC
0.0,0.0,0.0,0.0,0.0,0.0122737,0.02781943,0.03310217,0.039755085,nothing,nothing,South Asia,elec_gas (CC CCS),biogas (CC CCS),biogas (CC CCS) (recirculating),missing,missing,missing,missing,missing,missing,missing,MTC
0.0,0.0,0.0,0.0,0.0,0.00214961,0.004911822000000001,0.00587673,0.007096316,nothing,nothing,South Asia,elec_gas (CC CCS),biogas (CC CCS),biogas (CC CCS) (seawater),missing,missing,missing,missing,missing,missing,missing,MTC
0.0,0.0,0.0,0.0,0.0,0.0132147,0.0400779,0.0696188,0.10287740000000001,nothing,nothing,South Asia,elec_gas (CC CCS),gas (CC CCS),gas (CC CCS) (dry cooling),missing,missing,missing,missing,missing,missing,missing,MTC
0.0,0.0,0.0,0.0,0.0,0.0147518,0.037445400000000004,0.057408,0.07497530000000001,nothing,nothing,South Asia,elec_gas (CC CCS),gas (CC CCS),gas (CC CCS) (once through),missing,missing,missing,missing,missing,missing,missing,MTC
0.0,0.0,0.0,0.0,0.0,0.283126,0.8563339999999999,1.485169,2.188552,nothing,nothing,South Asia,elec_gas (CC CCS),gas (CC CCS),gas (CC CCS) (recirculating),missing,missing,missing,missing,missing,missing,missing,MTC
0.0,0.0,0.0,0.0,0.0,0.283582,0.862782,1.502338,2.2221409999999997,nothing,nothing,South Asia,elec_gas (CC CCS),gas (CC CCS),gas (CC CCS) (seawater),missing,missing,missing,missing,missing,missing,missing,MTC
0.0,0.0,0.0,0.0,0.0,0.00902552,0.0156337,0.017269,0.019750517000000002,nothing,nothing,South Asia,elec_refined liquids (CC CCS),refined liquids (CC CCS),refined liquids (CC CCS) (dry cooling),missing,missing,missing,missing,missing,missing,missing,MTC
0.0,0.0,0.0,0.0,0.0,0.00659473,0.008162198,0.006826032,0.005889871,nothing,nothing,South Asia,elec_refined liquids (CC CCS),refined liquids (CC CCS),refined liquids (CC CCS) (once through),missing,missing,missing,missing,missing,missing,missing,MTC
0.0,0.0,0.0,0.0,0.0,0.166521,0.2939798,0.33391339999999997,0.3891115,nothing,nothing,South Asia,elec_refined liquids (CC CCS),refined liquids (CC CCS),refined liquids (CC CCS) (recirculating),missing,missing,missing,missing,missing,missing,missing,MTC
0.0,0.0,0.0,0.0,0.0,0.16193,0.287631,0.3285953,0.3851137,nothing,nothing,South Asia,elec_refined liquids (CC CCS),refined liquids (CC CCS),refined liquids (CC CCS) (seawater),missing,missing,missing,missing,missing,missing,missing,MTC
0.154671,0.150824,0.256489,0.439397,0.671161,0.970091,1.48828,2.07072,2.81152,nothing,nothing,South Asia,industrial feedstocks,refined liquids,refined liquids,missing,missing,missing,missing,missing,missing,missing,MTC
0.0,0.0,0.0,0.0,0.0,0.0219975,0.0351004,0.0390188,0.0437543,nothing,nothing,South Asia,lime,gas (CCS),lime (oxyflash CCS),missing,missing,missing,missing,missing,missing,missing,MTC
0.0,0.0,0.0,0.0,0.0,0.00823802,0.025728340000000002,0.05258491,0.08889354000000001,nothing,nothing,South Asia,refining,coal to liquids,coal to liquids CCS level 1,missing,missing,missing,missing,missing,missing,missing,MTC
0.0,0.0,0.0,0.0,0.0,0.00673673,0.022304380000000002,0.04693715,0.08106893000000001,nothing,nothing,South Asia,refining,coal to liquids,coal to liquids CCS level 2,missing,missing,missing,missing,missing,missing,missing,MTC
0.0,0.0,0.0,0.0,0.0,0.00989777,0.00881142,0.008801,0.00826708,nothing,nothing,South Korea,DAC,DAC,DAC_solvent (oxy CCS),missing,missing,missing,missing,missing,missing,missing,MTC
0.0,0.0,0.0,0.0,0.0,0.0055246,0.00682865,0.00920081,0.0116845,nothing,nothing,South Korea,DAC,DAC,DAC_sorbent (oxy CCS),missing,missing,missing,missing,missing,missing,missing,MTC
0.0,0.0,0.0,0.0,0.0,0.0776409,0.0943126,0.0914135,0.0842376,nothing,nothing,South Korea,H2 central production,biomass,biomass to H2 CCS,missing,missing,missing,missing,missing,missing,missing,MTC
0.0,0.0,0.0,0.0,0.0,2.69875E-4,0.00340933,0.0125083,0.0325049,nothing,nothing,South Korea,H2 central production,coal,coal chemical CCS,missing,missing,missing,missing,missing,missing,missing,MTC
0.0,0.0,0.0,0.0,0.0,0.00280669,0.0153022,0.0379386,0.0737651,nothing,nothing,South Korea,H2 central production,gas,natural gas steam reforming CCS,missing,missing,missing,missing,missing,missing,missing,MTC
0.0,0.0,0.0,0.0,0.0,4.36364E-4,0.001260838,0.00220087,0.003280519,nothing,nothing,South Korea,N fertilizer,gas,gas CCS,missing,missing,missing,missing,missing,missing,missing,MTC
0.0,0.0,0.0,0.0,0.0,0.0923208,0.2063368,0.3088225,0.42578059999999995,nothing,nothing,South Korea,biorefining,biomass liquids,FT biofuels CCS level 1,missing,missing,missing,missing,missing,missing,missing,MTC
0.0,0.0,0.0,0.0,0.0,0.0888598,0.1958417,0.28961190000000003,0.3942076,nothing,nothing,South Korea,biorefining,biomass liquids,FT biofuels CCS level 2,missing,missing,missing,missing,missing,missing,missing,MTC
0.0,0.0,0.0,0.0,0.0,0.096428,0.2189062,0.3319838,0.4645079,nothing,nothing,South Korea,biorefining,biomass liquids,cellulosic ethanol CCS level 1,missing,missing,missing,missing,missing,missing,missing,MTC
0.0,0.0,0.0,0.0,0.0,0.213531,0.462205,0.673687,0.903527,nothing,nothing,South Korea,biorefining,biomass liquids,cellulosic ethanol CCS level 2,missing,missing,missing,missing,missing,missing,missing,MTC
0.0,0.0,0.0,0.0,0.0,0.00503341,0.0534056,0.1373,0.245177,nothing,nothing,South Korea,cement,cement,cement CCS,missing,missing,missing,missing,missing,missing,missing,MTC
0.0,0.0,0.0,0.0,0.0,1.61763E-4,3.9667299999999995E-4,5.99874E-4,7.390888E-4,nothing,nothing,South Korea,elec_biomass (IGCC CCS),biomass (IGCC CCS),biomass (IGCC CCS) (dry cooling),missing,missing,missing,missing,missing,missing,missing,MTC
0.0,0.0,0.0,0.0,0.0,0.00565671,0.01367921,0.02060471,0.025439,nothing,nothing,South Korea,elec_biomass (IGCC CCS),biomass (IGCC CCS),biomass (IGCC CCS) (recirculating),missing,missing,missing,missing,missing,missing,missing,MTC
0.0,0.0,0.0,0.0,0.0,0.00156026,0.0037667300000000003,0.00566798,0.006994510000000001,nothing,nothing,South Korea,elec_biomass (IGCC CCS),biomass (IGCC CCS),biomass (IGCC CCS) (seawater),missing,missing,missing,missing,missing,missing,missing,MTC
0.0,0.0,0.0,0.0,0.0,6.94613E-5,3.7935264E-4,9.1823379E-4,0.00180015454,nothing,nothing,South Korea,elec_biomass (conv CCS),biomass (conv CCS),biomass (conv CCS) (dry cooling),missing,missing,missing,missing,missing,missing,missing,MTC
0.0,0.0,0.0,0.0,0.0,3.96239E-5,1.711755E-4,3.4378216E-4,5.6063336E-4,nothing,nothing,South Korea,elec_biomass (conv CCS),biomass (conv CCS),biomass (conv CCS) (once through),missing,missing,missing,missing,missing,missing,missing,MTC
0.0,0.0,0.0,0.0,0.0,9.23071E-5,5.1132312E-4,0.0012607574,0.0025246762,nothing,nothing,South Korea,elec_biomass (conv CCS),biomass (conv CCS),biomass (conv CCS) (recirculating),missing,missing,missing,missing,missing,missing,missing,MTC
0.0,0.0,0.0,0.0,0.0,9.52629E-5,5.325238E-4,0.0013233209,0.0026706435,nothing,nothing,South Korea,elec_biomass (conv CCS),biomass (conv CCS),biomass (conv CCS) (seawater),missing,missing,missing,missing,missing,missing,missing,MTC
0.0,0.0,0.0,0.0,0.0,1.21106E-5,9.252171E-5,2.6350202E-4,5.4053135E-4,nothing,nothing,South Korea,elec_coal (IGCC CCS),coal (IGCC CCS),coal (IGCC CCS) (dry cooling),missing,missing,missing,missing,missing,missing,missing,MTC
0.0,0.0,0.0,0.0,0.0,3.93526E-4,0.003044778,0.008761402,0.018110158,nothing,nothing,South Korea,elec_coal (IGCC CCS),coal (IGCC CCS),coal (IGCC CCS) (recirculating),missing,missing,missing,missing,missing,missing,missing,MTC
0.0,0.0,0.0,0.0,0.0,1.06907E-4,8.309347E-4,0.0023969144999999997,0.0049646468999999995,nothing,nothing,South Korea,elec_coal (IGCC CCS),coal (IGCC CCS),coal (IGCC CCS) (seawater),missing,missing,missing,missing,missing,missing,missing,MTC
0.0,0.0,0.0,0.0,0.0,9.28422E-5,6.55377E-4,0.0016913349000000002,0.0032452865,nothing,nothing,South Korea,elec_coal (conv pul CCS),coal (conv pul CCS),coal (conv pul CCS) (dry cooling),missing,missing,missing,missing,missing,missing,missing,MTC
0.0,0.0,0.0,0.0,0.0,3.24953E-5,1.7896561E-4,3.7649674E-4,6.0005211E-4,nothing,nothing,South Korea,elec_coal (conv pul CCS),coal (conv pul CCS),coal (conv pul CCS) (once through),missing,missing,missing,missing,missing,missing,missing,MTC
0.0,0.0,0.0,0.0,0.0,1.32302E-4,9.43766E-4,0.0024684218,0.004783313900000001,nothing,nothing,South Korea,elec_coal (conv pul CCS),coal (conv pul CCS),coal (conv pul CCS) (recirculating),missing,missing,missing,missing,missing,missing,missing,MTC
0.0,0.0,0.0,0.0,0.0,1.39992E-4,0.0010074308,0.0026513009,0.0051634803,nothing,nothing,South Korea,elec_coal (conv pul CCS),coal (conv pul CCS),coal (conv pul CCS) (seawater),missing,missing,missing,missing,missing,missing,missing,MTC
0.0,0.0,0.0,0.0,0.0,3.30347E-5,1.3753959000000003E-4,2.3807404E-4,3.4740313E-4,nothing,nothing,South Korea,elec_gas (CC CCS),biogas (CC CCS),biogas (CC CCS) (dry cooling),missing,missing,missing,missing,missing,missing,missing,MTC
0.0,0.0,0.0,0.0,0.0,3.32441E-5,1.3866262999999998E-4,2.4104568E-4,3.5304283E-4,nothing,nothing,South Korea,elec_gas (CC CCS),biogas (CC CCS),biogas (CC CCS) (recirculating),missing,missing,missing,missing,missing,missing,missing,MTC
0.0,0.0,0.0,0.0,0.0,5.76422E-6,2.4111293E-5,4.1990203E-5,6.1577638E-5,nothing,nothing,South Korea,elec_gas (CC CCS),biogas (CC CCS),biogas (CC CCS) (seawater),missing,missing,missing,missing,missing,missing,missing,MTC
0.0,0.0,0.0,0.0,0.0,2.7802E-5,1.390893E-4,3.304052E-4,6.003952000000001E-4,nothing,nothing,South Korea,elec_gas (CC CCS),gas (CC CCS),gas (CC CCS) (dry cooling),missing,missing,missing,missing,missing,missing,missing,MTC
0.0,0.0,0.0,0.0,0.0,9.29386E-4,0.004676914,0.011180281,0.020382506,nothing,nothing,South Korea,elec_gas (CC CCS),gas (CC CCS),gas (CC CCS) (recirculating),missing,missing,missing,missing,missing,missing,missing,MTC
0.0,0.0,0.0,0.0,0.0,2.53145E-4,0.001277693,0.0030614170000000003,0.005589375000000001,nothing,nothing,South Korea,elec_gas (CC CCS),gas (CC CCS),gas (CC CCS) (seawater),missing,missing,missing,missing,missing,missing,missing,MTC
0.0,0.0,0.0,0.0,0.0,5.01465E-4,0.0010115412,0.0010877185,0.0010368805000000002,nothing,nothing,South Korea,elec_refined liquids (CC CCS),refined liquids (CC CCS),refined liquids (CC CCS) (dry cooling),missing,missing,missing,missing,missing,missing,missing,MTC
0.0,0.0,0.0,0.0,0.0,0.0148814,0.030271183,0.033072215,0.032203187,nothing,nothing,South Korea,elec_refined liquids (CC CCS),refined liquids (CC CCS),refined liquids (CC CCS) (recirculating),missing,missing,missing,missing,missing,missing,missing,MTC
0.0,0.0,0.0,0.0,0.0,0.00396901,0.008091296999999999,0.008857714999999999,0.008643732,nothing,nothing,South Korea,elec_refined liquids (CC CCS),refined liquids (CC CCS),refined liquids (CC CCS) (seawater),missing,missing,missing,missing,missing,missing,missing,MTC
5.27247,24.9131,38.4588,38.2978,37.9269,37.2508,35.5598,33.8225,32.0518,nothing,nothing,South Korea,industrial feedstocks,refined liquids,refined liquids,missing,missing,missing,missing,missing,missing,missing,MTC
0.0,0.0,0.0,0.0,0.0,0.0273966,0.0319748,0.0317542,0.0304546,nothing,nothing,South Korea,lime,gas (CCS),lime (oxyflash CCS),missing,missing,missing,missing,missing,missing,missing,MTC
0.0,0.0,0.0,0.0,0.0,0.0,0.00631294,0.02562669,0.049193730000000005,nothing,nothing,South Korea,refining,coal to liquids,coal to liquids CCS level 1,missing,missing,missing,missing,missing,missing,missing,MTC
0.0,0.0,0.0,0.0,0.0,0.0,0.00368979,0.01506969,0.028832009999999998,nothing,nothing,South Korea,refining,coal to liquids,coal to liquids CCS level 2,missing,missing,missing,missing,missing,missing,missing,MTC
0.0,0.0,0.0,0.0,0.0,0.148857,0.147956,0.149303,0.146011,nothing,nothing,Southeast Asia,DAC,DAC,DAC_solvent (oxy CCS),missing,missing,missing,missing,missing,missing,missing,MTC
0.0,0.0,0.0,0.0,0.0,0.0358362,0.0591073,0.0938788,0.148454,nothing,nothing,Southeast Asia,DAC,DAC,DAC_sorbent (oxy CCS),missing,missing,missing,missing,missing,missing,missing,MTC
0.0,0.0,0.0,0.0,0.0,0.279352,0.298016,0.304168,0.296462,nothing,nothing,Southeast Asia,H2 central production,biomass,biomass to H2 CCS,missing,missing,missing,missing,missing,missing,missing,MTC
0.0,0.0,0.0,0.0,0.0,0.00910853,0.0712334,0.164547,0.290713,nothing,nothing,Southeast Asia,H2 central production,coal,coal chemical CCS,missing,missing,missing,missing,missing,missing,missing,MTC
0.0,0.0,0.0,0.0,0.0,0.0077996,0.0318191,0.0695801,0.115302,nothing,nothing,Southeast Asia,H2 central production,gas,natural gas steam reforming CCS,missing,missing,missing,missing,missing,missing,missing,MTC
0.0,0.0,0.0,0.0,0.0,0.0614691,0.2151651,0.41865189999999997,0.679535,nothing,nothing,Southeast Asia,N fertilizer,coal,coal CCS,missing,missing,missing,missing,missing,missing,missing,MTC
0.0,0.0,0.0,0.0,0.0,0.0399237,0.10387779999999999,0.1852238,0.28599600000000003,nothing,nothing,Southeast Asia,N fertilizer,gas,gas CCS,missing,missing,missing,missing,missing,missing,missing,MTC
0.0,0.0,0.0,0.0,0.0,1.45139,2.7022500000000003,3.93605,5.342569999999999,nothing,nothing,Southeast Asia,biorefining,biomass liquids,FT biofuels CCS level 1,missing,missing,missing,missing,missing,missing,missing,MTC
0.0,0.0,0.0,0.0,0.0,1.70313,3.12315,4.48671,6.00235,nothing,nothing,Southeast Asia,biorefining,biomass liquids,FT biofuels CCS level 2,missing,missing,missing,missing,missing,missing,missing,MTC
0.0,0.0,0.0,0.0,0.0,0.829036,1.5849730000000002,2.357815,3.2722670000000003,nothing,nothing,Southeast Asia,biorefining,biomass liquids,cellulosic ethanol CCS level 1,missing,missing,missing,missing,missing,missing,missing,MTC
0.0,0.0,0.0,0.0,0.0,4.48377,8.07858,11.41705,15.01874,nothing,nothing,Southeast Asia,biorefining,biomass liquids,cellulosic ethanol CCS level 2,missing,missing,missing,missing,missing,missing,missing,MTC
0.0,0.0,0.0,0.0,0.0,0.910818,4.55281,7.88419,10.6049,nothing,nothing,Southeast Asia,cement,cement,cement CCS,missing,missing,missing,missing,missing,missing,missing,MTC
0.0,0.0,0.0,0.0,0.0,0.0535379,0.06007684,0.07485723,0.08995888,nothing,nothing,Southeast Asia,elec_biomass (IGCC CCS),biomass (IGCC CCS),biomass (IGCC CCS) (dry cooling),missing,missing,missing,missing,missing,missing,missing,MTC
0.0,0.0,0.0,0.0,0.0,0.0,0.00586409,0.02627244,0.05120251,nothing,nothing,Southeast Asia,elec_biomass (IGCC CCS),biomass (IGCC CCS),biomass (IGCC CCS) (once through),missing,missing,missing,missing,missing,missing,missing,MTC
0.0,0.0,0.0,0.0,0.0,0.312432,0.5435190000000001,0.780831,0.9782879999999999,nothing,nothing,Southeast Asia,elec_biomass (IGCC CCS),biomass (IGCC CCS),biomass (IGCC CCS) (recirculating),missing,missing,missing,missing,missing,missing,missing,MTC
0.0,0.0,0.0,0.0,0.0,0.944561,1.796847,2.58374,3.2209179999999997,nothing,nothing,Southeast Asia,elec_biomass (IGCC CCS),biomass (IGCC CCS),biomass (IGCC CCS) (seawater),missing,missing,missing,missing,missing,missing,missing,MTC
0.0,0.0,0.0,0.0,0.0,0.0071139,0.036464,0.12085605,0.29213897,nothing,nothing,Southeast Asia,elec_biomass (conv CCS),biomass (conv CCS),biomass (conv CCS) (dry cooling),missing,missing,missing,missing,missing,missing,missing,MTC
0.0,0.0,0.0,0.0,0.0,0.00706614,0.03207951,0.09722913,0.2170361,nothing,nothing,Southeast Asia,elec_biomass (conv CCS),biomass (conv CCS),biomass (conv CCS) (once through),missing,missing,missing,missing,missing,missing,missing,MTC
0.0,0.0,0.0,0.0,0.0,0.0103928,0.055644320000000004,0.18874817,0.4665555,nothing,nothing,Southeast Asia,elec_biomass (conv CCS),biomass (conv CCS),biomass (conv CCS) (recirculating),missing,missing,missing,missing,missing,missing,missing,MTC
0.0,0.0,0.0,0.0,0.0,0.0106632,0.05754806,0.19632029,0.4879159,nothing,nothing,Southeast Asia,elec_biomass (conv CCS),biomass (conv CCS),biomass (conv CCS) (seawater),missing,missing,missing,missing,missing,missing,missing,MTC
0.0,0.0,0.0,0.0,0.0,9.93619E-4,0.0056103970000000005,0.017813647000000002,0.039182109,nothing,nothing,Southeast Asia,elec_coal (IGCC CCS),coal (IGCC CCS),coal (IGCC CCS) (dry cooling),missing,missing,missing,missing,missing,missing,missing,MTC
0.0,0.0,0.0,0.0,0.0,0.00193873,0.00950704,0.02864378,0.059920759999999997,nothing,nothing,Southeast Asia,elec_coal (IGCC CCS),coal (IGCC CCS),coal (IGCC CCS) (once through),missing,missing,missing,missing,missing,missing,missing,MTC
0.0,0.0,0.0,0.0,0.0,0.0149506,0.0832755,0.25148289999999995,0.5424027,nothing,nothing,Southeast Asia,elec_coal (IGCC CCS),coal (IGCC CCS),coal (IGCC CCS) (recirculating),missing,missing,missing,missing,missing,missing,missing,MTC
0.0,0.0,0.0,0.0,0.0,0.0489865,0.2730945,0.8208278,1.7679554,nothing,nothing,Southeast Asia,elec_coal (IGCC CCS),coal (IGCC CCS),coal (IGCC CCS) (seawater),missing,missing,missing,missing,missing,missing,missing,MTC
0.0,0.0,0.0,0.0,0.0,0.0142097,0.0714138,0.1988665,0.40198160000000005,nothing,nothing,Southeast Asia,elec_coal (conv pul CCS),coal (conv pul CCS),coal (conv pul CCS) (dry cooling),missing,missing,missing,missing,missing,missing,missing,MTC
0.0,0.0,0.0,0.0,0.0,0.00956744,0.0421725,0.11199477,0.21609783999999999,nothing,nothing,Southeast Asia,elec_coal (conv pul CCS),coal (conv pul CCS),coal (conv pul CCS) (once through),missing,missing,missing,missing,missing,missing,missing,MTC
0.0,0.0,0.0,0.0,0.0,0.0319044,0.1580843,0.42195230000000006,0.8375657000000001,nothing,nothing,Southeast Asia,elec_coal (conv pul CCS),coal (conv pul CCS),coal (conv pul CCS) (recirculating),missing,missing,missing,missing,missing,missing,missing,MTC
0.0,0.0,0.0,0.0,0.0,0.0349527,0.1736769,0.46177429999999997,0.9159243,nothing,nothing,Southeast Asia,elec_coal (conv pul CCS),coal (conv pul CCS),coal (conv pul CCS) (seawater),missing,missing,missing,missing,missing,missing,missing,MTC
0.0,0.0,0.0,0.0,0.0,0.00137842,0.004491243,0.01051625,0.0192295142,nothing,nothing,Southeast Asia,elec_gas (CC CCS),biogas (CC CCS),biogas (CC CCS) (dry cooling),missing,missing,missing,missing,missing,missing,missing,MTC
0.0,0.0,0.0,0.0,0.0,0.00144927,0.0047460919999999995,0.011154398,0.020492611999999997,nothing,nothing,Southeast Asia,elec_gas (CC CCS),biogas (CC CCS),biogas (CC CCS) (recirculating),missing,missing,missing,missing,missing,missing,missing,MTC
0.0,0.0,0.0,0.0,0.0,2.48238E-4,8.136818E-4,0.0019133084,0.0035165422999999998,nothing,nothing,Southeast Asia,elec_gas (CC CCS),biogas (CC CCS),biogas (CC CCS) (seawater),missing,missing,missing,missing,missing,missing,missing,MTC
0.0,0.0,0.0,0.0,0.0,0.0020631,0.0081597,0.02200824,0.045602000000000004,nothing,nothing,Southeast Asia,elec_gas (CC CCS),gas (CC CCS),gas (CC CCS) (dry cooling),missing,missing,missing,missing,missing,missing,missing,MTC
0.0,0.0,0.0,0.0,0.0,0.00493911,0.018975310000000002,0.050062720000000005,0.10200955,nothing,nothing,Southeast Asia,elec_gas (CC CCS),gas (CC CCS),gas (CC CCS) (once through),missing,missing,missing,missing,missing,missing,missing,MTC
0.0,0.0,0.0,0.0,0.0,0.0466077,0.1834409,0.4932787,1.0183309,nothing,nothing,Southeast Asia,elec_gas (CC CCS),gas (CC CCS),gas (CC CCS) (recirculating),missing,missing,missing,missing,missing,missing,missing,MTC
0.0,0.0,0.0,0.0,0.0,0.0456819,0.1798378,0.4837539,0.9987091,nothing,nothing,Southeast Asia,elec_gas (CC CCS),gas (CC CCS),gas (CC CCS) (seawater),missing,missing,missing,missing,missing,missing,missing,MTC
0.0,0.0,0.0,0.0,0.0,0.0127992,0.01839727,0.025400480000000003,0.03036196,nothing,nothing,Southeast Asia,elec_refined liquids (CC CCS),refined liquids (CC CCS),refined liquids (CC CCS) (dry cooling),missing,missing,missing,missing,missing,missing,missing,MTC
0.0,0.0,0.0,0.0,0.0,0.023746,0.03262824,0.04353315,0.05035423,nothing,nothing,Southeast Asia,elec_refined liquids (CC CCS),refined liquids (CC CCS),refined liquids (CC CCS) (once through),missing,missing,missing,missing,missing,missing,missing,MTC
0.0,0.0,0.0,0.0,0.0,0.238755,0.3533005,0.4989747,0.612806,nothing,nothing,Southeast Asia,elec_refined liquids (CC CCS),refined liquids (CC CCS),refined liquids (CC CCS) (recirculating),missing,missing,missing,missing,missing,missing,missing,MTC
0.0,0.0,0.0,0.0,0.0,0.229259,0.3396012,0.4799755,0.5899725,nothing,nothing,Southeast Asia,elec_refined liquids (CC CCS),refined liquids (CC CCS),refined liquids (CC CCS) (seawater),missing,missing,missing,missing,missing,missing,missing,MTC
2.35817,16.3413,31.5209,38.306,44.73,50.9914,57.1487,62.4445,67.3963,nothing,nothing,Southeast Asia,industrial feedstocks,refined liquids,refined liquids,missing,missing,missing,missing,missing,missing,missing,MTC
0.0,0.0,0.0,0.0,0.0,0.139682,0.199262,0.214419,0.235475,nothing,nothing,Southeast Asia,lime,gas (CCS),lime (oxyflash CCS),missing,missing,missing,missing,missing,missing,missing,MTC
0.0,0.0,0.0,0.0,0.0,0.0915894,0.30659749999999997,0.7339918999999999,1.3511253,nothing,nothing,Southeast Asia,refining,coal to liquids,coal to liquids CCS level 1,missing,missing,missing,missing,missing,missing,missing,MTC
0.0,0.0,0.0,0.0,0.0,0.0760709,0.2685866,0.6659259,1.2610759,nothing,nothing,Southeast Asia,refining,coal to liquids,coal to liquids CCS level 2,missing,missing,missing,missing,missing,missing,missing,MTC
0.0,0.0,0.0,0.0,0.0,0.047858,0.0288354,0.0173122,0.0105013,nothing,nothing,Taiwan,DAC,DAC,DAC_solvent (oxy CCS),missing,missing,missing,missing,missing,missing,missing,MTC
0.0,0.0,0.0,0.0,0.0,0.0115789,0.0135451,0.0143178,0.0137135,nothing,nothing,Taiwan,DAC,DAC,DAC_sorbent (oxy CCS),missing,missing,missing,missing,missing,missing,missing,MTC
0.0,0.0,0.0,0.0,0.0,0.0129042,0.00978758,0.00520576,0.00219166,nothing,nothing,Taiwan,H2 central production,biomass,biomass to H2 CCS,missing,missing,missing,missing,missing,missing,missing,MTC
0.0,0.0,0.0,0.0,0.0,3.7503E-4,0.00141951,0.00125121,9.89887E-4,nothing,nothing,Taiwan,H2 central production,coal,coal chemical CCS,missing,missing,missing,missing,missing,missing,missing,MTC
0.0,0.0,0.0,0.0,0.0,4.72287E-4,0.00136539,0.00167058,0.00163547,nothing,nothing,Taiwan,H2 central production,gas,natural gas steam reforming CCS,missing,missing,missing,missing,missing,missing,missing,MTC
0.0,0.0,0.0,0.0,0.0,0.00159622,0.00374383,0.0054199700000000005,0.0068369599999999996,nothing,nothing,Taiwan,N fertilizer,gas,gas CCS,missing,missing,missing,missing,missing,missing,missing,MTC
0.0,0.0,0.0,0.0,0.0,0.0951479,0.1600019,0.2033267,0.2461062,nothing,nothing,Taiwan,biorefining,biomass liquids,FT biofuels CCS level 1,missing,missing,missing,missing,missing,missing,missing,MTC
0.0,0.0,0.0,0.0,0.0,0.109218,0.1788074,0.2217821,0.2610134,nothing,nothing,Taiwan,biorefining,biomass liquids,FT biofuels CCS level 2,missing,missing,missing,missing,missing,missing,missing,MTC
0.0,0.0,0.0,0.0,0.0,0.0576342,0.1037324,0.1411558,0.1858619,nothing,nothing,Taiwan,biorefining,biomass liquids,cellulosic ethanol CCS level 1,missing,missing,missing,missing,missing,missing,missing,MTC
0.0,0.0,0.0,0.0,0.0,0.288031,0.461975,0.563753,0.6519410999999999,nothing,nothing,Taiwan,biorefining,biomass liquids,cellulosic ethanol CCS level 2,missing,missing,missing,missing,missing,missing,missing,MTC
0.0,0.0,0.0,0.0,0.0,0.0429178,0.144356,0.145765,0.134259,nothing,nothing,Taiwan,cement,cement,cement CCS,missing,missing,missing,missing,missing,missing,missing,MTC
0.0,0.0,0.0,0.0,0.0,1.41725E-4,0.0016964500000000002,0.002653328,0.0027462601,nothing,nothing,Taiwan,elec_biomass (IGCC CCS),biomass (IGCC CCS),biomass (IGCC CCS) (dry cooling),missing,missing,missing,missing,missing,missing,missing,MTC
0.0,0.0,0.0,0.0,0.0,0.0111082,0.02077714,0.02458977,0.0229672,nothing,nothing,Taiwan,elec_biomass (IGCC CCS),biomass (IGCC CCS),biomass (IGCC CCS) (once through),missing,missing,missing,missing,missing,missing,missing,MTC
0.0,0.0,0.0,0.0,0.0,0.021755,0.042288599999999996,0.050591899999999995,0.047537109999999994,nothing,nothing,Taiwan,elec_biomass (IGCC CCS),biomass (IGCC CCS),biomass (IGCC CCS) (recirculating),missing,missing,missing,missing,missing,missing,missing,MTC
0.0,0.0,0.0,0.0,0.0,0.0936653,0.158381,0.18220190000000003,0.16791240000000002,nothing,nothing,Taiwan,elec_biomass (IGCC CCS),biomass (IGCC CCS),biomass (IGCC CCS) (seawater),missing,missing,missing,missing,missing,missing,missing,MTC
0.0,0.0,0.0,0.0,0.0,7.35438E-4,0.00317512,0.005239083,0.005903742,nothing,nothing,Taiwan,elec_biomass (conv CCS),biomass (conv CCS),biomass (conv CCS) (dry cooling),missing,missing,missing,missing,missing,missing,missing,MTC
0.0,0.0,0.0,0.0,0.0,0.00106685,0.00473053,0.007985298,0.009178879000000001,nothing,nothing,Taiwan,elec_biomass (conv CCS),biomass (conv CCS),biomass (conv CCS) (once through),missing,missing,missing,missing,missing,missing,missing,MTC
0.0,0.0,0.0,0.0,0.0,0.00106405,0.0047193569999999995,0.007974849,0.009172973,nothing,nothing,Taiwan,elec_biomass (conv CCS),biomass (conv CCS),biomass (conv CCS) (recirculating),missing,missing,missing,missing,missing,missing,missing,MTC
0.0,0.0,0.0,0.0,0.0,0.00107902,0.004789822,0.008087903,0.009295879,nothing,nothing,Taiwan,elec_biomass (conv CCS),biomass (conv CCS),biomass (conv CCS) (seawater),missing,missing,missing,missing,missing,missing,missing,MTC
0.0,0.0,0.0,0.0,0.0,1.3253E-4,6.46096E-4,0.001232822,0.0016494090000000001,nothing,nothing,Taiwan,elec_coal (IGCC CCS),coal (IGCC CCS),coal (IGCC CCS) (dry cooling),missing,missing,missing,missing,missing,missing,missing,MTC
0.0,0.0,0.0,0.0,0.0,8.29938E-4,0.00361061,0.006419462,0.008361801,nothing,nothing,Taiwan,elec_coal (IGCC CCS),coal (IGCC CCS),coal (IGCC CCS) (once through),missing,missing,missing,missing,missing,missing,missing,MTC
0.0,0.0,0.0,0.0,0.0,0.00176058,0.00767594,0.0136713,0.017837069999999997,nothing,nothing,Taiwan,elec_coal (IGCC CCS),coal (IGCC CCS),coal (IGCC CCS) (recirculating),missing,missing,missing,missing,missing,missing,missing,MTC
0.0,0.0,0.0,0.0,0.0,0.00559408,0.02414401,0.042727909999999994,0.0555322,nothing,nothing,Taiwan,elec_coal (IGCC CCS),coal (IGCC CCS),coal (IGCC CCS) (seawater),missing,missing,missing,missing,missing,missing,missing,MTC
0.0,0.0,0.0,0.0,0.0,0.00154038,0.0061036300000000005,0.009908880000000002,0.01117307,nothing,nothing,Taiwan,elec_coal (conv pul CCS),coal (conv pul CCS),coal (conv pul CCS) (dry cooling),missing,missing,missing,missing,missing,missing,missing,MTC
0.0,0.0,0.0,0.0,0.0,0.00317962,0.01144321,0.01766476,0.01984181,nothing,nothing,Taiwan,elec_coal (conv pul CCS),coal (conv pul CCS),coal (conv pul CCS) (once through),missing,missing,missing,missing,missing,missing,missing,MTC
0.0,0.0,0.0,0.0,0.0,0.00314638,0.01134115,0.0175342,0.01973424,nothing,nothing,Taiwan,elec_coal (conv pul CCS),coal (conv pul CCS),coal (conv pul CCS) (recirculating),missing,missing,missing,missing,missing,missing,missing,MTC
0.0,0.0,0.0,0.0,0.0,0.00329097,0.011760620000000001,0.01808994,0.02029344,nothing,nothing,Taiwan,elec_coal (conv pul CCS),coal (conv pul CCS),coal (conv pul CCS) (seawater),missing,missing,missing,missing,missing,missing,missing,MTC
0.0,0.0,0.0,0.0,0.0,1.56569E-4,4.949405E-4,6.677849199999999E-4,7.523876699999999E-4,nothing,nothing,Taiwan,elec_gas (CC CCS),biogas (CC CCS),biogas (CC CCS) (dry cooling),missing,missing,missing,missing,missing,missing,missing,MTC
0.0,0.0,0.0,0.0,0.0,1.65404E-4,5.222919E-4,7.053164E-4,7.9265185E-4,nothing,nothing,Taiwan,elec_gas (CC CCS),biogas (CC CCS),biogas (CC CCS) (recirculating),missing,missing,missing,missing,missing,missing,missing,MTC
0.0,0.0,0.0,0.0,0.0,2.81811E-5,8.893252999999999E-5,1.1999956E-4,1.3476485E-4,nothing,nothing,Taiwan,elec_gas (CC CCS),biogas (CC CCS),biogas (CC CCS) (seawater),missing,missing,missing,missing,missing,missing,missing,MTC
0.0,0.0,0.0,0.0,0.0,2.43876E-4,8.759799999999999E-4,0.001563333,0.002147047,nothing,nothing,Taiwan,elec_gas (CC CCS),gas (CC CCS),gas (CC CCS) (dry cooling),missing,missing,missing,missing,missing,missing,missing,MTC
0.0,0.0,0.0,0.0,0.0,7.34967E-4,0.002588524,0.004564144,0.006239135,nothing,nothing,Taiwan,elec_gas (CC CCS),gas (CC CCS),gas (CC CCS) (once through),missing,missing,missing,missing,missing,missing,missing,MTC
0.0,0.0,0.0,0.0,0.0,0.00557352,0.01965496,0.03469132,0.04746552,nothing,nothing,Taiwan,elec_gas (CC CCS),gas (CC CCS),gas (CC CCS) (recirculating),missing,missing,missing,missing,missing,missing,missing,MTC
0.0,0.0,0.0,0.0,0.0,0.00542823,0.01910774,0.03367912,0.04602747,nothing,nothing,Taiwan,elec_gas (CC CCS),gas (CC CCS),gas (CC CCS) (seawater),missing,missing,missing,missing,missing,missing,missing,MTC
0.0,0.0,0.0,0.0,0.0,0.00228344,0.0037941420000000003,0.003705674,0.0029852950000000002,nothing,nothing,Taiwan,elec_refined liquids (CC CCS),refined liquids (CC CCS),refined liquids (CC CCS) (dry cooling),missing,missing,missing,missing,missing,missing,missing,MTC
0.0,0.0,0.0,0.0,0.0,0.00550149,0.009289242000000001,0.009233727,0.007542104,nothing,nothing,Taiwan,elec_refined liquids (CC CCS),refined liquids (CC CCS),refined liquids (CC CCS) (once through),missing,missing,missing,missing,missing,missing,missing,MTC
0.0,0.0,0.0,0.0,0.0,0.0425091,0.07181430000000001,0.07142546999999999,0.05835234,nothing,nothing,Taiwan,elec_refined liquids (CC CCS),refined liquids (CC CCS),refined liquids (CC CCS) (recirculating),missing,missing,missing,missing,missing,missing,missing,MTC
0.0,0.0,0.0,0.0,0.0,0.0406713,0.06868728,0.06828177,0.05576537,nothing,nothing,Taiwan,elec_refined liquids (CC CCS),refined liquids (CC CCS),refined liquids (CC CCS) (seawater),missing,missing,missing,missing,missing,missing,missing,MTC
3.01928,12.1567,17.5729,17.4261,17.2287,17.0508,16.4952,16.0224,15.6437,nothing,nothing,Taiwan,industrial feedstocks,refined liquids,refined liquids,missing,missing,missing,missing,missing,missing,missing,MTC
0.0,0.0,0.0,0.0,0.0,0.0473571,0.049767,0.0408469,0.0327206,nothing,nothing,Taiwan,lime,gas (CCS),lime (oxyflash CCS),missing,missing,missing,missing,missing,missing,missing,MTC
0.0,0.0,0.0,0.0,0.0,0.00103906,0.01990735,0.0474734,0.070069676,nothing,nothing,Taiwan,refining,coal to liquids,coal to liquids CCS level 1,missing,missing,missing,missing,missing,missing,missing,MTC
0.0,0.0,0.0,0.0,0.0,8.33471E-4,0.015945786,0.036307298,0.05065220100000001,nothing,nothing,Taiwan,refining,coal to liquids,coal to liquids CCS level 2,missing,missing,missing,missing,missing,missing,missing,MTC
0.0,0.0,0.0,0.0,0.0,0.0389615,0.0504073,0.0575726,0.0603412,nothing,nothing,Argentina,DAC,DAC,DAC_solvent (oxy CCS),missing,missing,missing,missing,missing,missing,missing,MTC
0.0,0.0,0.0,0.0,0.0,0.00763322,0.0144103,0.0237407,0.0379692,nothing,nothing,Argentina,DAC,DAC,DAC_sorbent (oxy CCS),missing,missing,missing,missing,missing,missing,missing,MTC
0.0,0.0,0.0,0.0,0.0,0.0657027,0.067744,0.0608186,0.0550636,nothing,nothing,Argentina,H2 central production,biomass,biomass to H2 CCS,missing,missing,missing,missing,missing,missing,missing,MTC
0.0,0.0,0.0,0.0,0.0,0.00208779,0.0155573,0.0300122,0.047757,nothing,nothing,Argentina,H2 central production,coal,coal chemical CCS,missing,missing,missing,missing,missing,missing,missing,MTC
0.0,0.0,0.0,0.0,0.0,0.00211144,0.00918557,0.0194317,0.0314867,nothing,nothing,Argentina,H2 central production,gas,natural gas steam reforming CCS,missing,missing,missing,missing,missing,missing,missing,MTC
0.0,0.0,0.0,0.0,0.0,0.0230001,0.060102600000000006,0.1101734,0.1715707,nothing,nothing,Argentina,N fertilizer,gas,gas CCS,missing,missing,missing,missing,missing,missing,missing,MTC
0.0,0.0,0.0,0.0,0.0,0.120806,0.225999,0.327255,0.47107999999999994,nothing,nothing,Argentina,biorefining,biomass liquids,FT biofuels CCS level 1,missing,missing,missing,missing,missing,missing,missing,MTC
0.0,0.0,0.0,0.0,0.0,0.142717,0.263853,0.37748899999999996,0.535039,nothing,nothing,Argentina,biorefining,biomass liquids,FT biofuels CCS level 2,missing,missing,missing,missing,missing,missing,missing,MTC
0.0,0.0,0.0,0.0,0.0,0.06786,0.1292434,0.1905851,0.281138,nothing,nothing,Argentina,biorefining,biomass liquids,cellulosic ethanol CCS level 1,missing,missing,missing,missing,missing,missing,missing,MTC
0.0,0.0,0.0,0.0,0.0,0.375024,0.682214,0.961103,1.336675,nothing,nothing,Argentina,biorefining,biomass liquids,cellulosic ethanol CCS level 2,missing,missing,missing,missing,missing,missing,missing,MTC
0.0,0.0,0.0,0.0,0.0,0.145775,0.475021,0.731271,0.950117,nothing,nothing,Argentina,cement,cement,cement CCS,missing,missing,missing,missing,missing,missing,missing,MTC
0.0,0.0,0.0,0.0,0.0,0.005841,0.006115401,0.007360156,0.008710768,nothing,nothing,Argentina,elec_biomass (IGCC CCS),biomass (IGCC CCS),biomass (IGCC CCS) (dry cooling),missing,missing,missing,missing,missing,missing,missing,MTC
0.0,0.0,0.0,0.0,0.0,0.0,2.5367E-5,4.176715E-4,0.0010524894,nothing,nothing,Argentina,elec_biomass (IGCC CCS),biomass (IGCC CCS),biomass (IGCC CCS) (once through),missing,missing,missing,missing,missing,missing,missing,MTC
0.0,0.0,0.0,0.0,0.0,0.116257,0.234145,0.3200555,0.38748170000000004,nothing,nothing,Argentina,elec_biomass (IGCC CCS),biomass (IGCC CCS),biomass (IGCC CCS) (recirculating),missing,missing,missing,missing,missing,missing,missing,MTC
0.0,0.0,0.0,0.0,0.0,0.00406021,0.01058155,0.01402146,0.01659038,nothing,nothing,Argentina,elec_biomass (IGCC CCS),biomass (IGCC CCS),biomass (IGCC CCS) (seawater),missing,missing,missing,missing,missing,missing,missing,MTC
0.0,0.0,0.0,0.0,0.0,6.85399E-4,0.004148832,0.011903032000000001,0.027706413,nothing,nothing,Argentina,elec_biomass (conv CCS),biomass (conv CCS),biomass (conv CCS) (dry cooling),missing,missing,missing,missing,missing,missing,missing,MTC
0.0,0.0,0.0,0.0,0.0,5.74652E-4,0.002830412,0.006890823000000001,0.01378594,nothing,nothing,Argentina,elec_biomass (conv CCS),biomass (conv CCS),biomass (conv CCS) (once through),missing,missing,missing,missing,missing,missing,missing,MTC
0.0,0.0,0.0,0.0,0.0,0.00100422,0.006413411999999999,0.018929834,0.045362651000000004,nothing,nothing,Argentina,elec_biomass (conv CCS),biomass (conv CCS),biomass (conv CCS) (recirculating),missing,missing,missing,missing,missing,missing,missing,MTC
0.0,0.0,0.0,0.0,0.0,0.00103589,0.006696278999999999,0.019938295,0.048227030000000004,nothing,nothing,Argentina,elec_biomass (conv CCS),biomass (conv CCS),biomass (conv CCS) (seawater),missing,missing,missing,missing,missing,missing,missing,MTC
0.0,0.0,0.0,0.0,0.0,1.61776E-5,9.80553E-5,2.551763E-4,5.1271E-4,nothing,nothing,Argentina,elec_coal (IGCC CCS),coal (IGCC CCS),coal (IGCC CCS) (dry cooling),missing,missing,missing,missing,missing,missing,missing,MTC
0.0,0.0,0.0,0.0,0.0,1.15262E-5,5.5883999999999996E-5,1.349035E-4,2.504655E-4,nothing,nothing,Argentina,elec_coal (IGCC CCS),coal (IGCC CCS),coal (IGCC CCS) (once through),missing,missing,missing,missing,missing,missing,missing,MTC
0.0,0.0,0.0,0.0,0.0,8.50027E-4,0.005304547,0.013123014,0.025714472,nothing,nothing,Argentina,elec_coal (IGCC CCS),coal (IGCC CCS),coal (IGCC CCS) (recirculating),missing,missing,missing,missing,missing,missing,missing,MTC
0.0,0.0,0.0,0.0,0.0,3.2541E-5,2.0466199999999999E-4,5.040588E-4,9.863199000000001E-4,nothing,nothing,Argentina,elec_coal (IGCC CCS),coal (IGCC CCS),coal (IGCC CCS) (seawater),missing,missing,missing,missing,missing,missing,missing,MTC
0.0,0.0,0.0,0.0,0.0,2.03877E-4,0.001132573,0.002632441,0.00486576,nothing,nothing,Argentina,elec_coal (conv pul CCS),coal (conv pul CCS),coal (conv pul CCS) (dry cooling),missing,missing,missing,missing,missing,missing,missing,MTC
0.0,0.0,0.0,0.0,0.0,8.5301E-5,3.827593E-4,8.309991E-4,0.0014279505,nothing,nothing,Argentina,elec_coal (conv pul CCS),coal (conv pul CCS),coal (conv pul CCS) (once through),missing,missing,missing,missing,missing,missing,missing,MTC
0.0,0.0,0.0,0.0,0.0,4.63584E-4,0.002630721,0.005861306,0.010588795000000002,nothing,nothing,Argentina,elec_coal (conv pul CCS),coal (conv pul CCS),coal (conv pul CCS) (recirculating),missing,missing,missing,missing,missing,missing,missing,MTC
0.0,0.0,0.0,0.0,0.0,5.17665E-4,0.002972058,0.006600454,0.011921236,nothing,nothing,Argentina,elec_coal (conv pul CCS),coal (conv pul CCS),coal (conv pul CCS) (seawater),missing,missing,missing,missing,missing,missing,missing,MTC
0.0,0.0,0.0,0.0,0.0,0.0020642,0.004314733,0.004787599,0.005499781,nothing,nothing,Argentina,elec_gas (CC CCS),biogas (CC CCS),biogas (CC CCS) (dry cooling),missing,missing,missing,missing,missing,missing,missing,MTC
0.0,0.0,0.0,0.0,0.0,0.00216877,0.004574064,0.0051317770000000006,0.0059374070000000004,nothing,nothing,Argentina,elec_gas (CC CCS),biogas (CC CCS),biogas (CC CCS) (recirculating),missing,missing,missing,missing,missing,missing,missing,MTC
0.0,0.0,0.0,0.0,0.0,3.72355E-4,7.864631E-4,8.834402E-4,0.0010230574,nothing,nothing,Argentina,elec_gas (CC CCS),biogas (CC CCS),biogas (CC CCS) (seawater),missing,missing,missing,missing,missing,missing,missing,MTC
0.0,0.0,0.0,0.0,0.0,0.00531232,0.01612376,0.028130719999999998,0.04138703,nothing,nothing,Argentina,elec_gas (CC CCS),gas (CC CCS),gas (CC CCS) (dry cooling),missing,missing,missing,missing,missing,missing,missing,MTC
0.0,0.0,0.0,0.0,0.0,0.0116334,0.034095,0.057692900000000005,0.0827358,nothing,nothing,Argentina,elec_gas (CC CCS),gas (CC CCS),gas (CC CCS) (once through),missing,missing,missing,missing,missing,missing,missing,MTC
0.0,0.0,0.0,0.0,0.0,0.198142,0.603294,1.056016,1.554852,nothing,nothing,Argentina,elec_gas (CC CCS),gas (CC CCS),gas (CC CCS) (recirculating),missing,missing,missing,missing,missing,missing,missing,MTC
0.0,0.0,0.0,0.0,0.0,0.00723116,0.02205115,0.03865552,0.05697141,nothing,nothing,Argentina,elec_gas (CC CCS),gas (CC CCS),gas (CC CCS) (seawater),missing,missing,missing,missing,missing,missing,missing,MTC
0.0,0.0,0.0,0.0,0.0,0.0113861,0.01804093,0.02021299,0.02143197,nothing,nothing,Argentina,elec_refined liquids (CC CCS),refined liquids (CC CCS),refined liquids (CC CCS) (dry cooling),missing,missing,missing,missing,missing,missing,missing,MTC
0.0,0.0,0.0,0.0,0.0,0.0186809,0.027365439999999998,0.027978709999999997,0.027826999999999998,nothing,nothing,Argentina,elec_refined liquids (CC CCS),refined liquids (CC CCS),refined liquids (CC CCS) (once through),missing,missing,missing,missing,missing,missing,missing,MTC
0.0,0.0,0.0,0.0,0.0,0.337136,0.5518558,0.642288,0.6972016,nothing,nothing,Argentina,elec_refined liquids (CC CCS),refined liquids (CC CCS),refined liquids (CC CCS) (recirculating),missing,missing,missing,missing,missing,missing,missing,MTC
0.0,0.0,0.0,0.0,0.0,0.0119754,0.01963929,0.022901980000000002,0.024888929999999997,nothing,nothing,Argentina,elec_refined liquids (CC CCS),refined liquids (CC CCS),refined liquids (CC CCS) (seawater),missing,missing,missing,missing,missing,missing,missing,MTC
1.33242,2.49993,2.79547,3.25535,3.71937,4.20027,4.81775,5.32979,5.79657,nothing,nothing,Argentina,industrial feedstocks,refined liquids,refined liquids,missing,missing,missing,missing,missing,missing,missing,MTC
0.0,0.0,0.0,0.0,0.0,0.0314721,0.0541216,0.0632211,0.071772,nothing,nothing,Argentina,lime,gas (CCS),lime (oxyflash CCS),missing,missing,missing,missing,missing,missing,missing,MTC
0.0,0.0,0.0,0.0,0.0,0.00420458,0.02204124,0.054738220000000004,0.09856738000000001,nothing,nothing,Argentina,refining,coal to liquids,coal to liquids CCS level 1,missing,missing,missing,missing,missing,missing,missing,MTC
0.0,0.0,0.0,0.0,0.0,0.00354723,0.019970460000000002,0.05120031,0.09456819999999999,nothing,nothing,Argentina,refining,coal to liquids,coal to liquids CCS level 2,missing,missing,missing,missing,missing,missing,missing,MTC
0.0,0.0,0.0,0.0,0.0,0.0310229,0.0344147,0.0377351,0.0396598,nothing,nothing,Colombia,DAC,DAC,DAC_solvent (oxy CCS),missing,missing,missing,missing,missing,missing,missing,MTC
0.0,0.0,0.0,0.0,0.0,0.00643971,0.011322,0.0185927,0.0302643,nothing,nothing,Colombia,DAC,DAC,DAC_sorbent (oxy CCS),missing,missing,missing,missing,missing,missing,missing,MTC
0.0,0.0,0.0,0.0,0.0,0.00858323,0.0105294,0.0106109,0.0103464,nothing,nothing,Colombia,H2 central production,biomass,biomass to H2 CCS,missing,missing,missing,missing,missing,missing,missing,MTC
0.0,0.0,0.0,0.0,0.0,2.80854E-4,0.00259741,0.00557113,0.00942571,nothing,nothing,Colombia,H2 central production,coal,coal chemical CCS,missing,missing,missing,missing,missing,missing,missing,MTC
0.0,0.0,0.0,0.0,0.0,2.63285E-4,0.00125009,0.00286632,0.0049116,nothing,nothing,Colombia,H2 central production,gas,natural gas steam reforming CCS,missing,missing,missing,missing,missing,missing,missing,MTC
0.0,0.0,0.0,0.0,0.0,0.00754803,0.01956636,0.03418356,0.05223434,nothing,nothing,Colombia,N fertilizer,gas,gas CCS,missing,missing,missing,missing,missing,missing,missing,MTC
0.0,0.0,0.0,0.0,0.0,0.0773127,0.1547289,0.2296648,0.30879080000000003,nothing,nothing,Colombia,biorefining,biomass liquids,FT biofuels CCS level 1,missing,missing,missing,missing,missing,missing,missing,MTC
0.0,0.0,0.0,0.0,0.0,0.0912267,0.1801399,0.26384029999999997,0.3499083,nothing,nothing,Colombia,biorefining,biomass liquids,FT biofuels CCS level 2,missing,missing,missing,missing,missing,missing,missing,MTC
0.0,0.0,0.0,0.0,0.0,0.043637,0.0890833,0.13484210000000002,0.1852291,nothing,nothing,Colombia,biorefining,biomass liquids,cellulosic ethanol CCS level 1,missing,missing,missing,missing,missing,missing,missing,MTC
0.0,0.0,0.0,0.0,0.0,0.241585,0.468569,0.6750970000000001,0.881089,nothing,nothing,Colombia,biorefining,biomass liquids,cellulosic ethanol CCS level 2,missing,missing,missing,missing,missing,missing,missing,MTC
0.0,0.0,0.0,0.0,0.0,0.192889,0.610638,0.929963,1.20476,nothing,nothing,Colombia,cement,cement,cement CCS,missing,missing,missing,missing,missing,missing,missing,MTC
0.0,0.0,0.0,0.0,0.0,0.00557381,0.005921471,0.007487211,0.009210804,nothing,nothing,Colombia,elec_biomass (IGCC CCS),biomass (IGCC CCS),biomass (IGCC CCS) (dry cooling),missing,missing,missing,missing,missing,missing,missing,MTC
0.0,0.0,0.0,0.0,0.0,0.00904045,0.015300999999999999,0.022349459999999998,0.02820288,nothing,nothing,Colombia,elec_biomass (IGCC CCS),biomass (IGCC CCS),biomass (IGCC CCS) (once through),missing,missing,missing,missing,missing,missing,missing,MTC
0.0,0.0,0.0,0.0,0.0,0.110939,0.212291,0.312411,0.3944682,nothing,nothing,Colombia,elec_biomass (IGCC CCS),biomass (IGCC CCS),biomass (IGCC CCS) (recirculating),missing,missing,missing,missing,missing,missing,missing,MTC
0.0,0.0,0.0,0.0,0.0,0.00387448,0.00846247,0.01226277,0.015284590000000002,nothing,nothing,Colombia,elec_biomass (IGCC CCS),biomass (IGCC CCS),biomass (IGCC CCS) (seawater),missing,missing,missing,missing,missing,missing,missing,MTC
0.0,0.0,0.0,0.0,0.0,6.82171E-4,0.003615305,0.012194834,0.029298914000000002,nothing,nothing,Colombia,elec_biomass (conv CCS),biomass (conv CCS),biomass (conv CCS) (dry cooling),missing,missing,missing,missing,missing,missing,missing,MTC
0.0,0.0,0.0,0.0,0.0,9.98528E-4,0.005492914,0.018768713,0.045451232,nothing,nothing,Colombia,elec_biomass (conv CCS),biomass (conv CCS),biomass (conv CCS) (once through),missing,missing,missing,missing,missing,missing,missing,MTC
0.0,0.0,0.0,0.0,0.0,0.00100961,0.005639633999999999,0.019614797,0.048470400999999996,nothing,nothing,Colombia,elec_biomass (conv CCS),biomass (conv CCS),biomass (conv CCS) (recirculating),missing,missing,missing,missing,missing,missing,missing,MTC
0.0,0.0,0.0,0.0,0.0,0.00102622,0.005759697,0.020098452,0.049821859999999996,nothing,nothing,Colombia,elec_biomass (conv CCS),biomass (conv CCS),biomass (conv CCS) (seawater),missing,missing,missing,missing,missing,missing,missing,MTC
0.0,0.0,0.0,0.0,0.0,7.68655E-5,4.284028E-4,0.0013920509,0.0030592947,nothing,nothing,Colombia,elec_coal (IGCC CCS),coal (IGCC CCS),coal (IGCC CCS) (dry cooling),missing,missing,missing,missing,missing,missing,missing,MTC
0.0,0.0,0.0,0.0,0.0,3.22043E-4,0.001805472,0.00533407,0.011045866,nothing,nothing,Colombia,elec_coal (IGCC CCS),coal (IGCC CCS),coal (IGCC CCS) (once through),missing,missing,missing,missing,missing,missing,missing,MTC
0.0,0.0,0.0,0.0,0.0,0.00408924,0.02378802,0.07187928,0.15216222000000001,nothing,nothing,Colombia,elec_coal (IGCC CCS),coal (IGCC CCS),coal (IGCC CCS) (recirculating),missing,missing,missing,missing,missing,missing,missing,MTC
0.0,0.0,0.0,0.0,0.0,1.52505E-4,8.913220000000001E-4,0.002675462,0.005644969,nothing,nothing,Colombia,elec_coal (IGCC CCS),coal (IGCC CCS),coal (IGCC CCS) (seawater),missing,missing,missing,missing,missing,missing,missing,MTC
0.0,0.0,0.0,0.0,0.0,8.33148E-4,0.004240506,0.012071278000000001,0.024245816,nothing,nothing,Colombia,elec_coal (conv pul CCS),coal (conv pul CCS),coal (conv pul CCS) (dry cooling),missing,missing,missing,missing,missing,missing,missing,MTC
0.0,0.0,0.0,0.0,0.0,0.00190072,0.00970907,0.02548235,0.04854679,nothing,nothing,Colombia,elec_coal (conv pul CCS),coal (conv pul CCS),coal (conv pul CCS) (once through),missing,missing,missing,missing,missing,missing,missing,MTC
0.0,0.0,0.0,0.0,0.0,0.0019678,0.01039995,0.02784766,0.05410907,nothing,nothing,Colombia,elec_coal (conv pul CCS),coal (conv pul CCS),coal (conv pul CCS) (recirculating),missing,missing,missing,missing,missing,missing,missing,MTC
0.0,0.0,0.0,0.0,0.0,0.0020895,0.01109431,0.02955074,0.05726688,nothing,nothing,Colombia,elec_coal (conv pul CCS),coal (conv pul CCS),coal (conv pul CCS) (seawater),missing,missing,missing,missing,missing,missing,missing,MTC
0.0,0.0,0.0,0.0,0.0,1.27194E-4,4.5774E-4,0.0011165654,0.002054749,nothing,nothing,Colombia,elec_gas (CC CCS),biogas (CC CCS),biogas (CC CCS) (dry cooling),missing,missing,missing,missing,missing,missing,missing,MTC
0.0,0.0,0.0,0.0,0.0,1.35597E-4,4.925507E-4,0.0012071753,0.0022326014,nothing,nothing,Colombia,elec_gas (CC CCS),biogas (CC CCS),biogas (CC CCS) (recirculating),missing,missing,missing,missing,missing,missing,missing,MTC
0.0,0.0,0.0,0.0,0.0,2.3125E-5,8.402146999999999E-5,2.0592606999999998E-4,3.8086515E-4,nothing,nothing,Colombia,elec_gas (CC CCS),biogas (CC CCS),biogas (CC CCS) (seawater),missing,missing,missing,missing,missing,missing,missing,MTC
0.0,0.0,0.0,0.0,0.0,2.82084E-4,0.0012051879999999998,0.003449322,0.007376828,nothing,nothing,Colombia,elec_gas (CC CCS),gas (CC CCS),gas (CC CCS) (dry cooling),missing,missing,missing,missing,missing,missing,missing,MTC
0.0,0.0,0.0,0.0,0.0,8.7311E-4,0.003695444,0.010512977,0.022305467000000002,nothing,nothing,Colombia,elec_gas (CC CCS),gas (CC CCS),gas (CC CCS) (once through),missing,missing,missing,missing,missing,missing,missing,MTC
0.0,0.0,0.0,0.0,0.0,0.0105476,0.0448732,0.1283722,0.273841,nothing,nothing,Colombia,elec_gas (CC CCS),gas (CC CCS),gas (CC CCS) (recirculating),missing,missing,missing,missing,missing,missing,missing,MTC
0.0,0.0,0.0,0.0,0.0,3.80503E-4,0.0016183589999999998,0.004630356,0.009876461999999999,nothing,nothing,Colombia,elec_gas (CC CCS),gas (CC CCS),gas (CC CCS) (seawater),missing,missing,missing,missing,missing,missing,missing,MTC
0.0,0.0,0.0,0.0,0.0,0.00750607,0.01060662,0.014736969999999999,0.017142423,nothing,nothing,Colombia,elec_refined liquids (CC CCS),refined liquids (CC CCS),refined liquids (CC CCS) (dry cooling),missing,missing,missing,missing,missing,missing,missing,MTC
0.0,0.0,0.0,0.0,0.0,0.0178045,0.02576815,0.03610398,0.042528880000000005,nothing,nothing,Colombia,elec_refined liquids (CC CCS),refined liquids (CC CCS),refined liquids (CC CCS) (once through),missing,missing,missing,missing,missing,missing,missing,MTC
0.0,0.0,0.0,0.0,0.0,0.219744,0.3208485,0.4536273,0.5400688,nothing,nothing,Colombia,elec_refined liquids (CC CCS),refined liquids (CC CCS),refined liquids (CC CCS) (recirculating),missing,missing,missing,missing,missing,missing,missing,MTC
0.0,0.0,0.0,0.0,0.0,0.00775884,0.01133107,0.01602141,0.0190787,nothing,nothing,Colombia,elec_refined liquids (CC CCS),refined liquids (CC CCS),refined liquids (CC CCS) (seawater),missing,missing,missing,missing,missing,missing,missing,MTC
0.257622,1.3234,0.489227,0.708452,0.975347,1.29874,1.6457,2.05235,2.52045,nothing,nothing,Colombia,industrial feedstocks,refined liquids,refined liquids,missing,missing,missing,missing,missing,missing,missing,MTC
0.0,0.0,0.0,0.0,0.0,0.0265631,0.040509,0.046289,0.0533921,nothing,nothing,Colombia,lime,gas (CCS),lime (oxyflash CCS),missing,missing,missing,missing,missing,missing,missing,MTC
0.0,0.0,0.0,0.0,0.0,0.00387322,0.01883788,0.05301183,0.10046963,nothing,nothing,Colombia,refining,coal to liquids,coal to liquids CCS level 1,missing,missing,missing,missing,missing,missing,missing,MTC
0.0,0.0,0.0,0.0,0.0,0.00321382,0.01683474,0.04901236,0.09515859,nothing,nothing,Colombia,refining,coal to liquids,coal to liquids CCS level 2,missing,missing,missing,missing,missing,missing,missing,MTC
0.0,0.0,0.0,0.068518,0.0883166,0.0342196,0.0406007,0.0426112,0.0480909,nothing,nothing,AL,DAC,DAC,DAC_solvent (oxy CCS),missing,missing,missing,missing,missing,missing,missing,MTC
0.0,0.0,0.0,0.00755509,0.0123741,0.0065354,0.0109168,0.0169658,0.0292282,nothing,nothing,AL,DAC,DAC,DAC_sorbent (oxy CCS),missing,missing,missing,missing,missing,missing,missing,MTC
1.08903,2.0334,1.06377,1.10649,1.16468,1.21462,1.26561,1.30892,1.35388,nothing,nothing,AL,industrial feedstocks,refined liquids,refined liquids,missing,missing,missing,missing,missing,missing,missing,MTC
0.0,0.0,0.0,0.00166035,0.00292668,0.0163539,0.0259299,0.0282166,0.0341914,nothing,nothing,AL,lime,gas (CCS),lime,missing,missing,missing,missing,missing,missing,missing,MTC
0.0,0.0,0.0,0.0017576,0.0016634,0.00209278,0.00228635,0.00232514,0.00242524,nothing,nothing,AK,DAC,DAC,DAC_solvent (oxy CCS),missing,missing,missing,missing,missing,missing,missing,MTC
0.0,0.0,0.0,5.64666E-4,6.79773E-4,0.00114154,0.00169024,0.00233822,0.0032996,nothing,nothing,AK,DAC,DAC,DAC_sorbent (oxy CCS),missing,missing,missing,missing,missing,missing,missing,MTC
0.067673,0.0538275,0.797666,0.799835,0.829037,0.862813,0.897338,0.928917,0.960107,nothing,nothing,AK,industrial feedstocks,refined liquids,refined liquids,missing,missing,missing,missing,missing,missing,missing,MTC
0.0,0.0,0.0,7.68723E-5,1.24952E-4,7.78913E-4,0.00117757,0.00124927,0.00138216,nothing,nothing,AK,lime,gas (CCS),lime,missing,missing,missing,missing,missing,missing,missing,MTC
0.0,0.0,0.0,0.0773855,0.118034,0.0289414,0.0581825,0.0618011,0.071152,nothing,nothing,AZ,DAC,DAC,DAC_solvent (oxy CCS),missing,missing,missing,missing,missing,missing,missing,MTC
0.0,0.0,0.0,0.00767131,0.0146583,0.00487573,0.0137154,0.0214644,0.0383116,nothing,nothing,AZ,DAC,DAC,DAC_sorbent (oxy CCS),missing,missing,missing,missing,missing,missing,missing,MTC
0.596406,1.34592,1.26068,1.38199,1.48712,1.5735,1.65686,1.73244,1.80805,nothing,nothing,AZ,industrial feedstocks,refined liquids,refined liquids,missing,missing,missing,missing,missing,missing,missing,MTC
0.0,0.0,0.0,4.36084E-4,7.48998E-4,0.00486958,0.00787664,0.00882969,0.0109643,nothing,nothing,AZ,lime,gas (CCS),lime,missing,missing,missing,missing,missing,missing,missing,MTC
0.0,0.0,0.0,0.0584582,0.0838174,0.0242164,0.0442739,0.0453622,0.0515365,nothing,nothing,AR,DAC,DAC,DAC_solvent (oxy CCS),missing,missing,missing,missing,missing,missing,missing,MTC
0.0,0.0,0.0,0.00641473,0.0116841,0.00460112,0.0118444,0.0179765,0.0311941,nothing,nothing,AR,DAC,DAC,DAC_sorbent (oxy CCS),missing,missing,missing,missing,missing,missing,missing,MTC
0.124864,0.137872,0.513332,0.530243,0.555347,0.578332,0.600058,0.619043,0.638155,nothing,nothing,AR,industrial feedstocks,refined liquids,refined liquids,missing,missing,missing,missing,missing,missing,missing,MTC
0.0,0.0,0.0,3.33855E-4,5.78428E-4,0.00294306,0.0045568,0.00477421,0.00564017,nothing,nothing,AR,lime,gas (CCS),lime,missing,missing,missing,missing,missing,missing,missing,MTC
0.0,0.0,0.0,0.164245,0.18932,0.0954291,0.111492,0.118522,0.134142,nothing,nothing,CA,DAC,DAC,DAC_solvent (oxy CCS),missing,missing,missing,missing,missing,missing,missing,MTC
0.0,0.0,0.0,0.0244818,0.0373199,0.026765,0.0456285,0.0736349,0.131831,nothing,nothing,CA,DAC,DAC,DAC_sorbent (oxy CCS),missing,missing,missing,missing,missing,missing,missing,MTC
3.74519,3.80907,4.22884,4.45985,4.73097,4.99052,5.24758,5.48681,5.72648,nothing,nothing,CA,industrial feedstocks,refined liquids,refined liquids,missing,missing,missing,missing,missing,missing,missing,MTC
0.0,0.0,0.0,0.0027794,0.0049144,0.0325423,0.0541314,0.0627337,0.079785,nothing,nothing,CA,lime,gas (CCS),lime,missing,missing,missing,missing,missing,missing,missing,MTC
0.0,0.0,0.0,0.0931526,0.142716,0.034913,0.0688317,0.0729539,0.0841387,nothing,nothing,CO,DAC,DAC,DAC_solvent (oxy CCS),missing,missing,missing,missing,missing,missing,missing,MTC
0.0,0.0,0.0,0.00923432,0.0177235,0.00588175,0.0162258,0.0253379,0.0453042,nothing,nothing,CO,DAC,DAC,DAC_sorbent (oxy CCS),missing,missing,missing,missing,missing,missing,missing,MTC
0.820805,0.767322,1.17491,1.26861,1.35832,1.4336,1.50706,1.57394,1.641,nothing,nothing,CO,industrial feedstocks,refined liquids,refined liquids,missing,missing,missing,missing,missing,missing,missing,MTC
0.0,0.0,0.0,8.52582E-5,1.30591E-4,7.28331E-4,0.00105305,0.00104731,0.00118334,nothing,nothing,CO,lime,gas (CCS),lime,missing,missing,missing,missing,missing,missing,missing,MTC
0.0,0.0,0.0,0.00709049,0.00705091,0.00536644,0.00596657,0.00594905,0.00637077,nothing,nothing,CT,DAC,DAC,DAC_solvent (oxy CCS),missing,missing,missing,missing,missing,missing,missing,MTC
0.0,0.0,0.0,0.0014839,0.00196589,0.00213959,0.00344845,0.00513551,0.00837282,nothing,nothing,CT,DAC,DAC,DAC_sorbent (oxy CCS),missing,missing,missing,missing,missing,missing,missing,MTC
0.399542,0.604395,0.472978,0.487179,0.514764,0.544159,0.574526,0.602442,0.630755,nothing,nothing,CT,industrial feedstocks,refined liquids,refined liquids,missing,missing,missing,missing,missing,missing,missing,MTC
0.0,0.0,0.0,9.25322E-7,1.5897E-6,1.14362E-5,1.89713E-5,2.17444E-5,2.71338E-5,nothing,nothing,CT,lime,gas (CCS),lime,missing,missing,missing,missing,missing,missing,missing,MTC
0.0,0.0,0.0,0.00530375,0.0060233,0.00322312,0.00378547,0.00399323,0.00450227,nothing,nothing,DE,DAC,DAC,DAC_solvent (oxy CCS),missing,missing,missing,missing,missing,missing,missing,MTC
0.0,0.0,0.0,7.3087E-4,0.00108527,8.12577E-4,0.00137461,0.00218575,0.00383127,nothing,nothing,DE,DAC,DAC,DAC_sorbent (oxy CCS),missing,missing,missing,missing,missing,missing,missing,MTC
0.135193,0.190649,0.236306,0.246531,0.259949,0.272669,0.284926,0.29597,0.306904,nothing,nothing,DE,industrial feedstocks,refined liquids,refined liquids,missing,missing,missing,missing,missing,missing,missing,MTC
0.0,0.0,0.0,6.85898E-6,1.26845E-5,9.20424E-5,1.61567E-4,1.96839E-4,2.60057E-4,nothing,nothing,DE,lime,gas (CCS),lime,missing,missing,missing,missing,missing,missing,missing,MTC
0.00763224,0.0052038,0.283008,0.299282,0.317311,0.335439,0.353016,0.368613,0.385164,nothing,nothing,DC,industrial feedstocks,refined liquids,refined liquids,missing,missing,missing,missing,missing,missing,missing,MTC
0.0,0.0,0.0,0.160243,0.204219,0.0872627,0.102795,0.106865,0.11933,nothing,nothing,FL,DAC,DAC,DAC_solvent (oxy CCS),missing,missing,missing,missing,missing,missing,missing,MTC
0.0,0.0,0.0,0.015268,0.0247601,0.0142194,0.0232463,0.0354064,0.0601185,nothing,nothing,FL,DAC,DAC,DAC_sorbent (oxy CCS),missing,missing,missing,missing,missing,missing,missing,MTC
1.71452,1.71515,1.96646,2.12398,2.25559,2.36556,2.47176,2.56583,2.66143,nothing,nothing,FL,industrial feedstocks,refined liquids,refined liquids,missing,missing,missing,missing,missing,missing,missing,MTC
0.0,0.0,0.0,0.0058743,0.0108732,0.0737941,0.121632,0.137342,0.170645,nothing,nothing,FL,lime,gas (CCS),lime,missing,missing,missing,missing,missing,missing,missing,MTC
0.0,0.0,0.0,0.0740949,0.0945893,0.0380011,0.0449656,0.0471662,0.0532941,nothing,nothing,GA,DAC,DAC,DAC_solvent (oxy CCS),missing,missing,missing,missing,missing,missing,missing,MTC
0.0,0.0,0.0,0.00817002,0.0132529,0.00725761,0.0120904,0.0187793,0.0323906,nothing,nothing,GA,DAC,DAC,DAC_sorbent (oxy CCS),missing,missing,missing,missing,missing,missing,missing,MTC
1.61241,1.8633,0.823879,0.872917,0.920059,0.960304,0.998137,1.03104,1.06386,nothing,nothing,GA,industrial feedstocks,refined liquids,refined liquids,missing,missing,missing,missing,missing,missing,missing,MTC
0.0,0.0,0.0,2.43221E-4,4.34391E-4,0.00254007,0.00407755,0.0045009,0.00551062,nothing,nothing,GA,lime,gas (CCS),lime,missing,missing,missing,missing,missing,missing,missing,MTC
0.0960792,0.0576769,0.293022,0.301489,0.313893,0.328907,0.344089,0.358979,0.374739,nothing,nothing,HI,industrial feedstocks,refined liquids,refined liquids,missing,missing,missing,missing,missing,missing,missing,MTC
0.0,0.0,0.0,0.0194504,0.0271903,0.00817819,0.017709,0.0188226,0.0223263,nothing,nothing,ID,DAC,DAC,DAC_solvent (oxy CCS),missing,missing,missing,missing,missing,missing,missing,MTC
0.0,0.0,0.0,0.00226571,0.00402143,0.00166199,0.00508041,0.00798029,0.0143976,nothing,nothing,ID,DAC,DAC,DAC_sorbent (oxy CCS),missing,missing,missing,missing,missing,missing,missing,MTC
0.322906,0.499451,0.689982,0.757676,0.811382,0.851416,0.889713,0.924021,0.959962,nothing,nothing,ID,industrial feedstocks,refined liquids,refined liquids,missing,missing,missing,missing,missing,missing,missing,MTC
0.0,0.0,0.0,5.72919E-6,9.36959E-6,5.55418E-5,8.6599E-5,9.37587E-5,1.1347E-4,nothing,nothing,ID,lime,gas (CCS),lime,missing,missing,missing,missing,missing,missing,missing,MTC
0.0,0.0,0.0,0.104432,0.122329,0.0586968,0.0668276,0.067581,0.0756583,nothing,nothing,IL,DAC,DAC,DAC_solvent (oxy CCS),missing,missing,missing,missing,missing,missing,missing,MTC
0.0,0.0,0.0,0.0143735,0.0221613,0.0150003,0.0248406,0.0384296,0.0667177,nothing,nothing,IL,DAC,DAC,DAC_sorbent (oxy CCS),missing,missing,missing,missing,missing,missing,missing,MTC
2.10142,2.80732,2.21048,2.27615,2.39164,2.51346,2.63403,2.74031,2.85377,nothing,nothing,IL,industrial feedstocks,refined liquids,refined liquids,missing,missing,missing,missing,missing,missing,missing,MTC
0.0,0.0,0.0,0.00101788,0.00170843,0.010065,0.0155898,0.0166803,0.0199621,nothing,nothing,IL,lime,gas (CCS),lime,missing,missing,missing,missing,missing,missing,missing,MTC
0.0,0.0,0.0,0.139032,0.198103,0.056863,0.110653,0.113287,0.128442,nothing,nothing,IN,DAC,DAC,DAC_solvent (oxy CCS),missing,missing,missing,missing,missing,missing,missing,MTC
0.0,0.0,0.0,0.0161364,0.0293427,0.011616,0.032182,0.049663,0.0873221,nothing,nothing,IN,DAC,DAC,DAC_sorbent (oxy CCS),missing,missing,missing,missing,missing,missing,missing,MTC
2.15508,1.88267,1.45201,1.51674,1.59889,1.67447,1.75147,1.81672,1.88392,nothing,nothing,IN,industrial feedstocks,refined liquids,refined liquids,missing,missing,missing,missing,missing,missing,missing,MTC
0.0,0.0,0.0,0.00140091,0.0023267,0.0139246,0.0214852,0.0228912,0.0273063,nothing,nothing,IN,lime,gas (CCS),lime,missing,missing,missing,missing,missing,missing,missing,MTC
0.0,0.0,0.0,0.0803207,0.115449,0.0330774,0.0650166,0.0699273,0.0822681,nothing,nothing,IA,DAC,DAC,DAC_solvent (oxy CCS),missing,missing,missing,missing,missing,missing,missing,MTC
0.0,0.0,0.0,0.00889464,0.0161303,0.00635267,0.0173841,0.0272357,0.0489289,nothing,nothing,IA,DAC,DAC,DAC_sorbent (oxy CCS),missing,missing,missing,missing,missing,missing,missing,MTC
0.387237,0.927102,0.588536,0.610842,0.64033,0.667798,0.696522,0.721161,0.745203,nothing,nothing,IA,industrial feedstocks,refined liquids,refined liquids,missing,missing,missing,missing,missing,missing,missing,MTC
0.0,0.0,0.0,3.02411E-4,4.9454E-4,0.00272155,0.00407265,0.0041757,0.00483033,nothing,nothing,IA,lime,gas (CCS),lime,missing,missing,missing,missing,missing,missing,missing,MTC
0.0,0.0,0.0,0.0764222,0.118556,0.0299045,0.0567302,0.0591001,0.0674403,nothing,nothing,KS,DAC,DAC,DAC_solvent (oxy CCS),missing,missing,missing,missing,missing,missing,missing,MTC
0.0,0.0,0.0,0.00772802,0.0149013,0.00507494,0.0134623,0.0208018,0.0368473,nothing,nothing,KS,DAC,DAC,DAC_sorbent (oxy CCS),missing,missing,missing,missing,missing,missing,missing,MTC
0.976468,0.667145,0.628941,0.648815,0.681047,0.713783,0.745815,0.774657,0.803157,nothing,nothing,KS,industrial feedstocks,refined liquids,refined liquids,missing,missing,missing,missing,missing,missing,missing,MTC
0.0,0.0,0.0,1.48436E-4,2.45783E-4,0.00118673,0.00176409,0.00176656,0.00201444,nothing,nothing,KS,lime,gas (CCS),lime,missing,missing,missing,missing,missing,missing,missing,MTC
0.0,0.0,0.0,0.0866327,0.123777,0.0354676,0.068104,0.0695559,0.0786616,nothing,nothing,KY,DAC,DAC,DAC_solvent (oxy CCS),missing,missing,missing,missing,missing,missing,missing,MTC
0.0,0.0,0.0,0.0100548,0.0183337,0.00724533,0.0198072,0.0304922,0.0534785,nothing,nothing,KY,DAC,DAC,DAC_sorbent (oxy CCS),missing,missing,missing,missing,missing,missing,missing,MTC
0.764031,1.12514,1.05801,1.09833,1.1564,1.20658,1.2567,1.29875,1.34237,nothing,nothing,KY,industrial feedstocks,refined liquids,refined liquids,missing,missing,missing,missing,missing,missing,missing,MTC
0.0,0.0,0.0,0.00133599,0.00214368,0.0118514,0.0175279,0.0177988,0.0203466,nothing,nothing,KY,lime,gas (CCS),lime,missing,missing,missing,missing,missing,missing,missing,MTC
0.0,0.0,0.0,0.121597,0.156586,0.061141,0.0723863,0.0759542,0.0859184,nothing,nothing,LA,DAC,DAC,DAC_solvent (oxy CCS),missing,missing,missing,missing,missing,missing,missing,MTC
0.0,0.0,0.0,0.0134078,0.0219393,0.011677,0.0194633,0.0302414,0.0522187,nothing,nothing,LA,DAC,DAC,DAC_sorbent (oxy CCS),missing,missing,missing,missing,missing,missing,missing,MTC
14.0534,27.0174,19.5537,20.1156,20.9834,22.0096,23.0349,23.9472,24.9961,nothing,nothing,LA,industrial feedstocks,refined liquids,refined liquids,missing,missing,missing,missing,missing,missing,missing,MTC
0.0,0.0,0.0,2.05367E-4,3.93421E-4,0.00215383,0.00365008,0.00419428,0.00534109,nothing,nothing,LA,lime,gas (CCS),lime,missing,missing,missing,missing,missing,missing,missing,MTC
0.0,0.0,0.0,0.00295882,0.0029701,0.00217124,0.00246487,0.00254874,0.00285449,nothing,nothing,ME,DAC,DAC,DAC_solvent (oxy CCS),missing,missing,missing,missing,missing,missing,missing,MTC
0.0,0.0,0.0,6.19224E-4,8.28107E-4,8.6567E-4,0.0014246,0.0022002,0.00375153,nothing,nothing,ME,DAC,DAC,DAC_sorbent (oxy CCS),missing,missing,missing,missing,missing,missing,missing,MTC
0.162611,0.110454,0.360051,0.373259,0.390357,0.405429,0.420545,0.43383,0.446929,nothing,nothing,ME,industrial feedstocks,refined liquids,refined liquids,missing,missing,missing,missing,missing,missing,missing,MTC
0.0,0.0,0.0,1.95786E-5,3.23569E-5,2.21007E-4,3.55929E-4,3.97716E-4,4.89076E-4,nothing,nothing,ME,lime,gas (CCS),lime,missing,missing,missing,missing,missing,missing,missing,MTC
0.0,0.0,0.0,0.0249988,0.0282838,0.0153392,0.0178966,0.0187363,0.0209778,nothing,nothing,MD,DAC,DAC,DAC_solvent (oxy CCS),missing,missing,missing,missing,missing,missing,missing,MTC
0.0,0.0,0.0,0.00344489,0.00509613,0.00386715,0.00649877,0.0102556,0.0178514,nothing,nothing,MD,DAC,DAC,DAC_sorbent (oxy CCS),missing,missing,missing,missing,missing,missing,missing,MTC
1.26204,0.864266,1.11259,1.15577,1.21424,1.27609,1.33729,1.38935,1.44417,nothing,nothing,MD,industrial feedstocks,refined liquids,refined liquids,missing,missing,missing,missing,missing,missing,missing,MTC
0.0,0.0,0.0,9.071E-4,0.00157704,0.0106848,0.017654,0.0202017,0.0253421,nothing,nothing,MD,lime,gas (CCS),lime,missing,missing,missing,missing,missing,missing,missing,MTC
0.0,0.0,0.0,0.01222,0.0122176,0.00909101,0.0101573,0.0101445,0.0108611,nothing,nothing,MA,DAC,DAC,DAC_solvent (oxy CCS),missing,missing,missing,missing,missing,missing,missing,MTC
0.0,0.0,0.0,0.00255742,0.00340644,0.00362457,0.00587055,0.0087572,0.0142743,nothing,nothing,MA,DAC,DAC,DAC_sorbent (oxy CCS),missing,missing,missing,missing,missing,missing,missing,MTC
0.337338,0.381869,0.998136,1.05546,1.12495,1.19129,1.25969,1.32332,1.38754,nothing,nothing,MA,industrial feedstocks,refined liquids,refined liquids,missing,missing,missing,missing,missing,missing,missing,MTC
0.0,0.0,0.0,4.38847E-5,7.55528E-5,5.29974E-4,8.77373E-4,0.00100631,0.00125994,nothing,nothing,MA,lime,gas (CCS),lime,missing,missing,missing,missing,missing,missing,missing,MTC
0.0,0.0,0.0,0.112421,0.159812,0.0689147,0.0904464,0.0927912,0.105442,nothing,nothing,MI,DAC,DAC,DAC_solvent (oxy CCS),missing,missing,missing,missing,missing,missing,missing,MTC
0.0,0.0,0.0,0.0130479,0.023671,0.0140779,0.0263052,0.0406782,0.0716853,nothing,nothing,MI,DAC,DAC,DAC_sorbent (oxy CCS),missing,missing,missing,missing,missing,missing,missing,MTC
0.995417,1.75853,1.64997,1.72364,1.81762,1.90483,1.99156,2.0668,2.14419,nothing,nothing,MI,industrial feedstocks,refined liquids,refined liquids,missing,missing,missing,missing,missing,missing,missing,MTC
0.0,0.0,0.0,3.48318E-4,5.54613E-4,0.00337143,0.00504813,0.00521543,0.00604632,nothing,nothing,MI,lime,gas (CCS),lime,missing,missing,missing,missing,missing,missing,missing,MTC
0.0,0.0,0.0,0.0749335,0.107801,0.0308557,0.060495,0.0650959,0.0765543,nothing,nothing,MN,DAC,DAC,DAC_solvent (oxy CCS),missing,missing,missing,missing,missing,missing,missing,MTC
0.0,0.0,0.0,0.00829806,0.0150618,0.00592599,0.0161752,0.025354,0.0455307,nothing,nothing,MN,DAC,DAC,DAC_sorbent (oxy CCS),missing,missing,missing,missing,missing,missing,missing,MTC
1.52195,2.15623,2.06183,2.17227,2.29233,2.40154,2.51123,2.61071,2.70855,nothing,nothing,MN,industrial feedstocks,refined liquids,refined liquids,missing,missing,missing,missing,missing,missing,missing,MTC
0.0,0.0,0.0,4.73792E-6,7.63763E-6,4.48264E-5,6.62826E-5,6.74648E-5,7.72131E-5,nothing,nothing,MN,lime,gas (CCS),lime,missing,missing,missing,missing,missing,missing,missing,MTC
0.0,0.0,0.0,0.0423477,0.0549174,0.0208721,0.0247732,0.0260027,0.0293733,nothing,nothing,MS,DAC,DAC,DAC_solvent (oxy CCS),missing,missing,missing,missing,missing,missing,missing,MTC
0.0,0.0,0.0,0.00466944,0.00769449,0.00398624,0.00666105,0.010353,0.0178522,nothing,nothing,MS,DAC,DAC,DAC_sorbent (oxy CCS),missing,missing,missing,missing,missing,missing,missing,MTC
0.632371,0.966194,0.691074,0.707208,0.739739,0.769419,0.79887,0.824049,0.849363,nothing,nothing,MS,industrial feedstocks,refined liquids,refined liquids,missing,missing,missing,missing,missing,missing,missing,MTC
0.0,0.0,0.0,1.53931E-4,2.8352E-4,0.00158819,0.00261272,0.0029458,0.00367916,nothing,nothing,MS,lime,gas (CCS),lime,missing,missing,missing,missing,missing,missing,missing,MTC
0.0,0.0,0.0,0.0779173,0.103333,0.0482797,0.0616073,0.0620559,0.070666,nothing,nothing,MO,DAC,DAC,DAC_solvent (oxy CCS),missing,missing,missing,missing,missing,missing,missing,MTC
0.0,0.0,0.0,0.0107242,0.0187201,0.0123382,0.0229002,0.0352878,0.0623154,nothing,nothing,MO,DAC,DAC,DAC_sorbent (oxy CCS),missing,missing,missing,missing,missing,missing,missing,MTC
1.12586,1.66526,0.891239,0.930665,0.978581,1.02587,1.07174,1.11207,1.15516,nothing,nothing,MO,industrial feedstocks,refined liquids,refined liquids,missing,missing,missing,missing,missing,missing,missing,MTC
0.0,0.0,0.0,5.94161E-4,9.58515E-4,0.00477461,0.00697582,0.00693371,0.00781895,nothing,nothing,MO,lime,gas (CCS),lime,missing,missing,missing,missing,missing,missing,missing,MTC
0.0,0.0,0.0,0.0273787,0.0387793,0.011432,0.0231305,0.0243806,0.0286006,nothing,nothing,MT,DAC,DAC,DAC_solvent (oxy CCS),missing,missing,missing,missing,missing,missing,missing,MTC
0.0,0.0,0.0,0.00318925,0.00573542,0.00232322,0.00663575,0.0103367,0.0184437,nothing,nothing,MT,DAC,DAC,DAC_sorbent (oxy CCS),missing,missing,missing,missing,missing,missing,missing,MTC
0.374781,0.211727,0.692146,0.723236,0.760304,0.792613,0.824159,0.850407,0.878385,nothing,nothing,MT,industrial feedstocks,refined liquids,refined liquids,missing,missing,missing,missing,missing,missing,missing,MTC
0.0,0.0,0.0,1.79568E-4,3.12414E-4,0.00184406,0.00306018,0.00352062,0.00447408,nothing,nothing,MT,lime,gas (CCS),lime,missing,missing,missing,missing,missing,missing,missing,MTC
0.0,0.0,0.0,0.0566485,0.0819646,0.023534,0.0441299,0.0462521,0.0528468,nothing,nothing,NE,DAC,DAC,DAC_solvent (oxy CCS),missing,missing,missing,missing,missing,missing,missing,MTC
0.0,0.0,0.0,0.0062732,0.0114519,0.0045198,0.0117995,0.0180146,0.0314306,nothing,nothing,NE,DAC,DAC,DAC_sorbent (oxy CCS),missing,missing,missing,missing,missing,missing,missing,MTC
0.34987,0.35279,0.427069,0.446005,0.469461,0.491618,0.514632,0.534571,0.554291,nothing,nothing,NE,industrial feedstocks,refined liquids,refined liquids,missing,missing,missing,missing,missing,missing,missing,MTC
0.0,0.0,0.0,1.00059E-5,1.58272E-5,7.56664E-5,1.08349E-4,1.04843E-4,1.16119E-4,nothing,nothing,NE,lime,gas (CCS),lime,missing,missing,missing,missing,missing,missing,missing,MTC
0.0,0.0,0.0,0.0247577,0.034657,0.0103937,0.022387,0.023807,0.0281723,nothing,nothing,NV,DAC,DAC,DAC_solvent (oxy CCS),missing,missing,missing,missing,missing,missing,missing,MTC
0.0,0.0,0.0,0.00288393,0.00512574,0.00211223,0.00642245,0.0100936,0.0181675,nothing,nothing,NV,DAC,DAC,DAC_sorbent (oxy CCS),missing,missing,missing,missing,missing,missing,missing,MTC
0.273006,0.628752,0.650537,0.713697,0.769073,0.814014,0.857453,0.897531,0.939574,nothing,nothing,NV,industrial feedstocks,refined liquids,refined liquids,missing,missing,missing,missing,missing,missing,missing,MTC
0.0,0.0,0.0,4.0311E-4,6.81399E-4,0.00430742,0.00687678,0.00761373,0.00935337,nothing,nothing,NV,lime,gas (CCS),lime,missing,missing,missing,missing,missing,missing,missing,MTC
0.0,0.0,0.0,0.00265991,0.00265491,0.00199223,0.00223459,0.0022616,0.00245947,nothing,nothing,NH,DAC,DAC,DAC_solvent (oxy CCS),missing,missing,missing,missing,missing,missing,missing,MTC
0.0,0.0,0.0,5.56669E-4,7.40227E-4,7.94298E-4,0.00129151,0.00195233,0.00323237,nothing,nothing,NH,DAC,DAC,DAC_sorbent (oxy CCS),missing,missing,missing,missing,missing,missing,missing,MTC
0.30202,0.302898,0.28619,0.299394,0.315355,0.3299,0.344721,0.357839,0.370828,nothing,nothing,NH,industrial feedstocks,refined liquids,refined liquids,missing,missing,missing,missing,missing,missing,missing,MTC
0.0,0.0,0.0,1.12929E-6,1.9326E-6,1.35444E-5,2.2387E-5,2.5619E-5,3.20316E-5,nothing,nothing,NH,lime,gas (CCS),lime,missing,missing,missing,missing,missing,missing,missing,MTC
0.0,0.0,0.0,0.0429208,0.0486156,0.0261056,0.030033,0.0306356,0.0334055,nothing,nothing,NJ,DAC,DAC,DAC_solvent (oxy CCS),missing,missing,missing,missing,missing,missing,missing,MTC
0.0,0.0,0.0,0.00591459,0.00875949,0.00658146,0.0109058,0.0167688,0.0284269,nothing,nothing,NJ,DAC,DAC,DAC_sorbent (oxy CCS),missing,missing,missing,missing,missing,missing,missing,MTC
0.903591,1.48436,1.39807,1.45759,1.5405,1.62905,1.71502,1.79477,1.87697,nothing,nothing,NJ,industrial feedstocks,refined liquids,refined liquids,missing,missing,missing,missing,missing,missing,missing,MTC
0.0,0.0,0.0,4.82243E-5,8.76192E-5,6.35945E-4,0.00110199,0.00132533,0.00173388,nothing,nothing,NJ,lime,gas (CCS),lime,missing,missing,missing,missing,missing,missing,missing,MTC
0.0,0.0,0.0,0.0553891,0.0842397,0.0206573,0.0423981,0.0454525,0.0528802,nothing,nothing,NM,DAC,DAC,DAC_solvent (oxy CCS),missing,missing,missing,missing,missing,missing,missing,MTC
0.0,0.0,0.0,0.00549078,0.0104615,0.00348012,0.00999454,0.0157863,0.0284732,nothing,nothing,NM,DAC,DAC,DAC_sorbent (oxy CCS),missing,missing,missing,missing,missing,missing,missing,MTC
0.365554,0.522232,0.536396,0.554756,0.585116,0.614586,0.643083,0.668342,0.693697,nothing,nothing,NM,industrial feedstocks,refined liquids,refined liquids,missing,missing,missing,missing,missing,missing,missing,MTC
0.0,0.0,0.0,1.30801E-4,2.06046E-4,0.00116601,0.00173187,0.00176061,0.00202713,nothing,nothing,NM,lime,gas (CCS),lime,missing,missing,missing,missing,missing,missing,missing,MTC
0.0,0.0,0.0,0.0565313,0.0598013,0.0363147,0.0415417,0.0437082,0.0501912,nothing,nothing,NY,DAC,DAC,DAC_solvent (oxy CCS),missing,missing,missing,missing,missing,missing,missing,MTC
0.0,0.0,0.0,0.00934155,0.0132281,0.0115498,0.0193646,0.0307864,0.0545407,nothing,nothing,NY,DAC,DAC,DAC_sorbent (oxy CCS),missing,missing,missing,missing,missing,missing,missing,MTC
1.39207,1.99361,2.66972,2.75369,2.89478,3.05012,3.20298,3.34456,3.49255,nothing,nothing,NY,industrial feedstocks,refined liquids,refined liquids,missing,missing,missing,missing,missing,missing,missing,MTC
0.0,0.0,0.0,7.63691E-4,0.00126932,0.00855455,0.0136865,0.0151597,0.0184838,nothing,nothing,NY,lime,gas (CCS),lime,missing,missing,missing,missing,missing,missing,missing,MTC
0.0,0.0,0.0,0.0693486,0.087675,0.0359793,0.0433526,0.0464442,0.0533313,nothing,nothing,NC,DAC,DAC,DAC_solvent (oxy CCS),missing,missing,missing,missing,missing,missing,missing,MTC
0.0,0.0,0.0,0.00764668,0.0122842,0.00687148,0.0116567,0.0184919,0.0324132,nothing,nothing,NC,DAC,DAC,DAC_sorbent (oxy CCS),missing,missing,missing,missing,missing,missing,missing,MTC
1.06028,1.6552,1.61607,1.71756,1.80891,1.88472,1.95562,2.01529,2.07554,nothing,nothing,NC,industrial feedstocks,refined liquids,refined liquids,missing,missing,missing,missing,missing,missing,missing,MTC
0.0,0.0,0.0,3.42361E-4,6.58657E-4,0.00435156,0.00777106,0.00965861,0.0130822,nothing,nothing,NC,lime,gas (CCS),lime,missing,missing,missing,missing,missing,missing,missing,MTC
0.0,0.0,0.0,0.0554958,0.080221,0.023038,0.0433334,0.0454029,0.0518229,nothing,nothing,ND,DAC,DAC,DAC_solvent (oxy CCS),missing,missing,missing,missing,missing,missing,missing,MTC
0.0,0.0,0.0,0.00614555,0.0112083,0.00442456,0.0115865,0.0176838,0.0308216,nothing,nothing,ND,DAC,DAC,DAC_sorbent (oxy CCS),missing,missing,missing,missing,missing,missing,missing,MTC
0.205143,0.39643,0.456663,0.479775,0.502276,0.522588,0.545443,0.56277,0.58213,nothing,nothing,ND,industrial feedstocks,refined liquids,refined liquids,missing,missing,missing,missing,missing,missing,missing,MTC
0.0,0.0,0.0,3.30638E-6,4.7939E-6,2.56049E-5,3.4603E-5,3.22119E-5,3.42485E-5,nothing,nothing,ND,lime,gas (CCS),lime,missing,missing,missing,missing,missing,missing,missing,MTC
0.0,0.0,0.0,0.145858,0.206139,0.0918386,0.120465,0.123321,0.140611,nothing,nothing,OH,DAC,DAC,DAC_solvent (oxy CCS),missing,missing,missing,missing,missing,missing,missing,MTC
0.0,0.0,0.0,0.0169287,0.030533,0.0187608,0.0350356,0.0540618,0.095595,nothing,nothing,OH,DAC,DAC,DAC_sorbent (oxy CCS),missing,missing,missing,missing,missing,missing,missing,MTC
2.48983,2.88852,2.3962,2.48997,2.62472,2.75524,2.88673,3.00028,3.11733,nothing,nothing,OH,industrial feedstocks,refined liquids,refined liquids,missing,missing,missing,missing,missing,missing,missing,MTC
0.0,0.0,0.0,0.00145438,0.00233839,0.0139868,0.0210595,0.0218694,0.0254284,nothing,nothing,OH,lime,gas (CCS),lime,missing,missing,missing,missing,missing,missing,missing,MTC
0.0,0.0,0.0,0.0988706,0.15251,0.0383496,0.0758071,0.081513,0.0965022,nothing,nothing,OK,DAC,DAC,DAC_solvent (oxy CCS),missing,missing,missing,missing,missing,missing,missing,MTC
0.0,0.0,0.0,0.00999807,0.0191689,0.00650812,0.0179893,0.0286906,0.0527258,nothing,nothing,OK,DAC,DAC,DAC_sorbent (oxy CCS),missing,missing,missing,missing,missing,missing,missing,MTC
0.884035,1.09173,0.962562,0.997117,1.04867,1.0968,1.14454,1.18695,1.22921,nothing,nothing,OK,industrial feedstocks,refined liquids,refined liquids,missing,missing,missing,missing,missing,missing,missing,MTC
0.0,0.0,0.0,6.25898E-4,0.00110073,0.00540751,0.0084711,0.00889705,0.010571,nothing,nothing,OK,lime,gas (CCS),lime,missing,missing,missing,missing,missing,missing,missing,MTC
0.0,0.0,0.0,0.0252295,0.0327792,0.012962,0.0162555,0.018237,0.0219547,nothing,nothing,OR,DAC,DAC,DAC_solvent (oxy CCS),missing,missing,missing,missing,missing,missing,missing,MTC
0.0,0.0,0.0,0.00295251,0.00487162,0.00264715,0.00468583,0.00776655,0.0142131,nothing,nothing,OR,DAC,DAC,DAC_sorbent (oxy CCS),missing,missing,missing,missing,missing,missing,missing,MTC
0.762666,1.06257,0.724294,0.77366,0.820613,0.860662,0.899402,0.935235,0.971942,nothing,nothing,OR,industrial feedstocks,refined liquids,refined liquids,missing,missing,missing,missing,missing,missing,missing,MTC
0.0,0.0,0.0,1.51318E-4,2.80399E-4,0.00176587,0.0030928,0.00377422,0.00503746,nothing,nothing,OR,lime,gas (CCS),lime,missing,missing,missing,missing,missing,missing,missing,MTC
0.0,0.0,0.0,0.0965468,0.110208,0.05777,0.0678891,0.0713935,0.080054,nothing,nothing,PA,DAC,DAC,DAC_solvent (oxy CCS),missing,missing,missing,missing,missing,missing,missing,MTC
0.0,0.0,0.0,0.0132476,0.0197697,0.0145007,0.02455,0.0389327,0.0679146,nothing,nothing,PA,DAC,DAC,DAC_sorbent (oxy CCS),missing,missing,missing,missing,missing,missing,missing,MTC
1.88135,2.66578,3.11378,3.23364,3.40288,3.57536,3.75141,3.90462,4.06314,nothing,nothing,PA,industrial feedstocks,refined liquids,refined liquids,missing,missing,missing,missing,missing,missing,missing,MTC
0.0,0.0,0.0,0.00403533,0.00700272,0.0477845,0.0789709,0.0903799,0.113385,nothing,nothing,PA,lime,gas (CCS),lime,missing,missing,missing,missing,missing,missing,missing,MTC
0.0,0.0,0.0,0.0020911,0.00209252,0.00155197,0.00172791,0.00171912,0.00183556,nothing,nothing,RI,DAC,DAC,DAC_solvent (oxy CCS),missing,missing,missing,missing,missing,missing,missing,MTC
0.0,0.0,0.0,4.37628E-4,5.83423E-4,6.18766E-4,9.98666E-4,0.00148403,0.0024124,nothing,nothing,RI,DAC,DAC,DAC_sorbent (oxy CCS),missing,missing,missing,missing,missing,missing,missing,MTC
0.411771,0.0972062,0.421585,0.434533,0.459106,0.486371,0.514487,0.54009,0.566509,nothing,nothing,RI,industrial feedstocks,refined liquids,refined liquids,missing,missing,missing,missing,missing,missing,missing,MTC
0.0,0.0,0.0,1.37795E-7,2.40415E-7,1.75386E-6,2.94967E-6,3.42883E-6,4.32951E-6,nothing,nothing,RI,lime,gas (CCS),lime,missing,missing,missing,missing,missing,missing,missing,MTC
0.0,0.0,0.0,0.040986,0.0517774,0.0214139,0.0255747,0.027181,0.0310557,nothing,nothing,SC,DAC,DAC,DAC_solvent (oxy CCS),missing,missing,missing,missing,missing,missing,missing,MTC
0.0,0.0,0.0,0.0045193,0.00725454,0.00408971,0.00687655,0.0108222,0.0188748,nothing,nothing,SC,DAC,DAC,DAC_sorbent (oxy CCS),missing,missing,missing,missing,missing,missing,missing,MTC
0.499682,0.960333,0.894101,0.945489,0.994932,1.03714,1.07621,1.10949,1.14298,nothing,nothing,SC,industrial feedstocks,refined liquids,refined liquids,missing,missing,missing,missing,missing,missing,missing,MTC
0.0,0.0,0.0,3.87081E-4,7.34398E-4,0.00469617,0.00815732,0.00983585,0.0129677,nothing,nothing,SC,lime,gas (CCS),lime,missing,missing,missing,missing,missing,missing,missing,MTC
0.0,0.0,0.0,0.0251284,0.036335,0.014807,0.0196305,0.0205848,0.0235399,nothing,nothing,SD,DAC,DAC,DAC_solvent (oxy CCS),missing,missing,missing,missing,missing,missing,missing,MTC
0.0,0.0,0.0,0.00278269,0.00507666,0.00284375,0.00524879,0.0080175,0.0140003,nothing,nothing,SD,DAC,DAC,DAC_sorbent (oxy CCS),missing,missing,missing,missing,missing,missing,missing,MTC
0.199144,0.52538,0.31922,0.335138,0.35187,0.365958,0.380466,0.392406,0.404633,nothing,nothing,SD,industrial feedstocks,refined liquids,refined liquids,missing,missing,missing,missing,missing,missing,missing,MTC
0.0,0.0,0.0,6.34702E-7,9.1244E-7,4.83713E-6,6.49094E-6,6.00062E-6,6.34394E-6,nothing,nothing,SD,lime,gas (CCS),lime,missing,missing,missing,missing,missing,missing,missing,MTC
0.0,0.0,0.0,0.0706029,0.100439,0.0290918,0.0547981,0.0563077,0.0639563,nothing,nothing,TN,DAC,DAC,DAC_solvent (oxy CCS),missing,missing,missing,missing,missing,missing,missing,MTC
0.0,0.0,0.0,0.00774739,0.0140012,0.00552744,0.0146599,0.022314,0.0387116,nothing,nothing,TN,DAC,DAC,DAC_sorbent (oxy CCS),missing,missing,missing,missing,missing,missing,missing,MTC
1.46104,1.94551,1.17458,1.24823,1.32337,1.38356,1.44556,1.49791,1.55299,nothing,nothing,TN,industrial feedstocks,refined liquids,refined liquids,missing,missing,missing,missing,missing,missing,missing,MTC
0.0,0.0,0.0,0.00130155,0.00216214,0.0118586,0.0179358,0.0185965,0.0216454,nothing,nothing,TN,lime,gas (CCS),lime,missing,missing,missing,missing,missing,missing,missing,MTC
0.0,0.0,0.0,0.838287,1.31462,0.333545,0.430969,0.474982,0.565558,nothing,nothing,TX,DAC,DAC,DAC_solvent (oxy CCS),missing,missing,missing,missing,missing,missing,missing,MTC
0.0,0.0,0.0,0.0618288,0.117656,0.0387781,0.0677088,0.10795,0.1941,nothing,nothing,TX,DAC,DAC,DAC_sorbent (oxy CCS),missing,missing,missing,missing,missing,missing,missing,MTC
31.7379,40.1537,29.1865,31.6461,33.6079,35.4156,37.2604,38.9466,40.8609,nothing,nothing,TX,industrial feedstocks,refined liquids,refined liquids,missing,missing,missing,missing,missing,missing,missing,MTC
0.0,0.0,0.0,0.00990786,0.0188655,0.0992072,0.166955,0.187996,0.23713,nothing,nothing,TX,lime,gas (CCS),lime,missing,missing,missing,missing,missing,missing,missing,MTC
0.0,0.0,0.0,0.0402591,0.0569722,0.0168355,0.0339816,0.0355603,0.0412531,nothing,nothing,UT,DAC,DAC,DAC_solvent (oxy CCS),missing,missing,missing,missing,missing,missing,missing,MTC
0.0,0.0,0.0,0.00468963,0.00842614,0.00342134,0.00974872,0.0150767,0.0266029,nothing,nothing,UT,DAC,DAC,DAC_sorbent (oxy CCS),missing,missing,missing,missing,missing,missing,missing,MTC
0.347287,0.429356,0.539632,0.592149,0.63687,0.67216,0.706969,0.73828,0.770965,nothing,nothing,UT,industrial feedstocks,refined liquids,refined liquids,missing,missing,missing,missing,missing,missing,missing,MTC
0.0,0.0,0.0,3.67843E-4,6.02673E-4,0.00369852,0.00574284,0.00617979,0.00742157,nothing,nothing,UT,lime,gas (CCS),lime,missing,missing,missing,missing,missing,missing,missing,MTC
0.0,0.0,0.0,0.00170614,0.00191682,0.00143285,0.00198367,0.0019472,0.00213541,nothing,nothing,VT,DAC,DAC,DAC_solvent (oxy CCS),missing,missing,missing,missing,missing,missing,missing,MTC
0.0,0.0,0.0,3.54605E-4,5.30754E-4,5.67533E-4,0.00113969,0.00167254,0.00279608,nothing,nothing,VT,DAC,DAC,DAC_sorbent (oxy CCS),missing,missing,missing,missing,missing,missing,missing,MTC
0.00672084,0.0419773,0.310498,0.32058,0.334462,0.347004,0.359715,0.370408,0.380796,nothing,nothing,VT,industrial feedstocks,refined liquids,refined liquids,missing,missing,missing,missing,missing,missing,missing,MTC
0.0,0.0,0.0,4.89049E-5,8.20793E-5,5.64666E-4,9.17152E-4,0.00103174,0.00127313,nothing,nothing,VT,lime,gas (CCS),lime,missing,missing,missing,missing,missing,missing,missing,MTC
0.0,0.0,0.0,0.0610692,0.076635,0.032402,0.0392638,0.0424964,0.0492702,nothing,nothing,VA,DAC,DAC,DAC_solvent (oxy CCS),missing,missing,missing,missing,missing,missing,missing,MTC
0.0,0.0,0.0,0.00673375,0.0107374,0.00618827,0.0105573,0.01692,0.029945,nothing,nothing,VA,DAC,DAC,DAC_sorbent (oxy CCS),missing,missing,missing,missing,missing,missing,missing,MTC
1.18457,1.399,1.7245,1.81557,1.91093,1.99833,2.08437,2.15641,2.23078,nothing,nothing,VA,industrial feedstocks,refined liquids,refined liquids,missing,missing,missing,missing,missing,missing,missing,MTC
0.0,0.0,0.0,0.00106687,0.00181876,0.0114521,0.0183362,0.0202821,0.0248139,nothing,nothing,VA,lime,gas (CCS),lime,missing,missing,missing,missing,missing,missing,missing,MTC
0.0,0.0,0.0,0.0450727,0.0570836,0.0243006,0.0301678,0.0337581,0.0407766,nothing,nothing,WA,DAC,DAC,DAC_solvent (oxy CCS),missing,missing,missing,missing,missing,missing,missing,MTC
0.0,0.0,0.0,0.00527467,0.00848373,0.00496273,0.00869622,0.0143765,0.0263981,nothing,nothing,WA,DAC,DAC,DAC_sorbent (oxy CCS),missing,missing,missing,missing,missing,missing,missing,MTC
0.625156,0.99794,0.855506,0.939077,1.00508,1.05613,1.10495,1.15088,1.19838,nothing,nothing,WA,industrial feedstocks,refined liquids,refined liquids,missing,missing,missing,missing,missing,missing,missing,MTC
0.0,0.0,0.0,6.09814E-5,1.13503E-4,7.1585E-4,0.00126931,0.00157202,0.00212394,nothing,nothing,WA,lime,gas (CCS),lime,missing,missing,missing,missing,missing,missing,missing,MTC
0.0,0.0,0.0,0.0673661,0.0946046,0.0276519,0.0562997,0.0570228,0.0637033,nothing,nothing,WV,DAC,DAC,DAC_solvent (oxy CCS),missing,missing,missing,missing,missing,missing,missing,MTC
0.0,0.0,0.0,0.00781869,0.0140127,0.00564873,0.016374,0.0249979,0.043309,nothing,nothing,WV,DAC,DAC,DAC_sorbent (oxy CCS),missing,missing,missing,missing,missing,missing,missing,MTC
0.183423,0.173072,0.549978,0.560016,0.580557,0.60102,0.621466,0.636569,0.652338,nothing,nothing,WV,industrial feedstocks,refined liquids,refined liquids,missing,missing,missing,missing,missing,missing,missing,MTC
0.0,0.0,0.0,0.00190999,0.00325367,0.0210559,0.0339288,0.0378034,0.0464659,nothing,nothing,WV,lime,gas (CCS),lime,missing,missing,missing,missing,missing,missing,missing,MTC
0.0,0.0,0.0,0.0608437,0.0787624,0.0262214,0.055169,0.0570309,0.0659817,nothing,nothing,WI,DAC,DAC,DAC_solvent (oxy CCS),missing,missing,missing,missing,missing,missing,missing,MTC
0.0,0.0,0.0,0.00837424,0.0142687,0.00670105,0.020507,0.0324304,0.0581846,nothing,nothing,WI,DAC,DAC,DAC_sorbent (oxy CCS),missing,missing,missing,missing,missing,missing,missing,MTC
0.928542,1.82381,1.77413,1.85599,1.95043,2.03557,2.11835,2.18983,2.2659,nothing,nothing,WI,industrial feedstocks,refined liquids,refined liquids,missing,missing,missing,missing,missing,missing,missing,MTC
0.0,0.0,0.0,4.01013E-4,7.03887E-4,0.00451688,0.0072946,0.00816151,0.0101214,nothing,nothing,WI,lime,gas (CCS),lime,missing,missing,missing,missing,missing,missing,missing,MTC
0.0,0.0,0.0,0.0661494,0.100858,0.0247812,0.0497283,0.052647,0.0605333,nothing,nothing,WY,DAC,DAC,DAC_solvent (oxy CCS),missing,missing,missing,missing,missing,missing,missing,MTC
0.0,0.0,0.0,0.00655746,0.0125253,0.00417486,0.0117225,0.0182851,0.0325939,nothing,nothing,WY,DAC,DAC,DAC_sorbent (oxy CCS),missing,missing,missing,missing,missing,missing,missing,MTC
0.240537,0.153088,0.463136,0.47225,0.494861,0.51782,0.541539,0.56066,0.58091,nothing,nothing,WY,industrial feedstocks,refined liquids,refined liquids,missing,missing,missing,missing,missing,missing,missing,MTC
0.0,0.0,0.0,0.00148562,0.00235116,0.0136121,0.0206459,0.0217167,0.025728,nothing,nothing,WY,lime,gas (CCS),lime,missing,missing,missing,missing,missing,missing,missing,MTC
