,1990,2005,2020,2025,2030,2035,2040,2045,2050,scenario,baseline,GCAM,sector,subsector,technology,output,concentration,input,product,fuel,LandLeaf,GHG,Units
0,0.0,0.0,0.0128575,0.0220375,0.04239854,0.0520504,0.07479077,0.0411281,0.0665798,s1-procureScaling-h,high,USA,H2 central production,missing,missing,missing,missing,missing,missing,missing,missing,missing,MTC
1,0.0,0.0,0.0445232,0.0837321,0.122569,0.187045,0.283016,0.27716,0.465206,s1-procureScaling-h,high,USA,H2 forecourt production,missing,missing,missing,missing,missing,missing,missing,missing,missing,MTC
2,0.0,0.0,0.458524,0.812624,4.33209,7.66011,10.8028,14.5554,16.9605,s1-procureScaling-h,high,USA,backup_electricity,missing,missing,missing,missing,missing,missing,missing,missing,missing,MTC
3,0.0,0.0,0.0218959,0.0199955,0.0941827,0.0807195,0.0854913,0.193124,0.200687,s1-procureScaling-h,high,USA,biogas pipeline,missing,missing,missing,missing,missing,missing,missing,missing,missing,MTC
4,0.0,0.0,-0.900089,-0.821968,-3.87163,-3.31819,-3.51435,-7.93888,-8.24977,s1-procureScaling-h,high,USA,biogas processing,missing,missing,missing,missing,missing,missing,missing,missing,missing,MTC
5,0.0,0.0,0.00986624,0.015156,0.0808365,0.164587,0.267411,0.557318,0.751764,s1-procureScaling-h,high,USA,csp_backup,missing,missing,missing,missing,missing,missing,missing,missing,missing,MTC
6,9.16221,8.10091,9.73786,10.1338,10.0049,10.0045,10.1658,9.48714,10.0627,s1-procureScaling-h,high,USA,gas pipeline,missing,missing,missing,missing,missing,missing,missing,missing,missing,MTC
7,0.844259,-1.0095200000000002,0.0,0.0,0.0,0.0,0.0,0.0,0.0,s1-procureScaling-h,high,USA,gas processing,missing,missing,missing,missing,missing,missing,missing,missing,missing,MTC
8,0.0,0.0,0.0,0.0,0.0,0.0,-0.164737,-0.2608945,-0.3758057,s1-procureScaling-h,high,Africa_Eastern,CDR_regional,missing,missing,missing,missing,missing,missing,missing,missing,missing,MTC
9,0.0,0.0,0.0340299499999999,0.0926056,0.2153922999999999,0.4322139,0.244824894,0.2495599899999999,0.2930456,s1-procureScaling-h,high,Africa_Eastern,H2 central production,missing,missing,missing,missing,missing,missing,missing,missing,missing,MTC
10,0.0,0.0,0.0159589,0.0405473,0.0908305,0.176397,0.280615,0.453887,0.672511,s1-procureScaling-h,high,Africa_Eastern,H2 forecourt production,missing,missing,missing,missing,missing,missing,missing,missing,missing,MTC
11,0.0118274,0.00133626,0.0632922,0.1324951,0.2266669,0.3188326999999999,0.3906920399999999,0.45577393,0.49073628,s1-procureScaling-h,high,Africa_Eastern,N fertilizer,missing,missing,missing,missing,missing,missing,missing,missing,missing,MTC
12,0.0,0.0,0.0529132,0.303508,0.930769,2.00707,3.39691,4.872,6.15841,s1-procureScaling-h,high,Africa_Eastern,backup_electricity,missing,missing,missing,missing,missing,missing,missing,missing,missing,MTC
13,0.0,0.0,0.00431217,0.00666151,0.0105675,0.0174376,0.0337779,0.0470299,0.0638325,s1-procureScaling-h,high,Africa_Eastern,biogas processing,missing,missing,missing,missing,missing,missing,missing,missing,missing,MTC
14,0.0,0.0,0.3245566662,0.8860904173,1.8091130313,3.1271154794,5.212422721199999,6.750101001799999,8.455765953300007,s1-procureScaling-h,high,Africa_Eastern,biorefining,missing,missing,missing,missing,missing,missing,missing,missing,missing,MTC
15,0.299,0.725,1.33855,1.76518,2.46155,3.38325,2.947703,3.130492,3.496614,s1-procureScaling-h,high,Africa_Eastern,cement,missing,missing,missing,missing,missing,missing,missing,missing,missing,MTC
16,0.0113065,0.024432354,0.03890526,0.044517687,0.054962101,0.069786051,0.083854941,0.1052978689,0.1347860807,s1-procureScaling-h,high,Africa_Eastern,comm heating,missing,missing,missing,missing,missing,missing,missing,missing,missing,MTC
17,0.8068150000000001,2.14949878,2.458120311,2.503642156,2.6196147670000003,2.692821127,2.394119557,2.05930931,1.84285052,s1-procureScaling-h,high,Africa_Eastern,comm others,missing,missing,missing,missing,missing,missing,missing,missing,missing,MTC
18,0.000533494,0.0005082416,0.0005479806,0.0006310527,0.0007905021,0.0010128299,0.0011664916,0.0012557779,0.0013315881,s1-procureScaling-h,high,Africa_Eastern,desalinated water,missing,missing,missing,missing,missing,missing,missing,missing,missing,MTC
19,0.0,0.0,0.0,0.0,0.0,0.0,0.1394080908,0.2548210455,0.3454210905,s1-procureScaling-h,high,Africa_Eastern,elec_biomass (IGCC CCS),missing,missing,missing,missing,missing,missing,missing,missing,missing,MTC
20,0.0,0.0,0.0,0.1248061,0.28459103,0.51590759,0.7284682799999999,0.92854397,1.0902758700000004,s1-procureScaling-h,high,Africa_Eastern,elec_biomass (IGCC),missing,missing,missing,missing,missing,missing,missing,missing,missing,MTC
21,0.0,0.0,0.0,0.0,0.0,0.0,0.02266439,0.0773170599999999,0.17716541,s1-procureScaling-h,high,Africa_Eastern,elec_biomass (conv CCS),missing,missing,missing,missing,missing,missing,missing,missing,missing,MTC
22,0.11458007,0.1993055899999999,0.71251404,1.17499475,1.7249518599999998,2.44455139,2.6533936499999995,2.4624625469999994,2.157227059,s1-procureScaling-h,high,Africa_Eastern,elec_biomass (conv),missing,missing,missing,missing,missing,missing,missing,missing,missing,MTC
23,0.0,0.0,0.0,0.0,0.0,0.0,0.0032464647,0.01007613438,0.02081085664,s1-procureScaling-h,high,Africa_Eastern,elec_coal (IGCC CCS),missing,missing,missing,missing,missing,missing,missing,missing,missing,MTC
24,0.0,0.0,0.0,0.126143011,0.25858323,0.421751278,0.6056101029999998,0.7375054470000001,0.819182772,s1-procureScaling-h,high,Africa_Eastern,elec_coal (IGCC),missing,missing,missing,missing,missing,missing,missing,missing,missing,MTC
25,0.0,0.0,0.0,0.0,0.0,0.0,0.0039437238999999,0.011110461,0.0212502774,s1-procureScaling-h,high,Africa_Eastern,elec_coal (conv pul CCS),missing,missing,missing,missing,missing,missing,missing,missing,missing,MTC
26,0.06314268,0.433902,1.02487869,1.40456617,1.7575847600000003,2.15323562,2.40823444,2.4261145299999995,2.31500476,s1-procureScaling-h,high,Africa_Eastern,elec_coal (conv pul),missing,missing,missing,missing,missing,missing,missing,missing,missing,MTC
27,0.0,0.0,0.0,0.0,0.0,0.0,0.0121142424,0.02755716615,0.0454574765,s1-procureScaling-h,high,Africa_Eastern,elec_gas (CC CCS),missing,missing,missing,missing,missing,missing,missing,missing,missing,MTC
28,0.0,0.0,0.046848589,0.11032462338,0.19823111096,0.3339533773900001,0.4394967579599999,0.5444277304399997,0.6537830134239998,s1-procureScaling-h,high,Africa_Eastern,elec_gas (CC),missing,missing,missing,missing,missing,missing,missing,missing,missing,MTC
29,0.0,0.0,0.1576589889999999,0.2489531925499999,0.3131917597229999,0.3653509370600001,0.312594052092,0.249765072892,0.182933890145,s1-procureScaling-h,high,Africa_Eastern,elec_gas (steam/CT),missing,missing,missing,missing,missing,missing,missing,missing,missing,MTC
30,0.0,0.0,0.0,0.0,0.0,0.0,0.17971695,0.198743839,0.196460032,s1-procureScaling-h,high,Africa_Eastern,elec_refined liquids (CC CCS),missing,missing,missing,missing,missing,missing,missing,missing,missing,MTC
31,0.0,0.0,1.0260802,1.7632981999999997,2.15845438,2.8314657500000004,1.90906365,1.6030234899999998,1.56742623,s1-procureScaling-h,high,Africa_Eastern,elec_refined liquids (CC),missing,missing,missing,missing,missing,missing,missing,missing,missing,MTC
32,0.6148708,1.7692338,4.431023499999999,4.833263800000001,4.3582924,4.073978499999999,2.3250898,1.3305357799999995,0.8123719320000001,s1-procureScaling-h,high,Africa_Eastern,elec_refined liquids (steam/CT),missing,missing,missing,missing,missing,missing,missing,missing,missing,MTC
33,0.0,0.0,0.000266382,0.00187977,0.00833893,0.0274584,0.0336275,0.0398578,0.0499902,s1-procureScaling-h,high,Africa_Eastern,gas processing,missing,missing,missing,missing,missing,missing,missing,missing,missing,MTC
34,11.732059,17.669045,25.648066852,31.797196732,42.08639476999999,54.2436742,64.30194888999999,71.99794446,78.08775181,s1-procureScaling-h,high,Africa_Eastern,industrial energy use,missing,missing,missing,missing,missing,missing,missing,missing,missing,MTC
35,0.0,0.275358,0.408396,0.682455,1.15976,1.82691,2.495,3.50706,4.7863,s1-procureScaling-h,high,Africa_Eastern,industrial feedstocks,missing,missing,missing,missing,missing,missing,missing,missing,missing,MTC
36,0.1921773,0.3814803,0.8850226999999999,1.1716774,1.6339069999999998,2.235824,2.536363,3.185485,4.105368,s1-procureScaling-h,high,Africa_Eastern,process heat cement,missing,missing,missing,missing,missing,missing,missing,missing,missing,MTC
37,0.243189,0.183647,0.562063,0.78098366,1.09794192,1.7509829900000002,2.15368058,2.8846218500000007,3.833792859999999,s1-procureScaling-h,high,Africa_Eastern,refining,missing,missing,missing,missing,missing,missing,missing,missing,missing,MTC
38,-14.9672,-22.6085,-30.5222,-38.56,-50.553,-64.1194,-82.065,-93.6429,-104.728,s1-procureScaling-h,high,Africa_Eastern,regional biomass,missing,missing,missing,missing,missing,missing,missing,missing,missing,MTC
39,0.0,0.0,-0.000612262,-0.000858187,-0.00120396,-0.00164337,-0.00197764,-0.00220032,-0.0025672,s1-procureScaling-h,high,Africa_Eastern,regional biomassOil,missing,missing,missing,missing,missing,missing,missing,missing,missing,MTC
40,0.0,0.0,-0.213243,-0.289598,-0.404957,-0.562138,-0.684407,-0.781598,-0.886065,s1-procureScaling-h,high,Africa_Eastern,regional corn for ethanol,missing,missing,missing,missing,missing,missing,missing,missing,missing,MTC
41,3.92474124,5.780069999999999,7.354160026,8.12303198,9.017303142,9.577152306,8.639716497,7.285806717000001,6.207395608600001,s1-procureScaling-h,high,Africa_Eastern,resid others,missing,missing,missing,missing,missing,missing,missing,missing,missing,MTC
42,0.367277,0.684661,1.2229,1.48121,1.89003,2.42001,3.00883,3.77965,4.7594,s1-procureScaling-h,high,Africa_Eastern,trn_aviation_intl,missing,missing,missing,missing,missing,missing,missing,missing,missing,MTC
43,0.11083159,0.02837465,0.0680414,0.0769889,0.0907403,0.1076141,0.1224233999999999,0.1450761,0.1737262,s1-procureScaling-h,high,Africa_Eastern,trn_freight,missing,missing,missing,missing,missing,missing,missing,missing,missing,MTC
44,1.352812,2.0196110000000003,5.00667004,5.63514169,6.422639556999999,7.195639433000001,8.209010669999998,9.52250215,11.199467749999997,s1-procureScaling-h,high,Africa_Eastern,trn_freight_road,missing,missing,missing,missing,missing,missing,missing,missing,missing,MTC
45,0.29666112,0.5524444000000001,1.1279300600000002,1.4481127,2.00208943,2.8098425,3.6591812,4.896669500000001,6.6487533,s1-procureScaling-h,high,Africa_Eastern,trn_pass,missing,missing,missing,missing,missing,missing,missing,missing,missing,MTC
46,0.312326,0.466257,1.3695016,1.5452132999999997,1.4431168999999997,1.5488555,1.7607256999999998,2.0169781,2.2761004,s1-procureScaling-h,high,Africa_Eastern,trn_pass_road,missing,missing,missing,missing,missing,missing,missing,missing,missing,MTC
47,0.0389705,0.0581755,0.10933989,0.0877349299999999,0.0948452599999999,0.095749,0.0795966,0.0672342,0.060963,s1-procureScaling-h,high,Africa_Eastern,trn_pass_road_LDV,missing,missing,missing,missing,missing,missing,missing,missing,missing,MTC
48,0.99055,1.478747,2.7587581033000004,2.8343658963,3.4342513258000005,4.0972897578000005,4.87041532191,6.170318854500001,7.7917854439999985,s1-procureScaling-h,high,Africa_Eastern,trn_pass_road_LDV_4W,missing,missing,missing,missing,missing,missing,missing,missing,missing,MTC
49,0.779018,0.823904,2.05861,2.16255,2.32945,2.5477,2.69896,2.90737,3.16435,s1-procureScaling-h,high,Africa_Eastern,trn_shipping_intl,missing,missing,missing,missing,missing,missing,missing,missing,missing,MTC
50,0.0,0.0,0.0,0.0,0.0,0.0,-0.2470387,-0.3025921,-0.3510463,s1-procureScaling-h,high,Africa_Northern,CDR_regional,missing,missing,missing,missing,missing,missing,missing,missing,missing,MTC
51,0.0,0.0,0.01923125,0.04361523,0.07837416,0.1248314,0.071393541,0.063265643,0.0645817599999999,s1-procureScaling-h,high,Africa_Northern,H2 central production,missing,missing,missing,missing,missing,missing,missing,missing,missing,MTC
52,0.0,0.0,0.00862458,0.0195186,0.0355479,0.0576642,0.0915156,0.126941,0.165439,s1-procureScaling-h,high,Africa_Northern,H2 forecourt production,missing,missing,missing,missing,missing,missing,missing,missing,missing,MTC
53,0.859508,1.66702,2.157735,2.193467,2.203927,2.1694370000000003,2.0159431,1.8707572,1.7314225,s1-procureScaling-h,high,Africa_Northern,N fertilizer,missing,missing,missing,missing,missing,missing,missing,missing,missing,MTC
54,0.0,0.0,0.0347147,0.2318,0.616027,1.12237,2.44092,3.4458,4.30397,s1-procureScaling-h,high,Africa_Northern,backup_electricity,missing,missing,missing,missing,missing,missing,missing,missing,missing,MTC
55,0.0,0.0,0.00255154,0.00221006,0.00279241,0.00278753,0.00388135,0.00534081,0.00613521,s1-procureScaling-h,high,Africa_Northern,biogas pipeline,missing,missing,missing,missing,missing,missing,missing,missing,missing,MTC
56,0.0,0.0,0.209289,0.179468,0.224469,0.221792,0.305642,0.416192,0.473069,s1-procureScaling-h,high,Africa_Northern,biogas processing,missing,missing,missing,missing,missing,missing,missing,missing,missing,MTC
57,0.0,0.0,2.5569313,5.45118178,9.30411339,12.85766247,16.36729672,17.963974840000006,19.146738549999995,s1-procureScaling-h,high,Africa_Northern,biorefining,missing,missing,missing,missing,missing,missing,missing,missing,missing,MTC
58,4.167,9.053,12.0531,12.8823,13.6541,14.3183,9.786277,7.911814,6.66678,s1-procureScaling-h,high,Africa_Northern,cement,missing,missing,missing,missing,missing,missing,missing,missing,missing,MTC
59,0.0488214,0.11991718998,0.19028720043,0.24359579637,0.32507284499,0.4211939634,0.4959827834999999,0.58852668273,0.69151628069,s1-procureScaling-h,high,Africa_Northern,comm heating,missing,missing,missing,missing,missing,missing,missing,missing,missing,MTC
60,1.0782865,1.88321754,2.5802386583,2.5601099907,2.6418580649,2.7904396547,2.829383411,2.57718385908,2.39322725476,s1-procureScaling-h,high,Africa_Northern,comm others,missing,missing,missing,missing,missing,missing,missing,missing,missing,MTC
61,0.0,0.0,4.39049e-06,1.46794e-05,2.55343e-05,3.46894e-05,5.1513e-05,0.0,0.0,s1-procureScaling-h,high,Africa_Northern,csp_backup,missing,missing,missing,missing,missing,missing,missing,missing,missing,MTC
62,0.2685934,0.575012,1.205226,1.388758,1.6636419999999998,2.014536,2.184844,2.390869,2.606036,s1-procureScaling-h,high,Africa_Northern,desalinated water,missing,missing,missing,missing,missing,missing,missing,missing,missing,MTC
63,0.0,0.0,0.0,0.0,0.0,0.0,0.01748592916,0.0431016695999999,0.06318529814,s1-procureScaling-h,high,Africa_Northern,elec_biomass (IGCC CCS),missing,missing,missing,missing,missing,missing,missing,missing,missing,MTC
64,0.0,0.0,0.0,0.028733018,0.08073757,0.13083624,0.156610532,0.2053528609999999,0.2509465937,s1-procureScaling-h,high,Africa_Northern,elec_biomass (IGCC),missing,missing,missing,missing,missing,missing,missing,missing,missing,MTC
65,0.0,0.0,0.0,0.0,0.0,0.0,0.0029109141,0.0151973038,0.0369550707999999,s1-procureScaling-h,high,Africa_Northern,elec_biomass (conv CCS),missing,missing,missing,missing,missing,missing,missing,missing,missing,MTC
66,0.0,0.0,0.1632206261789999,0.2545231177477,0.4146124576718,0.509611192474,0.5365116452009999,0.5281099452716,0.49558379139433,s1-procureScaling-h,high,Africa_Northern,elec_biomass (conv),missing,missing,missing,missing,missing,missing,missing,missing,missing,MTC
67,0.0,0.0,0.0,0.0,0.0,0.0,0.00240203375,0.01033689087,0.0214064840999999,s1-procureScaling-h,high,Africa_Northern,elec_coal (IGCC CCS),missing,missing,missing,missing,missing,missing,missing,missing,missing,MTC
68,0.0,0.0,0.0,0.255693509,0.584913706,0.85355738,0.991021167,1.1460955300000002,1.2292426769999998,s1-procureScaling-h,high,Africa_Northern,elec_coal (IGCC),missing,missing,missing,missing,missing,missing,missing,missing,missing,MTC
69,0.0,0.0,0.0,0.0,0.0,0.0,0.0029619064899999,0.0114222964899999,0.0220433891799999,s1-procureScaling-h,high,Africa_Northern,elec_coal (conv pul CCS),missing,missing,missing,missing,missing,missing,missing,missing,missing,MTC
70,0.8102893,3.565082,6.686986429999999,7.26273852,7.87122633,8.133516981,7.690453756999999,6.89403626,5.829871961999999,s1-procureScaling-h,high,Africa_Northern,elec_coal (conv pul),missing,missing,missing,missing,missing,missing,missing,missing,missing,MTC
71,0.0,0.0,0.0,0.0,0.0,0.0,0.1305679679999999,0.4050469247,0.6793693941000002,s1-procureScaling-h,high,Africa_Northern,elec_gas (CC CCS),missing,missing,missing,missing,missing,missing,missing,missing,missing,MTC
72,2.3760502,5.623302,13.67776371,16.680794466000002,21.395769121100003,25.5603247396,26.258242319,27.9431846804,29.3254093713,s1-procureScaling-h,high,Africa_Northern,elec_gas (CC),missing,missing,missing,missing,missing,missing,missing,missing,missing,MTC
73,2.863618,12.2375,21.3129884,22.443095743200004,23.549555896150004,23.29109744052,20.20159707293,16.97192081696,13.67888497165,s1-procureScaling-h,high,Africa_Northern,elec_gas (steam/CT),missing,missing,missing,missing,missing,missing,missing,missing,missing,MTC
74,0.0,0.0,0.0,0.0,0.0,0.0,0.1780638499999999,0.4043651650000001,0.5338869740000001,s1-procureScaling-h,high,Africa_Northern,elec_refined liquids (CC CCS),missing,missing,missing,missing,missing,missing,missing,missing,missing,MTC
75,0.0,0.0,1.9424838,2.54861706,4.63850279,6.06341706,5.13370384,5.990592199999999,6.345895900000001,s1-procureScaling-h,high,Africa_Northern,elec_refined liquids (CC),missing,missing,missing,missing,missing,missing,missing,missing,missing,MTC
76,7.270478,8.359227,10.189998,9.4136178,9.568814499999998,9.4946182,8.818728199999999,7.407760410000001,6.27728068,s1-procureScaling-h,high,Africa_Northern,elec_refined liquids (steam/CT),missing,missing,missing,missing,missing,missing,missing,missing,missing,MTC
77,0.268662,0.727518,0.877934,0.976296,1.13068,1.26457,1.28341,1.33649,1.38068,s1-procureScaling-h,high,Africa_Northern,gas pipeline,missing,missing,missing,missing,missing,missing,missing,missing,missing,MTC
78,0.006945,0.0111115,0.0119955,0.0279175,0.0488753,0.0771742,0.0581215,0.047403,0.0477039,s1-procureScaling-h,high,Africa_Northern,gas processing,missing,missing,missing,missing,missing,missing,missing,missing,missing,MTC
79,14.4615069,17.340075,15.881020474,18.65957146,21.766749966,25.195019463,28.814909655,30.445823443,31.670166984,s1-procureScaling-h,high,Africa_Northern,industrial energy use,missing,missing,missing,missing,missing,missing,missing,missing,missing,MTC
80,0.982223,2.46266,3.41589,4.15809,5.1634,6.18967,6.37944,6.87707,7.33242,s1-procureScaling-h,high,Africa_Northern,industrial feedstocks,missing,missing,missing,missing,missing,missing,missing,missing,missing,MTC
81,2.407622,4.824112,7.605004,8.012203,8.32761,8.571693999999999,7.975852,7.818963,7.746231,s1-procureScaling-h,high,Africa_Northern,process heat cement,missing,missing,missing,missing,missing,missing,missing,missing,missing,MTC
82,3.79632,3.33707,2.311021,2.5409454099999995,2.95523375,3.48074673,3.98223985,4.79240587,5.498152650000002,s1-procureScaling-h,high,Africa_Northern,refining,missing,missing,missing,missing,missing,missing,missing,missing,missing,MTC
83,-1.19661,-2.16446,-9.27356,-14.2616,-21.0064,-27.0796,-39.8705,-46.1745,-52.5423,s1-procureScaling-h,high,Africa_Northern,regional biomass,missing,missing,missing,missing,missing,missing,missing,missing,missing,MTC
84,0.0,0.0,-0.595494,-0.734916,-0.910184,-1.07676,-1.16911,-1.16689,-1.10291,s1-procureScaling-h,high,Africa_Northern,regional biomassOil,missing,missing,missing,missing,missing,missing,missing,missing,missing,MTC
85,0.0,0.0,-0.149475,-0.216899,-0.348349,-0.503237,-0.603604,-0.668041,-0.751068,s1-procureScaling-h,high,Africa_Northern,regional corn for ethanol,missing,missing,missing,missing,missing,missing,missing,missing,missing,MTC
86,5.94759457,9.69549773,13.31837451807,12.82259318841,12.51239189555,12.56433891406,12.331678683201,11.376609201107,10.452499090783,s1-procureScaling-h,high,Africa_Northern,resid others,missing,missing,missing,missing,missing,missing,missing,missing,missing,MTC
87,0.642776,1.13278,1.498,1.7742,2.14183,2.52351,2.8385,3.17641,3.51525,s1-procureScaling-h,high,Africa_Northern,trn_aviation_intl,missing,missing,missing,missing,missing,missing,missing,missing,missing,MTC
88,0.0610613396999999,0.477054,0.456571,0.528019,0.619149,0.71118,0.745352,0.815653,0.893436,s1-procureScaling-h,high,Africa_Northern,trn_freight,missing,missing,missing,missing,missing,missing,missing,missing,missing,MTC
89,5.872537,10.29905132,20.69602125,22.933720986000004,25.195287916,26.66930503,28.47004898,30.4375675,32.68098729999999,s1-procureScaling-h,high,Africa_Northern,trn_freight_road,missing,missing,missing,missing,missing,missing,missing,missing,missing,MTC
90,0.52324059,0.9220603,1.3728777,1.784284,2.381644,3.0818708,3.6017242,4.2098786,4.8745352,s1-procureScaling-h,high,Africa_Northern,trn_pass,missing,missing,missing,missing,missing,missing,missing,missing,missing,MTC
91,1.35577,2.4147673000000003,5.4284104,5.7145225,4.5996099,4.1896534,4.100262000000001,4.116835,4.1570990000000005,s1-procureScaling-h,high,Africa_Northern,trn_pass_road,missing,missing,missing,missing,missing,missing,missing,missing,missing,MTC
92,0.169162,0.297633686,0.3253997,0.2385666,0.2363313,0.2096423,0.1724422,0.1394095,0.1194627,s1-procureScaling-h,high,Africa_Northern,trn_pass_road_LDV,missing,missing,missing,missing,missing,missing,missing,missing,missing,MTC
93,4.299852,7.6481565,10.986879479,10.484208169,11.561117149,12.125470940000003,12.396367221999997,13.57880785,14.6655638,s1-procureScaling-h,high,Africa_Northern,trn_pass_road_LDV_4W,missing,missing,missing,missing,missing,missing,missing,missing,missing,MTC
94,2.71321,2.40586,3.74379,4.04011,4.39041,4.74114,4.89514,5.10056,5.31672,s1-procureScaling-h,high,Africa_Northern,trn_shipping_intl,missing,missing,missing,missing,missing,missing,missing,missing,missing,MTC
95,0.0,0.0,0.0,0.0,0.0,0.0,-0.0448082999999999,-0.0634038,-0.0862476,s1-procureScaling-h,high,Africa_Southern,CDR_regional,missing,missing,missing,missing,missing,missing,missing,missing,missing,MTC
96,0.0,0.0,0.02447117,0.05895427,0.1115999,0.1879419,0.1165664819999999,0.11347811,0.12951441,s1-procureScaling-h,high,Africa_Southern,H2 central production,missing,missing,missing,missing,missing,missing,missing,missing,missing,MTC
97,0.0,0.0,0.0115808,0.0271901,0.0511715,0.084711,0.148988,0.233748,0.339518,s1-procureScaling-h,high,Africa_Southern,H2 forecourt production,missing,missing,missing,missing,missing,missing,missing,missing,missing,MTC
98,0.0492411,0.0260442,0.0713634,0.1231791,0.1918977,0.2585466899999999,0.31677915,0.37312627,0.40938215,s1-procureScaling-h,high,Africa_Southern,N fertilizer,missing,missing,missing,missing,missing,missing,missing,missing,missing,MTC
99,0.0,0.0,0.0294097,0.170724,0.444172,0.934058,1.97855,2.86293,3.81601,s1-procureScaling-h,high,Africa_Southern,backup_electricity,missing,missing,missing,missing,missing,missing,missing,missing,missing,MTC
100,0.0,0.0,0.00980547,0.0137438,0.023584,0.0268593,0.0505875,0.0931118,0.145144,s1-procureScaling-h,high,Africa_Southern,biogas processing,missing,missing,missing,missing,missing,missing,missing,missing,missing,MTC
101,0.0,0.0,0.33216667,0.8251869500000001,1.6294217600000005,2.48649498,3.44256164,4.212158403999999,5.096456945,s1-procureScaling-h,high,Africa_Southern,biorefining,missing,missing,missing,missing,missing,missing,missing,missing,missing,MTC
102,0.286,0.596,0.761305,0.947624,1.22937,1.5678,1.2760316,1.3037990000000002,1.414947,s1-procureScaling-h,high,Africa_Southern,cement,missing,missing,missing,missing,missing,missing,missing,missing,missing,MTC
103,0.0350611,0.03031004,0.072881102,0.0825905369999999,0.09715104,0.113131143,0.1254858357,0.144847397,0.1712460096,s1-procureScaling-h,high,Africa_Southern,comm heating,missing,missing,missing,missing,missing,missing,missing,missing,missing,MTC
104,0.753768,0.91246854,1.849568477,1.947420972,1.987928152,2.062689595,1.869589823,1.6899923170000002,1.6007260209999998,s1-procureScaling-h,high,Africa_Southern,comm others,missing,missing,missing,missing,missing,missing,missing,missing,missing,MTC
105,0.000911983,0.00096315,0.000950129,0.001048803,0.001192842,0.001363046,0.00139749,0.0015003159999999,0.001649578,s1-procureScaling-h,high,Africa_Southern,desalinated water,missing,missing,missing,missing,missing,missing,missing,missing,missing,MTC
106,0.0,0.0,0.0,0.0,0.0,0.0,0.0041317879,0.0132230825,0.0241122868999999,s1-procureScaling-h,high,Africa_Southern,elec_biomass (IGCC CCS),missing,missing,missing,missing,missing,missing,missing,missing,missing,MTC
107,0.0,0.0,0.0,0.005272095,0.0172900109999999,0.027087311,0.03447945,0.057816524,0.0973915989999999,s1-procureScaling-h,high,Africa_Southern,elec_biomass (IGCC),missing,missing,missing,missing,missing,missing,missing,missing,missing,MTC
108,0.0,0.0,0.0,0.0,0.0,0.0,0.0007125710000000001,0.005316766,0.017604489,s1-procureScaling-h,high,Africa_Southern,elec_biomass (conv CCS),missing,missing,missing,missing,missing,missing,missing,missing,missing,MTC
109,0.0,0.0,0.079190367,0.099839173,0.1426259949999999,0.169375918,0.186450332,0.227585697,0.290333218,s1-procureScaling-h,high,Africa_Southern,elec_biomass (conv),missing,missing,missing,missing,missing,missing,missing,missing,missing,MTC
110,0.0,0.0,0.0,0.0,0.0,0.0,0.004052355,0.025676031,0.0717058009999999,s1-procureScaling-h,high,Africa_Southern,elec_coal (IGCC CCS),missing,missing,missing,missing,missing,missing,missing,missing,missing,MTC
111,0.0,0.0,0.0,0.19330436,0.57829924,0.8598462100000002,1.0938233,1.5427713599999997,2.05935051,s1-procureScaling-h,high,Africa_Southern,elec_coal (IGCC),missing,missing,missing,missing,missing,missing,missing,missing,missing,MTC
112,0.0,0.0,0.0,0.0,0.0,0.0,0.004971478,0.0277190649999999,0.07093538,s1-procureScaling-h,high,Africa_Southern,elec_coal (conv pul CCS),missing,missing,missing,missing,missing,missing,missing,missing,missing,MTC
113,2.416822,2.272396,3.8062046,4.3229107,5.2973163,5.8158752,5.912165399999999,6.119527600000001,6.2501862,s1-procureScaling-h,high,Africa_Southern,elec_coal (conv pul),missing,missing,missing,missing,missing,missing,missing,missing,missing,MTC
114,0.0,0.0,0.0,0.0,0.0,0.0,0.0142341383999999,0.0611240780999999,0.1340133926,s1-procureScaling-h,high,Africa_Southern,elec_gas (CC CCS),missing,missing,missing,missing,missing,missing,missing,missing,missing,MTC
115,0.0,0.022227937,0.347566037,0.4876025229999998,0.8361254549999998,1.1082162101000002,1.2417162550999998,1.6202757424,2.1917061254,s1-procureScaling-h,high,Africa_Southern,elec_gas (CC),missing,missing,missing,missing,missing,missing,missing,missing,missing,MTC
116,0.0,0.14539675,0.8049401890000002,0.90989207024,1.0923431807799997,1.13299723141,1.0656818156500003,1.0254926116399996,0.9803746142499996,s1-procureScaling-h,high,Africa_Southern,elec_gas (steam/CT),missing,missing,missing,missing,missing,missing,missing,missing,missing,MTC
117,0.0,0.0,0.0,0.0,0.0,0.0,0.17292356,0.5775486700000001,0.99233678,s1-procureScaling-h,high,Africa_Southern,elec_refined liquids (CC CCS),missing,missing,missing,missing,missing,missing,missing,missing,missing,MTC
118,0.0,0.0,0.562813,1.3616248999999998,3.6818901,5.477243,5.880668300000001,7.647861089999999,9.616321030000002,s1-procureScaling-h,high,Africa_Southern,elec_refined liquids (CC),missing,missing,missing,missing,missing,missing,missing,missing,missing,MTC
119,0.26689644,0.4888444,2.3197494,3.2410578,4.831035699999999,5.519966000000001,5.462118629999999,5.293767569999998,4.931372349999999,s1-procureScaling-h,high,Africa_Southern,elec_refined liquids (steam/CT),missing,missing,missing,missing,missing,missing,missing,missing,missing,MTC
120,0.0,0.0,0.000444385,0.00192503,0.00542847,0.013243,0.017395,0.0193081,0.024338,s1-procureScaling-h,high,Africa_Southern,gas processing,missing,missing,missing,missing,missing,missing,missing,missing,missing,MTC
121,9.575861,10.510427,14.48255621,17.01930086,20.06518983,23.39495873,28.8650087,32.46317646000001,35.836268919999995,s1-procureScaling-h,high,Africa_Southern,industrial energy use,missing,missing,missing,missing,missing,missing,missing,missing,missing,MTC
122,0.0,0.0424197,0.0723004,0.115753,0.181952,0.264181,0.326608,0.449955,0.61658,s1-procureScaling-h,high,Africa_Southern,industrial feedstocks,missing,missing,missing,missing,missing,missing,missing,missing,missing,MTC
123,0.15178957,0.2872326,0.5043811,0.6223964000000001,0.7941179999999999,0.9992064,1.086362,1.315831,1.647141,s1-procureScaling-h,high,Africa_Southern,process heat cement,missing,missing,missing,missing,missing,missing,missing,missing,missing,MTC
124,0.177483,0.155462,0.183538,0.40820116,0.8677918099999999,1.31560164,1.68877873,2.42238852,3.24060027,s1-procureScaling-h,high,Africa_Southern,refining,missing,missing,missing,missing,missing,missing,missing,missing,missing,MTC
125,-8.67946,-11.5114,-17.3318,-20.532,-24.3934,-28.4803,-36.5301,-41.7356,-47.6078,s1-procureScaling-h,high,Africa_Southern,regional biomass,missing,missing,missing,missing,missing,missing,missing,missing,missing,MTC
126,0.0,0.0,-0.0418319,-0.0562419,-0.0771706,-0.101361,-0.117879,-0.132451,-0.155662,s1-procureScaling-h,high,Africa_Southern,regional biomassOil,missing,missing,missing,missing,missing,missing,missing,missing,missing,MTC
127,0.0,0.0,-0.234203,-0.316297,-0.454516,-0.609186,-0.702785,-0.787455,-0.887268,s1-procureScaling-h,high,Africa_Southern,regional corn for ethanol,missing,missing,missing,missing,missing,missing,missing,missing,missing,MTC
128,1.8923185,2.9406196600000003,4.2839426326,4.6968476587,4.8904895790000005,5.0838067086,4.6793180354,4.1232472804,3.7730476368,s1-procureScaling-h,high,Africa_Southern,resid others,missing,missing,missing,missing,missing,missing,missing,missing,missing,MTC
129,0.328876,0.333294,0.43292,0.516941,0.635373,0.771873,0.912396,1.0998,1.33985,s1-procureScaling-h,high,Africa_Southern,trn_aviation_intl,missing,missing,missing,missing,missing,missing,missing,missing,missing,MTC
130,0.18126233,0.07933224,0.1262701,0.1437357,0.1672997,0.1931379,0.2018395,0.223658,0.2537709,s1-procureScaling-h,high,Africa_Southern,trn_freight,missing,missing,missing,missing,missing,missing,missing,missing,missing,MTC
131,0.8350699,1.573445,3.70442483693,4.10640006942,4.52933717591,4.847107473,5.36777355,6.054452840000002,6.9708145,s1-procureScaling-h,high,Africa_Southern,trn_freight_road,missing,missing,missing,missing,missing,missing,missing,missing,missing,MTC
132,0.265211318,0.26961092,0.36572958,0.47244283,0.63794887,0.84991114,1.04565488,1.33692752,1.75129394,s1-procureScaling-h,high,Africa_Southern,trn_pass,missing,missing,missing,missing,missing,missing,missing,missing,missing,MTC
133,0.192794,0.36326,1.057154489,1.162493944,1.0373567,1.0729278,1.1852026999999998,1.3339067000000002,1.4965031000000002,s1-procureScaling-h,high,Africa_Southern,trn_pass_road,missing,missing,missing,missing,missing,missing,missing,missing,missing,MTC
134,0.0240557,0.0453245,0.0678984699999999,0.0583216399999999,0.06803797,0.06898241,0.0627664,0.0562521,0.052334,s1-procureScaling-h,high,Africa_Southern,trn_pass_road_LDV,missing,missing,missing,missing,missing,missing,missing,missing,missing,MTC
135,0.611453,1.152092,1.839370572,1.8501480529,2.1179012552,2.3375210355000005,2.603224191,3.2154560557,3.987851359000001,s1-procureScaling-h,high,Africa_Southern,trn_pass_road_LDV_4W,missing,missing,missing,missing,missing,missing,missing,missing,missing,MTC
136,0.788373,0.383396,0.782811,0.840398,0.913081,0.990438,1.03157,1.09226,1.16869,s1-procureScaling-h,high,Africa_Southern,trn_shipping_intl,missing,missing,missing,missing,missing,missing,missing,missing,missing,MTC
137,0.0,0.0,0.0,0.0,0.0,0.0,-0.3647133,-0.523035,-0.687701,s1-procureScaling-h,high,Africa_Western,CDR_regional,missing,missing,missing,missing,missing,missing,missing,missing,missing,MTC
138,0.0,0.0,0.0598378799999999,0.1545934,0.3625354,0.7354877,0.4576948799999999,0.50533407,0.6479311999999999,s1-procureScaling-h,high,Africa_Western,H2 central production,missing,missing,missing,missing,missing,missing,missing,missing,missing,MTC
139,0.0,0.0,0.0273396,0.0688703,0.160931,0.325412,0.566527,0.98713,1.6109,s1-procureScaling-h,high,Africa_Western,H2 forecourt production,missing,missing,missing,missing,missing,missing,missing,missing,missing,MTC
140,0.166804,0.0323455,0.2267725,0.3629194999999999,0.5587413999999999,0.7537159,0.90301475,1.04069388,1.1099348299999998,s1-procureScaling-h,high,Africa_Western,N fertilizer,missing,missing,missing,missing,missing,missing,missing,missing,missing,MTC
141,0.0,0.0,0.014694,0.111516,0.355631,0.867262,2.23771,4.08279,6.58128,s1-procureScaling-h,high,Africa_Western,backup_electricity,missing,missing,missing,missing,missing,missing,missing,missing,missing,MTC
142,0.0,0.0,0.0495023,0.0710427,0.14661,0.213656,0.379728,0.629957,0.920959,s1-procureScaling-h,high,Africa_Western,biogas processing,missing,missing,missing,missing,missing,missing,missing,missing,missing,MTC
143,0.0,0.0,0.87597441,2.41402113,5.597620159999999,9.566677470000002,13.191787950000002,16.53588192000001,20.389765530000005,s1-procureScaling-h,high,Africa_Western,biorefining,missing,missing,missing,missing,missing,missing,missing,missing,missing,MTC
144,0.998,1.538,2.17807,2.72174,3.87404,5.37285,4.701733,4.948215,5.458793,s1-procureScaling-h,high,Africa_Western,cement,missing,missing,missing,missing,missing,missing,missing,missing,missing,MTC
145,0.00186651,0.00396354111,0.00841293169,0.01014077209,0.01379035865,0.0184310789799999,0.02298246485,0.029117483439,0.036457638852,s1-procureScaling-h,high,Africa_Western,comm heating,missing,missing,missing,missing,missing,missing,missing,missing,missing,MTC
146,3.90673,3.4772352100000004,8.049664861,9.227192125,11.437955718,14.12463944,16.01563492,16.804378439999997,17.69218215,s1-procureScaling-h,high,Africa_Western,comm others,missing,missing,missing,missing,missing,missing,missing,missing,missing,MTC
147,0.01732607,0.0157272,0.03172724,0.0368241,0.0459888,0.0572097,0.0644995,0.0739936,0.0839587,s1-procureScaling-h,high,Africa_Western,desalinated water,missing,missing,missing,missing,missing,missing,missing,missing,missing,MTC
148,0.0,0.0,0.0,0.0,0.0,0.0,0.04492684,0.10206527,0.15648289,s1-procureScaling-h,high,Africa_Western,elec_biomass (IGCC CCS),missing,missing,missing,missing,missing,missing,missing,missing,missing,MTC
149,0.0,0.0,0.0,0.030402987,0.11413632,0.216699703,0.2839277469999999,0.404151975,0.559687481,s1-procureScaling-h,high,Africa_Western,elec_biomass (IGCC),missing,missing,missing,missing,missing,missing,missing,missing,missing,MTC
150,0.0,0.0,0.0,0.0,0.0,0.0,0.00788479,0.03713625,0.0999101199999999,s1-procureScaling-h,high,Africa_Western,elec_biomass (conv CCS),missing,missing,missing,missing,missing,missing,missing,missing,missing,MTC
151,0.05776654,0.1049429899999999,0.1628566776999999,0.2682149828,0.5786406409999999,0.8792753610999999,0.9767437971,1.09176126152,1.2041995723,s1-procureScaling-h,high,Africa_Western,elec_biomass (conv),missing,missing,missing,missing,missing,missing,missing,missing,missing,MTC
152,0.0,0.0,0.0,0.0,0.0,0.0,0.0007700604,0.0034293909,0.0086432278,s1-procureScaling-h,high,Africa_Western,elec_coal (IGCC CCS),missing,missing,missing,missing,missing,missing,missing,missing,missing,MTC
153,0.0,0.0,0.0,0.015020773,0.056041397,0.1075076329999999,0.151293671,0.204638973,0.25715933,s1-procureScaling-h,high,Africa_Western,elec_coal (IGCC),missing,missing,missing,missing,missing,missing,missing,missing,missing,MTC
154,0.0,0.0,0.0,0.0,0.0,0.0,0.000939128,0.003737197,0.0086637389999999,s1-procureScaling-h,high,Africa_Western,elec_coal (conv pul CCS),missing,missing,missing,missing,missing,missing,missing,missing,missing,MTC
155,0.0396646799999999,0.22588014,0.20222172,0.2431491999999999,0.35409199,0.4832917299999999,0.4834308879999999,0.542382608,0.5969368010000002,s1-procureScaling-h,high,Africa_Western,elec_coal (conv pul),missing,missing,missing,missing,missing,missing,missing,missing,missing,MTC
156,0.0,0.0,0.0,0.0,0.0,0.0,0.16696658,0.4766925856000001,0.8639436328999999,s1-procureScaling-h,high,Africa_Western,elec_gas (CC CCS),missing,missing,missing,missing,missing,missing,missing,missing,missing,MTC
157,0.2850668,0.7694187,0.507610076,1.07869279735,3.2464313207399997,6.45296766081,8.12598970125,10.550527751489996,13.41731600364,s1-procureScaling-h,high,Africa_Western,elec_gas (CC),missing,missing,missing,missing,missing,missing,missing,missing,missing,MTC
158,0.8342062,1.9892481,5.60396312,6.11037334387,7.64040974077,8.633216614210003,7.411066703600001,6.318622468519997,5.306411047509999,s1-procureScaling-h,high,Africa_Western,elec_gas (steam/CT),missing,missing,missing,missing,missing,missing,missing,missing,missing,MTC
159,0.0,0.0,0.0,0.0,0.0,0.0,0.11782645,0.25469725,0.36029139,s1-procureScaling-h,high,Africa_Western,elec_refined liquids (CC CCS),missing,missing,missing,missing,missing,missing,missing,missing,missing,MTC
160,0.0,0.0,0.13109786,0.2951326199999999,1.09886892,2.0594257,1.79686392,2.529106281,3.074512847999999,s1-procureScaling-h,high,Africa_Western,elec_refined liquids (CC),missing,missing,missing,missing,missing,missing,missing,missing,missing,MTC
161,1.028154,1.3714644,1.5092914,1.51223992,1.92323309,2.2442360800000003,1.8869453700000005,1.70588403,1.42665955,s1-procureScaling-h,high,Africa_Western,elec_refined liquids (steam/CT),missing,missing,missing,missing,missing,missing,missing,missing,missing,MTC
162,0.1914,0.0,0.0,0.0,0.0,0.0,0.0,0.0,0.0,s1-procureScaling-h,high,Africa_Western,gas pipeline,missing,missing,missing,missing,missing,missing,missing,missing,missing,MTC
163,0.0,0.0,0.00214003,0.00804866,0.0231509,0.0600427,0.0672247,0.0837536,0.114251,s1-procureScaling-h,high,Africa_Western,gas processing,missing,missing,missing,missing,missing,missing,missing,missing,missing,MTC
164,10.561987,27.19297,50.41837423,60.9205233,82.40454629999999,108.6269394,140.2692183,171.53633799999997,205.162871,s1-procureScaling-h,high,Africa_Western,industrial energy use,missing,missing,missing,missing,missing,missing,missing,missing,missing,MTC
165,0.0,0.855372,1.43731,2.17247,3.60744,5.61149,7.8085,10.7905,14.775,s1-procureScaling-h,high,Africa_Western,industrial feedstocks,missing,missing,missing,missing,missing,missing,missing,missing,missing,MTC
166,0.5969906,0.8564473,1.4491254999999998,1.792907,2.510766,3.436386,3.949155,4.993799,6.431615,s1-procureScaling-h,high,Africa_Western,process heat cement,missing,missing,missing,missing,missing,missing,missing,missing,missing,MTC
167,1.11524,1.23187,0.9131547,1.12727682,1.73128578,2.57207494,3.29087109,4.392676540000001,5.49045521,s1-procureScaling-h,high,Africa_Western,refining,missing,missing,missing,missing,missing,missing,missing,missing,missing,MTC
168,-14.4645,-29.8085,-63.2783,-78.6615,-109.028,-145.282,-193.358,-233.27,-277.678,s1-procureScaling-h,high,Africa_Western,regional biomass,missing,missing,missing,missing,missing,missing,missing,missing,missing,MTC
169,0.0,0.0,-0.232841,-0.304243,-0.409156,-0.522145,-0.569435,-0.599442,-0.624211,s1-procureScaling-h,high,Africa_Western,regional biomassOil,missing,missing,missing,missing,missing,missing,missing,missing,missing,MTC
170,0.0,0.0,-0.0205063,-0.0312711,-0.0559182,-0.0864169,-0.0927009,-0.103305,-0.112131,s1-procureScaling-h,high,Africa_Western,regional corn for ethanol,missing,missing,missing,missing,missing,missing,missing,missing,missing,MTC
171,3.7011963,6.50203775,12.476719769,15.858090213,21.969923868,28.96870729,34.162247164,36.475099685,38.329501713000006,s1-procureScaling-h,high,Africa_Western,resid others,missing,missing,missing,missing,missing,missing,missing,missing,missing,MTC
172,0.511866,0.673435,0.962113,1.15897,1.54583,2.0252,2.54333,3.20147,3.98486,s1-procureScaling-h,high,Africa_Western,trn_aviation_intl,missing,missing,missing,missing,missing,missing,missing,missing,missing,MTC
173,0.12182251,0.1846856,0.49356,0.574416,0.720916,0.891357,0.989455,1.154221,1.333935,s1-procureScaling-h,high,Africa_Western,trn_freight,missing,missing,missing,missing,missing,missing,missing,missing,missing,MTC
174,2.8615090000000003,6.214549,11.602847940000002,12.914521440000003,15.079094820000002,17.14096519,19.91619909,23.293186840000008,27.424034800000005,s1-procureScaling-h,high,Africa_Western,trn_freight_road,missing,missing,missing,missing,missing,missing,missing,missing,missing,MTC
175,0.41458056,0.54827051,0.8200604,1.0755574,1.643161,2.4508802000000003,3.3079970000000003,4.522395899999999,6.100700600000001,s1-procureScaling-h,high,Africa_Western,trn_pass,missing,missing,missing,missing,missing,missing,missing,missing,missing,MTC
176,0.660633,1.43474,3.2850363,3.6146762,3.2955798,3.4858944,3.8894827,4.357786,4.821646,s1-procureScaling-h,high,Africa_Western,trn_pass_road,missing,missing,missing,missing,missing,missing,missing,missing,missing,MTC
177,0.0824293,0.179015,0.19925016,0.1670088,0.2023562,0.2117783,0.1893701,0.1683062,0.1524325,s1-procureScaling-h,high,Africa_Western,trn_pass_road_LDV,missing,missing,missing,missing,missing,missing,missing,missing,missing,MTC
178,2.095212,4.5502970000000005,5.88453,5.968964809000001,7.586685023999999,9.234717529,11.092691544,14.22917349,17.948138421,s1-procureScaling-h,high,Africa_Western,trn_pass_road_LDV_4W,missing,missing,missing,missing,missing,missing,missing,missing,missing,MTC
179,1.2713,1.55672,2.02012,2.19034,2.4735,2.77894,2.98877,3.25186,3.52116,s1-procureScaling-h,high,Africa_Western,trn_shipping_intl,missing,missing,missing,missing,missing,missing,missing,missing,missing,MTC
180,0.0,0.0,0.0,0.0,0.0,0.0,-0.577762,-0.651028,-0.721471,s1-procureScaling-h,high,Australia_NZ,CDR_regional,missing,missing,missing,missing,missing,missing,missing,missing,missing,MTC
181,0.0,0.0,0.0181396999999999,0.0374513,0.05863445,0.0853509799999999,0.0392779074,0.032624227,0.0323695379999999,s1-procureScaling-h,high,Australia_NZ,H2 central production,missing,missing,missing,missing,missing,missing,missing,missing,missing,MTC
182,0.0,0.0,0.00713705,0.0146175,0.0235605,0.0347686,0.0489496,0.0649525,0.0811783,s1-procureScaling-h,high,Australia_NZ,H2 forecourt production,missing,missing,missing,missing,missing,missing,missing,missing,missing,MTC
183,0.164934,0.288085,0.5465949999999999,0.7013769999999999,0.874302,0.961449,0.9897181,0.99914461,0.95694003,s1-procureScaling-h,high,Australia_NZ,N fertilizer,missing,missing,missing,missing,missing,missing,missing,missing,missing,MTC
184,0.0,0.0,0.0275581,0.0858601,0.238139,0.428394,0.780153,1.14173,1.43844,s1-procureScaling-h,high,Australia_NZ,backup_electricity,missing,missing,missing,missing,missing,missing,missing,missing,missing,MTC
185,0.0,0.0,0.000401592,0.000429253,0.000454873,0.000482191,0.00079938,0.00104136,0.00116778,s1-procureScaling-h,high,Australia_NZ,biogas pipeline,missing,missing,missing,missing,missing,missing,missing,missing,missing,MTC
186,0.0,0.0,0.0875185,0.092612,0.0971491,0.101934,0.167246,0.215604,0.239236,s1-procureScaling-h,high,Australia_NZ,biogas processing,missing,missing,missing,missing,missing,missing,missing,missing,missing,MTC
187,0.0,0.0,1.501825,3.103632,4.9598575,6.561701469999999,8.372313709999998,9.03239826,9.51585302,s1-procureScaling-h,high,Australia_NZ,biorefining,missing,missing,missing,missing,missing,missing,missing,missing,missing,MTC
188,1.064,1.303,1.43474,1.56596,1.69066,1.80494,1.1955594,0.9049992,0.73051,s1-procureScaling-h,high,Australia_NZ,cement,missing,missing,missing,missing,missing,missing,missing,missing,missing,MTC
189,0.2917822,0.41004519,0.57326117,0.6046347,0.6426321800000001,0.6841358399999999,0.66515537,0.6591824900000001,0.64786907,s1-procureScaling-h,high,Australia_NZ,comm heating,missing,missing,missing,missing,missing,missing,missing,missing,missing,MTC
190,0.7411829999999999,0.9338741,1.138264841,1.103406539,1.092475379,1.139936831,1.063661219,0.98276235,0.904502174,s1-procureScaling-h,high,Australia_NZ,comm others,missing,missing,missing,missing,missing,missing,missing,missing,missing,MTC
191,0.0,0.0,4.23414e-06,8.96838e-06,1.85499e-05,2.69567e-05,3.77137e-05,0.0,0.0,s1-procureScaling-h,high,Australia_NZ,csp_backup,missing,missing,missing,missing,missing,missing,missing,missing,missing,MTC
192,0.01595033,0.01587911,0.01985792,0.02205614,0.0245053,0.0270009,0.0260737,0.0259677,0.0257234,s1-procureScaling-h,high,Australia_NZ,desalinated water,missing,missing,missing,missing,missing,missing,missing,missing,missing,MTC
193,0.0,0.0,0.0,0.0,0.0,0.0,0.016291319,0.040378045,0.056984809,s1-procureScaling-h,high,Australia_NZ,elec_biomass (IGCC CCS),missing,missing,missing,missing,missing,missing,missing,missing,missing,MTC
194,0.0,0.0,0.0,0.02487886,0.0517986899999999,0.0712151199999999,0.08852431,0.1233183699999999,0.14685929,s1-procureScaling-h,high,Australia_NZ,elec_biomass (IGCC),missing,missing,missing,missing,missing,missing,missing,missing,missing,MTC
195,0.0,0.0,0.0,0.0,0.0,0.0,0.002861553,0.015797132,0.036824118,s1-procureScaling-h,high,Australia_NZ,elec_biomass (conv CCS),missing,missing,missing,missing,missing,missing,missing,missing,missing,MTC
196,0.0,0.2570561,0.1987029,0.2458324,0.29511598,0.30976918,0.32488754,0.3350934,0.30313913,s1-procureScaling-h,high,Australia_NZ,elec_biomass (conv),missing,missing,missing,missing,missing,missing,missing,missing,missing,MTC
197,0.0,0.0,0.0,0.0,0.0,0.0,0.0166844999999999,0.07190652,0.13846482,s1-procureScaling-h,high,Australia_NZ,elec_coal (IGCC CCS),missing,missing,missing,missing,missing,missing,missing,missing,missing,MTC
198,0.0,0.0,0.0,1.567248,2.979563,3.874289,4.580476000000001,5.318329,5.5075419000000005,s1-procureScaling-h,high,Australia_NZ,elec_coal (IGCC),missing,missing,missing,missing,missing,missing,missing,missing,missing,MTC
199,0.0,0.0,0.0,0.0,0.0,0.0,0.02213918,0.0851858899999999,0.15335615,s1-procureScaling-h,high,Australia_NZ,elec_coal (conv pul CCS),missing,missing,missing,missing,missing,missing,missing,missing,missing,MTC
200,33.18672,53.33441,52.53854,55.875786,57.33251099999999,55.97412700000001,51.673903,43.97625100000001,33.895284,s1-procureScaling-h,high,Australia_NZ,elec_coal (conv pul),missing,missing,missing,missing,missing,missing,missing,missing,missing,MTC
201,0.0,0.0,0.0,0.0,0.0,0.0,0.0367109721,0.11231702981,0.17794747793,s1-procureScaling-h,high,Australia_NZ,elec_gas (CC CCS),missing,missing,missing,missing,missing,missing,missing,missing,missing,MTC
202,1.237204,1.598911,0.9690707190000002,1.48968878294,2.1975527855,2.74810638978,2.964795665719999,3.3769109420400008,3.6471034918499994,s1-procureScaling-h,high,Australia_NZ,elec_gas (CC),missing,missing,missing,missing,missing,missing,missing,missing,missing,MTC
203,1.558259,2.253379,6.790755670000001,6.7215722728900005,6.497288468440001,5.953618007739999,4.379545052450002,3.256708247929,2.313390992856,s1-procureScaling-h,high,Australia_NZ,elec_gas (steam/CT),missing,missing,missing,missing,missing,missing,missing,missing,missing,MTC
204,0.0,0.0,0.0,0.0,0.0,0.0,0.01128794,0.02427888,0.025500138,s1-procureScaling-h,high,Australia_NZ,elec_refined liquids (CC CCS),missing,missing,missing,missing,missing,missing,missing,missing,missing,MTC
205,0.0,0.0,0.0839502,0.10991877,0.1594085,0.16949256,0.12919913,0.1889127299999999,0.18980485,s1-procureScaling-h,high,Australia_NZ,elec_refined liquids (CC),missing,missing,missing,missing,missing,missing,missing,missing,missing,MTC
206,0.781058,0.677679,0.7627010999999999,0.6036358999999999,0.5084486800000001,0.47492697,0.3762637899999999,0.278416136,0.195331214,s1-procureScaling-h,high,Australia_NZ,elec_refined liquids (steam/CT),missing,missing,missing,missing,missing,missing,missing,missing,missing,MTC
207,0.00178354,0.197344,0.126928,0.12947,0.137415,0.142902,0.135159,0.137518,0.138797,s1-procureScaling-h,high,Australia_NZ,gas pipeline,missing,missing,missing,missing,missing,missing,missing,missing,missing,MTC
208,0.026547,0.165568,0.00459941,0.0127232,0.0209936,0.0369592,0.0335691,0.0291102,0.0291326,s1-procureScaling-h,high,Australia_NZ,gas processing,missing,missing,missing,missing,missing,missing,missing,missing,missing,MTC
209,19.0502596,24.367512000000005,25.4291743,25.4690394,25.5189758,26.5160387,26.3106928,25.2167007,24.2511314,s1-procureScaling-h,high,Australia_NZ,industrial energy use,missing,missing,missing,missing,missing,missing,missing,missing,missing,MTC
210,0.348195,0.408379,1.08347,1.21595,1.37334,1.48739,1.35921,1.38321,1.42774,s1-procureScaling-h,high,Australia_NZ,industrial feedstocks,missing,missing,missing,missing,missing,missing,missing,missing,missing,MTC
211,0.7588765000000001,0.8300812,1.0103726,1.0878835,1.1440716000000002,1.2058788,1.0154051,0.962595,0.951665,s1-procureScaling-h,high,Australia_NZ,process heat cement,missing,missing,missing,missing,missing,missing,missing,missing,missing,MTC
212,1.512986,1.40820098,2.51471,2.532907045,2.350837316,2.2316580040000003,2.174328039,2.276156292,2.369617879,s1-procureScaling-h,high,Australia_NZ,refining,missing,missing,missing,missing,missing,missing,missing,missing,missing,MTC
213,-4.58094,-6.24487,-9.05604,-11.7171,-14.6938,-17.5352,-25.2148,-28.1496,-31.3426,s1-procureScaling-h,high,Australia_NZ,regional biomass,missing,missing,missing,missing,missing,missing,missing,missing,missing,MTC
214,0.0,0.0,-0.64718,-0.804548,-0.977656,-1.10169,-1.15371,-1.10099,-0.940439,s1-procureScaling-h,high,Australia_NZ,regional biomassOil,missing,missing,missing,missing,missing,missing,missing,missing,missing,MTC
215,0.0,-0.0155867,-0.676455,-0.789006,-0.903218,-0.982915,-0.960135,-0.911247,-0.759703,s1-procureScaling-h,high,Australia_NZ,regional corn for ethanol,missing,missing,missing,missing,missing,missing,missing,missing,missing,MTC
216,2.48542,2.497026,2.698825,2.744803,2.73618,2.767354,2.730914,2.5782670000000003,2.452982,s1-procureScaling-h,high,Australia_NZ,resid heating,missing,missing,missing,missing,missing,missing,missing,missing,missing,MTC
217,0.991367,1.1003824,1.31089285,1.23885243,1.21928464,1.24825557,1.1500876599999998,1.0617931900000002,0.976406974,s1-procureScaling-h,high,Australia_NZ,resid others,missing,missing,missing,missing,missing,missing,missing,missing,missing,MTC
218,1.64898,2.63745,4.31939,4.63184,4.89356,5.11783,5.2954,5.48831,5.66563,s1-procureScaling-h,high,Australia_NZ,trn_aviation_intl,missing,missing,missing,missing,missing,missing,missing,missing,missing,MTC
219,1.0021662999999998,1.037516,1.248391,1.356777,1.466865,1.567171,1.583973,1.652238,1.727811,s1-procureScaling-h,high,Australia_NZ,trn_freight,missing,missing,missing,missing,missing,missing,missing,missing,missing,MTC
220,6.59115,8.69641,10.4312365,11.0932541,11.319591399999998,11.15294137,11.155668500000004,11.2111843,11.369441399999996,s1-procureScaling-h,high,Australia_NZ,trn_freight_road,missing,missing,missing,missing,missing,missing,missing,missing,missing,MTC
221,1.0480848,1.6672796,2.8482188,3.1319086,3.3707188,3.5985992,3.6762771,3.7866463,3.8948692,s1-procureScaling-h,high,Australia_NZ,trn_pass,missing,missing,missing,missing,missing,missing,missing,missing,missing,MTC
222,0.3446259,0.4306877,0.7738649000000001,0.888503,0.7492884,0.6616022,0.6155689999999999,0.6050789000000001,0.6010765,s1-procureScaling-h,high,Australia_NZ,trn_pass_road,missing,missing,missing,missing,missing,missing,missing,missing,missing,MTC
223,0.0581546,0.0767311,0.081379,0.0742896,0.0675235,0.0625678,0.0578252,0.0539009,0.0503376,s1-procureScaling-h,high,Australia_NZ,trn_pass_road_LDV,missing,missing,missing,missing,missing,missing,missing,missing,missing,MTC
224,10.48467276,13.83350768,15.55775001,14.32966432,11.32475588,9.145268247,7.467922489999999,7.07416804,6.97450732,s1-procureScaling-h,high,Australia_NZ,trn_pass_road_LDV_4W,missing,missing,missing,missing,missing,missing,missing,missing,missing,MTC
225,0.71584,0.893446,0.848079,0.889196,0.925952,0.962822,0.958914,0.966714,0.977343,s1-procureScaling-h,high,Australia_NZ,trn_shipping_intl,missing,missing,missing,missing,missing,missing,missing,missing,missing,MTC
226,0.0,0.0,0.0,0.0,0.0,0.0,-0.714869,-0.8375,-0.940687,s1-procureScaling-h,high,Brazil,CDR_regional,missing,missing,missing,missing,missing,missing,missing,missing,missing,MTC
227,0.0,0.0,0.0640631099999999,0.1413719,0.2314474,0.3376830999999999,0.1519528399999999,0.1256358699999999,0.1221375,s1-procureScaling-h,high,Brazil,H2 central production,missing,missing,missing,missing,missing,missing,missing,missing,missing,MTC
228,0.0,0.0,0.0262881,0.0573484,0.0948868,0.139825,0.190065,0.249696,0.305954,s1-procureScaling-h,high,Brazil,H2 forecourt production,missing,missing,missing,missing,missing,missing,missing,missing,missing,MTC
229,0.411147,0.52656,0.665594,0.822341,1.002874,1.11466,1.17443782,1.22789742,1.22128456,s1-procureScaling-h,high,Brazil,N fertilizer,missing,missing,missing,missing,missing,missing,missing,missing,missing,MTC
230,0.0,0.0,0.047972,0.175347,0.507319,0.908552,1.54738,2.17083,2.7473,s1-procureScaling-h,high,Brazil,backup_electricity,missing,missing,missing,missing,missing,missing,missing,missing,missing,MTC
231,0.0,0.0,0.00502595,0.00561069,0.00642702,0.00575236,0.00765949,0.00969808,0.0103618,s1-procureScaling-h,high,Brazil,biogas pipeline,missing,missing,missing,missing,missing,missing,missing,missing,missing,MTC
232,0.0,0.0,0.175624,0.194097,0.220094,0.194982,0.256952,0.321954,0.340371,s1-procureScaling-h,high,Brazil,biogas processing,missing,missing,missing,missing,missing,missing,missing,missing,missing,MTC
233,0.0,0.0,1.2742980000000002,1.3647050200000002,1.48891213,1.53884224,2.70014868,5.04784123,7.370230340000002,s1-procureScaling-h,high,Brazil,biorefining,missing,missing,missing,missing,missing,missing,missing,missing,missing,MTC
234,3.509,5.264,7.57604,8.21304,8.85973,9.37998,6.367723000000001,4.805665,3.790256,s1-procureScaling-h,high,Brazil,cement,missing,missing,missing,missing,missing,missing,missing,missing,missing,MTC
235,0.0120799,0.0544655,0.0264688,0.0232929,0.0213927,0.0201098,0.0167751,0.0146171,0.0126408,s1-procureScaling-h,high,Brazil,comm cooling,missing,missing,missing,missing,missing,missing,missing,missing,missing,MTC
236,0.15673671,0.1484587,0.1157264799999999,0.10614747,0.100635,0.100473,0.09330808,0.08095588,0.07393831,s1-procureScaling-h,high,Brazil,comm heating,missing,missing,missing,missing,missing,missing,missing,missing,missing,MTC
237,0.9620889,0.9693334,0.5731587,0.5150882,0.5003386,0.5100366000000001,0.4592849,0.4056817,0.3760206,s1-procureScaling-h,high,Brazil,comm others,missing,missing,missing,missing,missing,missing,missing,missing,missing,MTC
238,0.01346182,0.02009989,0.0204317,0.02182456,0.02401886,0.0263740599999999,0.02586113,0.02560408,0.0256093599999999,s1-procureScaling-h,high,Brazil,desalinated water,missing,missing,missing,missing,missing,missing,missing,missing,missing,MTC
239,0.0,0.0,0.0,0.0,0.0,0.0,0.027759699,0.05802277,0.078910362,s1-procureScaling-h,high,Brazil,elec_biomass (IGCC CCS),missing,missing,missing,missing,missing,missing,missing,missing,missing,MTC
240,0.0,0.0,0.0,0.04821146,0.11498517,0.167747031,0.194579268,0.230109537,0.255936032,s1-procureScaling-h,high,Brazil,elec_biomass (IGCC),missing,missing,missing,missing,missing,missing,missing,missing,missing,MTC
241,0.0,0.0,0.0,0.0,0.0,0.0,0.004767625,0.020436175,0.045916745,s1-procureScaling-h,high,Brazil,elec_biomass (conv CCS),missing,missing,missing,missing,missing,missing,missing,missing,missing,MTC
242,0.0,0.0,0.3392006499999999,0.50595708,0.6980924199999998,0.7773398899999999,0.7612857799999999,0.68999486,0.6039967,s1-procureScaling-h,high,Brazil,elec_biomass (conv),missing,missing,missing,missing,missing,missing,missing,missing,missing,MTC
243,0.0,0.0,0.0,0.0,0.0,0.0,0.008173812,0.028422864,0.0531900779999999,s1-procureScaling-h,high,Brazil,elec_coal (IGCC CCS),missing,missing,missing,missing,missing,missing,missing,missing,missing,MTC
244,0.0,0.0,0.0,0.7692887,1.6162519,2.21417537,2.56456262,2.8188465,2.852213879999999,s1-procureScaling-h,high,Brazil,elec_coal (IGCC),missing,missing,missing,missing,missing,missing,missing,missing,missing,MTC
245,0.0,0.0,0.0,0.0,0.0,0.0,0.0101489199999999,0.03173932,0.05541416,s1-procureScaling-h,high,Brazil,elec_coal (conv pul CCS),missing,missing,missing,missing,missing,missing,missing,missing,missing,MTC
246,1.1412612999999998,2.0995724,8.541760200000002,10.840749399999998,13.0516909,14.279857500000002,14.2815396,13.439214499999997,11.776820980000004,s1-procureScaling-h,high,Brazil,elec_coal (conv pul),missing,missing,missing,missing,missing,missing,missing,missing,missing,MTC
247,0.0,0.0,0.0,0.0,0.0,0.0,0.151359284,0.3848057635999999,0.5888461120999998,s1-procureScaling-h,high,Brazil,elec_gas (CC CCS),missing,missing,missing,missing,missing,missing,missing,missing,missing,MTC
248,0.0,0.9139153,5.48626589,8.877938930199997,13.4145518828,16.994204461700004,17.914670542499994,19.061894097400007,19.6622353199,s1-procureScaling-h,high,Brazil,elec_gas (CC),missing,missing,missing,missing,missing,missing,missing,missing,missing,MTC
249,0.002971084,0.7685006,8.336498559999997,10.59399143618,12.43243393869,12.848274850090004,10.230817279250005,8.358878344129996,6.55598198275,s1-procureScaling-h,high,Brazil,elec_gas (steam/CT),missing,missing,missing,missing,missing,missing,missing,missing,missing,MTC
250,0.0,0.0,0.0,0.0,0.0,0.0,0.13961505,0.196742508,0.184435029,s1-procureScaling-h,high,Brazil,elec_refined liquids (CC CCS),missing,missing,missing,missing,missing,missing,missing,missing,missing,MTC
251,0.0,0.0,1.114297,1.77662119,2.84767308,2.99768572,1.76897411,1.7288354899999998,1.5740074000000002,s1-procureScaling-h,high,Brazil,elec_refined liquids (CC),missing,missing,missing,missing,missing,missing,missing,missing,missing,MTC
252,0.6077583999999999,1.7248331,4.918890300000001,4.6603487,4.4510937,3.8897631,2.75461465,1.88495709,1.434981446,s1-procureScaling-h,high,Brazil,elec_refined liquids (steam/CT),missing,missing,missing,missing,missing,missing,missing,missing,missing,MTC
253,0.0112937,0.140282,0.945475,1.1795,1.46208,1.67173,1.67191,1.76383,1.83142,s1-procureScaling-h,high,Brazil,gas pipeline,missing,missing,missing,missing,missing,missing,missing,missing,missing,MTC
254,0.0,0.0,0.00686227,0.0212607,0.041514,0.0719767,0.0583534,0.0502147,0.0515727,s1-procureScaling-h,high,Brazil,gas processing,missing,missing,missing,missing,missing,missing,missing,missing,missing,MTC
255,51.43501070000001,75.527014,87.02006709999999,85.33915269999999,83.50438810000001,83.54890729999998,81.8197338,76.1607846,71.52766770000002,s1-procureScaling-h,high,Brazil,industrial energy use,missing,missing,missing,missing,missing,missing,missing,missing,missing,MTC
256,0.401039,0.305242,0.304828,0.356892,0.4082909999999999,0.456282,0.336171,0.322847,0.317209,s1-procureScaling-h,high,Brazil,industrial feedstocks,missing,missing,missing,missing,missing,missing,missing,missing,missing,MTC
257,1.51561075,2.6233583000000005,5.620531799999999,6.0066994000000005,6.3829202,6.6559718,6.283198499999999,6.2090446,6.181529099999999,s1-procureScaling-h,high,Brazil,process heat cement,missing,missing,missing,missing,missing,missing,missing,missing,missing,MTC
258,3.29677,5.99689,5.445982,5.541615709999999,5.509655799999999,5.625174809999999,5.432154390000001,5.311018829999999,5.322069000000003,s1-procureScaling-h,high,Brazil,refining,missing,missing,missing,missing,missing,missing,missing,missing,missing,MTC
259,-32.6816,-46.3097,-57.1737,-56.4751,-54.1423,-52.7511,-60.6111,-65.863,-71.6532,s1-procureScaling-h,high,Brazil,regional biomass,missing,missing,missing,missing,missing,missing,missing,missing,missing,MTC
260,0.0,0.0,-2.6549,-2.69584,-2.74315,-2.7525,-2.92908,-3.15854,-3.09034,s1-procureScaling-h,high,Brazil,regional biomassOil,missing,missing,missing,missing,missing,missing,missing,missing,missing,MTC
261,-4.80346,-5.71249,-12.6961,-12.8913,-13.152,-13.185,-14.4411,-16.897,-17.9632,s1-procureScaling-h,high,Brazil,regional sugar for ethanol,missing,missing,missing,missing,missing,missing,missing,missing,missing,MTC
262,0.5829933,0.59983971,0.6122625899999999,0.62427024,0.65964942,0.70144805,0.68887469,0.660794,0.65110888,s1-procureScaling-h,high,Brazil,resid heating,missing,missing,missing,missing,missing,missing,missing,missing,missing,MTC
263,4.3151298,4.709692,4.635287,4.264913,4.184212,4.255944,3.836751,3.384355,3.118425,s1-procureScaling-h,high,Brazil,resid others,missing,missing,missing,missing,missing,missing,missing,missing,missing,MTC
264,1.10546,1.67809,2.73793,2.9526,3.23301,3.4672,3.59008,3.71071,3.83043,s1-procureScaling-h,high,Brazil,trn_aviation_intl,missing,missing,missing,missing,missing,missing,missing,missing,missing,MTC
265,1.19054162,1.392212,1.523181,1.609476,1.768051,1.902214,1.919243,1.991041,2.087308,s1-procureScaling-h,high,Brazil,trn_freight,missing,missing,missing,missing,missing,missing,missing,missing,missing,MTC
266,10.4841,16.57048,27.3778052,28.98046257,30.057483490000003,29.9976011,30.30729103,30.5509095,31.167939300000004,s1-procureScaling-h,high,Brazil,trn_freight_road,missing,missing,missing,missing,missing,missing,missing,missing,missing,MTC
267,0.9150061,1.3899397999999998,2.3580929,2.6356351,3.0221289,3.3898967,3.4926028,3.6209976,3.7829639,s1-procureScaling-h,high,Brazil,trn_pass,missing,missing,missing,missing,missing,missing,missing,missing,missing,MTC
268,2.39841,3.79076,8.674745,9.44579,7.552607,6.569524,6.135809000000001,6.043133000000001,5.987476999999999,s1-procureScaling-h,high,Brazil,trn_pass_road,missing,missing,missing,missing,missing,missing,missing,missing,missing,MTC
269,0.774726,1.22448,1.33721,0.959255,0.769311,0.633735,0.511983,0.419543,0.351936,s1-procureScaling-h,high,Brazil,trn_pass_road_LDV,missing,missing,missing,missing,missing,missing,missing,missing,missing,MTC
270,10.480638395,17.552677,24.8117241,21.779978999999997,17.2625557,13.977232269999998,11.227007549999998,10.68559635,10.302523600000004,s1-procureScaling-h,high,Brazil,trn_pass_road_LDV_4W,missing,missing,missing,missing,missing,missing,missing,missing,missing,MTC
271,0.819665,3.73995,4.87331,5.04841,5.32943,5.58604,5.56836,5.6021,5.69818,s1-procureScaling-h,high,Brazil,trn_shipping_intl,missing,missing,missing,missing,missing,missing,missing,missing,missing,MTC
272,0.0,0.0,0.0,0.0,0.0,0.0,-0.4976692,-0.5547420000000001,-0.632375,s1-procureScaling-h,high,Canada,CDR_regional,missing,missing,missing,missing,missing,missing,missing,missing,missing,MTC
273,0.0,0.0,0.04761958,0.1023454999999999,0.1546606,0.2122543,0.091185818,0.072226012,0.06530186,s1-procureScaling-h,high,Canada,H2 central production,missing,missing,missing,missing,missing,missing,missing,missing,missing,MTC
274,0.0,0.0,0.0192582,0.0396519,0.061423,0.0861315,0.110022,0.132665,0.152207,s1-procureScaling-h,high,Canada,H2 forecourt production,missing,missing,missing,missing,missing,missing,missing,missing,missing,MTC
275,1.75396,1.8352,2.473573,2.580016,2.6744950000000003,2.68454,2.521691,2.3728770000000003,2.1936961999999998,s1-procureScaling-h,high,Canada,N fertilizer,missing,missing,missing,missing,missing,missing,missing,missing,missing,MTC
276,0.0,0.0,0.0499067,0.0828675,0.171225,0.287564,0.548661,0.76301,0.936629,s1-procureScaling-h,high,Canada,backup_electricity,missing,missing,missing,missing,missing,missing,missing,missing,missing,MTC
277,0.0,0.0,0.00753534,0.008991,0.00881988,0.00850355,0.0127093,0.0138731,0.0148667,s1-procureScaling-h,high,Canada,biogas pipeline,missing,missing,missing,missing,missing,missing,missing,missing,missing,MTC
278,0.0,0.0,0.222553,0.262892,0.255286,0.243621,0.360361,0.389266,0.412759,s1-procureScaling-h,high,Canada,biogas processing,missing,missing,missing,missing,missing,missing,missing,missing,missing,MTC
279,0.0,0.0,2.290175,3.429974799999999,4.956143099999999,6.0814827000000005,7.519683069999999,8.096847769999998,8.882147919999998,s1-procureScaling-h,high,Canada,biorefining,missing,missing,missing,missing,missing,missing,missing,missing,missing,MTC
280,1.591,1.928,1.51215,1.61912,1.73973,1.85902,1.2633983999999998,1.0134214,0.821653,s1-procureScaling-h,high,Canada,cement,missing,missing,missing,missing,missing,missing,missing,missing,missing,MTC
281,0.0864863,0.112798,0.100035,0.0861197,0.0757991,0.067706,0.0535988,0.0431007,0.0348498,s1-procureScaling-h,high,Canada,comm cooling,missing,missing,missing,missing,missing,missing,missing,missing,missing,MTC
282,5.72938,8.1785,6.57374,6.603479999999999,6.56227,6.57399,6.22074,5.79679,5.36727,s1-procureScaling-h,high,Canada,comm heating,missing,missing,missing,missing,missing,missing,missing,missing,missing,MTC
283,2.48029989,3.367963,2.993848007,2.845782464,2.8209166867999995,2.8477753297,2.432712423,2.1171775712,1.83685223465,s1-procureScaling-h,high,Canada,comm others,missing,missing,missing,missing,missing,missing,missing,missing,missing,MTC
284,0.001218781,0.0012314639999999,0.001223109,0.00121035,0.001202262,0.0012341399999999,0.001100363,0.001020141,0.000954115,s1-procureScaling-h,high,Canada,desalinated water,missing,missing,missing,missing,missing,missing,missing,missing,missing,MTC
285,0.0,0.0,0.0,0.0,0.0,0.0,0.06122841,0.106590178,0.133242593,s1-procureScaling-h,high,Canada,elec_biomass (IGCC CCS),missing,missing,missing,missing,missing,missing,missing,missing,missing,MTC
286,0.0,0.0,0.0,0.1254661,0.24342108,0.314883831,0.3901151499999999,0.440891715,0.445481452,s1-procureScaling-h,high,Canada,elec_biomass (IGCC),missing,missing,missing,missing,missing,missing,missing,missing,missing,MTC
287,0.0,0.0,0.0,0.0,0.0,0.0,0.01110188,0.03556526,0.07051571,s1-procureScaling-h,high,Canada,elec_biomass (conv CCS),missing,missing,missing,missing,missing,missing,missing,missing,missing,MTC
288,0.8732348000000001,1.886072,3.4740666000000004,3.77566077,3.86512477,3.63900769,3.2990198899999994,2.4716965,1.7197287600000002,s1-procureScaling-h,high,Canada,elec_biomass (conv),missing,missing,missing,missing,missing,missing,missing,missing,missing,MTC
289,0.0,0.0,0.0,0.0,0.0,0.0,0.010305946,0.028741908,0.049970106,s1-procureScaling-h,high,Canada,elec_coal (IGCC CCS),missing,missing,missing,missing,missing,missing,missing,missing,missing,MTC
290,0.0,0.0,0.0,0.83032349,1.56075432,2.00345777,2.53006479,2.85340531,2.88503568,s1-procureScaling-h,high,Canada,elec_coal (IGCC),missing,missing,missing,missing,missing,missing,missing,missing,missing,MTC
291,0.0,0.0,0.0,0.0,0.0,0.0,0.0135881399999999,0.03419715,0.05559645,s1-procureScaling-h,high,Canada,elec_coal (conv pul CCS),missing,missing,missing,missing,missing,missing,missing,missing,missing,MTC
292,22.82455,26.67795,22.1874456,24.286939200000003,25.4824009,25.274703200000005,24.2982561,21.67028524,17.37365135,s1-procureScaling-h,high,Canada,elec_coal (conv pul),missing,missing,missing,missing,missing,missing,missing,missing,missing,MTC
293,0.0,0.0,0.0,0.0,0.0,0.0,0.0777471199999999,0.1635466158,0.22941210186,s1-procureScaling-h,high,Canada,elec_gas (CC CCS),missing,missing,missing,missing,missing,missing,missing,missing,missing,MTC
294,1.0676792000000002,2.473067,1.295518779,2.0486837622,3.0754216978999995,3.915577487799999,4.622421287,5.186723077500001,5.3967718414200005,s1-procureScaling-h,high,Canada,elec_gas (CC),missing,missing,missing,missing,missing,missing,missing,missing,missing,MTC
295,0.04742875,2.474193,9.58986019,9.95581833287,10.00151453818,9.41676610946,7.329088864730002,5.22176544991,3.319414255157,s1-procureScaling-h,high,Canada,elec_gas (steam/CT),missing,missing,missing,missing,missing,missing,missing,missing,missing,MTC
296,0.0,0.0,0.0,0.0,0.0,0.0,0.051395541,0.068748582,0.0691892,s1-procureScaling-h,high,Canada,elec_refined liquids (CC CCS),missing,missing,missing,missing,missing,missing,missing,missing,missing,MTC
297,0.0,0.0,0.31710302,0.4781291199999999,0.713500705,0.8098014029999999,0.713650635,0.6940022180000001,0.614277833,s1-procureScaling-h,high,Canada,elec_refined liquids (CC),missing,missing,missing,missing,missing,missing,missing,missing,missing,MTC
298,3.113601,2.903578,1.4438113599999998,1.51678774,1.50097599,1.4343125199999998,1.0283963859999998,0.7323843230000001,0.527509535,s1-procureScaling-h,high,Canada,elec_refined liquids (steam/CT),missing,missing,missing,missing,missing,missing,missing,missing,missing,MTC
299,1.70061,5.53813,2.23646,2.21622,2.2847,2.32381,2.12982,1.98985,1.83195,s1-procureScaling-h,high,Canada,gas pipeline,missing,missing,missing,missing,missing,missing,missing,missing,missing,MTC
300,0.00488987,0.111776,0.0110233,0.0390003,0.0583369,0.081101,0.0523898,0.0409579,0.0411949,s1-procureScaling-h,high,Canada,gas processing,missing,missing,missing,missing,missing,missing,missing,missing,missing,MTC
301,29.902010000000004,39.93577,44.346727,44.18863189,43.380825660000006,43.13825838000001,40.06663412,36.49186293,33.48079139,s1-procureScaling-h,high,Canada,industrial energy use,missing,missing,missing,missing,missing,missing,missing,missing,missing,MTC
302,1.402827,1.199626,0.7340504999999999,0.733188,0.7830322000000001,0.8192046000000001,0.6804531,0.6372392,0.6052019,s1-procureScaling-h,high,Canada,industrial feedstocks,missing,missing,missing,missing,missing,missing,missing,missing,missing,MTC
303,1.2209817,1.2504414,1.1434717,1.2168392,1.281123,1.3440612,1.1724645,1.139947,1.143566,s1-procureScaling-h,high,Canada,process heat cement,missing,missing,missing,missing,missing,missing,missing,missing,missing,MTC
304,4.83243,6.2676923,6.7172787,6.6202291,6.0668041,5.6876436,5.249365849999999,4.764259550000001,4.2815428,s1-procureScaling-h,high,Canada,refining,missing,missing,missing,missing,missing,missing,missing,missing,missing,MTC
305,-10.4759,-13.7599,-15.8088,-18.2316,-19.8842,-20.8108,-26.6696,-28.1372,-31.7034,s1-procureScaling-h,high,Canada,regional biomass,missing,missing,missing,missing,missing,missing,missing,missing,missing,MTC
306,0.0,0.0,-1.13678,-1.3036,-1.508,-1.64841,-1.7301,-1.65879,-1.47941,s1-procureScaling-h,high,Canada,regional biomassOil,missing,missing,missing,missing,missing,missing,missing,missing,missing,MTC
307,0.0,-0.147674,-3.87681,-4.40323,-5.05899,-5.51105,-5.73778,-5.46759,-4.73256,s1-procureScaling-h,high,Canada,regional corn for ethanol,missing,missing,missing,missing,missing,missing,missing,missing,missing,MTC
308,12.12323,11.19707,10.49147,10.1773,9.5852,9.16672,8.23384,7.125159999999999,6.194,s1-procureScaling-h,high,Canada,resid heating,missing,missing,missing,missing,missing,missing,missing,missing,missing,MTC
309,2.5611,2.7119440999999997,2.53885121,2.30657948,2.13578886,2.02699484,1.66443863,1.367996922,1.130305218,s1-procureScaling-h,high,Canada,resid others,missing,missing,missing,missing,missing,missing,missing,missing,missing,MTC
310,0.524374,0.611889,0.709249,0.736105,0.764565,0.791082,0.811293,0.832909,0.852707,s1-procureScaling-h,high,Canada,trn_aviation_intl,missing,missing,missing,missing,missing,missing,missing,missing,missing,MTC
311,2.32499,2.99054,2.9115,3.04981,3.24455,3.44404,3.49441,3.63537,3.78758,s1-procureScaling-h,high,Canada,trn_freight,missing,missing,missing,missing,missing,missing,missing,missing,missing,MTC
312,8.112037,10.14306,12.64407808,13.20517991,13.328771740000002,13.11215628,13.14806335,13.19377408,13.35671958,s1-procureScaling-h,high,Canada,trn_freight_road,missing,missing,missing,missing,missing,missing,missing,missing,missing,MTC
313,3.132245,3.6594449,4.460645199999999,4.7089092,4.959730899999999,5.2398497,5.3074176,5.425875,5.548943,s1-procureScaling-h,high,Canada,trn_pass,missing,missing,missing,missing,missing,missing,missing,missing,missing,MTC
314,0.8229896,1.0273333,1.7751093,1.992293,1.6211868000000005,1.3912459,1.2693337,1.2334815,1.2164566,s1-procureScaling-h,high,Canada,trn_pass_road,missing,missing,missing,missing,missing,missing,missing,missing,missing,MTC
315,0.0699046,0.0874073,0.0898995,0.0767439,0.0675788,0.0620565,0.0566103,0.0521743,0.0481732,s1-procureScaling-h,high,Canada,trn_pass_road_LDV,missing,missing,missing,missing,missing,missing,missing,missing,missing,MTC
316,18.54131151,23.18227937,26.0081715,22.81774427,17.199713155000005,13.092135826999998,9.88692411,9.10996778,8.82029951,s1-procureScaling-h,high,Canada,trn_pass_road_LDV_4W,missing,missing,missing,missing,missing,missing,missing,missing,missing,MTC
317,0.511112,0.561636,0.355503,0.366266,0.378881,0.392943,0.390121,0.392422,0.396354,s1-procureScaling-h,high,Canada,trn_shipping_intl,missing,missing,missing,missing,missing,missing,missing,missing,missing,MTC
318,0.0,0.0,0.0,0.0,0.0,0.0,-0.107891,-0.1283595,-0.1603647,s1-procureScaling-h,high,Central America and Caribbean,CDR_regional,missing,missing,missing,missing,missing,missing,missing,missing,missing,MTC
319,0.0,0.0,0.04016573,0.08163969,0.1431517,0.2286952,0.105922793,0.09138941,0.08578234,s1-procureScaling-h,high,Central America and Caribbean,H2 central production,missing,missing,missing,missing,missing,missing,missing,missing,missing,MTC
320,0.0,0.0,0.0187751,0.0368207,0.0654531,0.106231,0.141862,0.185408,0.220958,s1-procureScaling-h,high,Central America and Caribbean,H2 forecourt production,missing,missing,missing,missing,missing,missing,missing,missing,missing,MTC
321,0.235863,0.196875,0.3966351,0.4173585999999999,0.4386346,0.4530174999999999,0.43740302,0.4246461600000001,0.40627594,s1-procureScaling-h,high,Central America and Caribbean,N fertilizer,missing,missing,missing,missing,missing,missing,missing,missing,missing,MTC
322,0.0,0.0,0.0537543,0.244613,0.586361,1.05011,1.75875,2.34678,2.5321,s1-procureScaling-h,high,Central America and Caribbean,backup_electricity,missing,missing,missing,missing,missing,missing,missing,missing,missing,MTC
323,0.0,0.0,0.000804627,0.000724411,0.000766514,0.000816913,0.00131373,0.00159548,0.00187045,s1-procureScaling-h,high,Central America and Caribbean,biogas pipeline,missing,missing,missing,missing,missing,missing,missing,missing,missing,MTC
324,0.0,0.0,0.038337,0.0341701,0.0357912,0.0377557,0.0600918,0.0722199,0.083776,s1-procureScaling-h,high,Central America and Caribbean,biogas processing,missing,missing,missing,missing,missing,missing,missing,missing,missing,MTC
325,0.0,0.0,1.3336979,2.62387024,4.36099959,6.06759189,7.66510959,8.348332670000001,8.802453140000003,s1-procureScaling-h,high,Central America and Caribbean,biorefining,missing,missing,missing,missing,missing,missing,missing,missing,missing,MTC
326,1.483,2.104,2.43164,2.80576,3.18707,3.53674,2.419537,2.0759,1.79225,s1-procureScaling-h,high,Central America and Caribbean,cement,missing,missing,missing,missing,missing,missing,missing,missing,missing,MTC
327,0.00521423,0.0075175,0.00199167,0.00165284,0.00155185,0.00147964,0.00116856,0.000981834,0.000809155,s1-procureScaling-h,high,Central America and Caribbean,comm cooling,missing,missing,missing,missing,missing,missing,missing,missing,missing,MTC
328,0.15101167593,0.141076356,0.188922098,0.1802508059999999,0.174490475,0.174786173,0.162778192,0.1447917144,0.127734311,s1-procureScaling-h,high,Central America and Caribbean,comm heating,missing,missing,missing,missing,missing,missing,missing,missing,missing,MTC
329,1.468318741,1.18353196,1.30589024,1.21639445,1.21085818,1.24385679,1.0453722,0.88198871,0.7488678,s1-procureScaling-h,high,Central America and Caribbean,comm others,missing,missing,missing,missing,missing,missing,missing,missing,missing,MTC
330,0.0118371639999999,0.03341541,0.03870352,0.04054613,0.04590233,0.05279456,0.05325698,0.0669327,0.0757812,s1-procureScaling-h,high,Central America and Caribbean,desalinated water,missing,missing,missing,missing,missing,missing,missing,missing,missing,MTC
331,0.0,0.0,0.0,0.0,0.0,0.0,0.07089069,0.131059514,0.182522835,s1-procureScaling-h,high,Central America and Caribbean,elec_biomass (IGCC CCS),missing,missing,missing,missing,missing,missing,missing,missing,missing,MTC
332,0.0,0.0,0.0,0.23495603,0.4264366,0.55604561,0.6522188699999999,0.75208987,0.83803921,s1-procureScaling-h,high,Central America and Caribbean,elec_biomass (IGCC),missing,missing,missing,missing,missing,missing,missing,missing,missing,MTC
333,0.0,0.0,0.0,0.0,0.0,0.0,0.01249328,0.04217543,0.0996073,s1-procureScaling-h,high,Central America and Caribbean,elec_biomass (conv CCS),missing,missing,missing,missing,missing,missing,missing,missing,missing,MTC
334,1.1254308000000002,1.7729589,2.9827335,3.5161066,3.97665126,4.24190313,4.125333619999999,3.50580875,2.7952689520000007,s1-procureScaling-h,high,Central America and Caribbean,elec_biomass (conv),missing,missing,missing,missing,missing,missing,missing,missing,missing,MTC
335,0.0,0.0,0.0,0.0,0.0,0.0,0.0015675866,0.0049349024,0.0107367976,s1-procureScaling-h,high,Central America and Caribbean,elec_coal (IGCC CCS),missing,missing,missing,missing,missing,missing,missing,missing,missing,MTC
336,0.0,0.0,0.0,0.1544473299999999,0.27750545,0.35784673,0.4353135699999999,0.49852698,0.542739,s1-procureScaling-h,high,Central America and Caribbean,elec_coal (IGCC),missing,missing,missing,missing,missing,missing,missing,missing,missing,MTC
337,0.0,0.0,0.0,0.0,0.0,0.0,0.001940985,0.0054019989999999,0.010773973,s1-procureScaling-h,high,Central America and Caribbean,elec_coal (conv pul CCS),missing,missing,missing,missing,missing,missing,missing,missing,missing,MTC
338,0.01142718,0.6741749,3.1290470000000004,3.54353318,3.7823070100000007,3.83052416,3.73852131,3.46801753,3.0247587200000003,s1-procureScaling-h,high,Central America and Caribbean,elec_coal (conv pul),missing,missing,missing,missing,missing,missing,missing,missing,missing,MTC
339,0.0,0.0,0.0,0.0,0.0,0.0,0.0211920515999999,0.04887122055,0.08079106916,s1-procureScaling-h,high,Central America and Caribbean,elec_gas (CC CCS),missing,missing,missing,missing,missing,missing,missing,missing,missing,MTC
340,0.0,0.0,0.374046581,0.6878412481999999,1.0640104762,1.3854002337999998,1.5947871947,1.8169717415000008,2.036282073010001,s1-procureScaling-h,high,Central America and Caribbean,elec_gas (CC),missing,missing,missing,missing,missing,missing,missing,missing,missing,MTC
341,0.6495465,1.8546011,3.76310811,4.101160760599999,4.200125071339999,4.056995165769999,3.50987154747,2.93582555201,2.253524759490999,s1-procureScaling-h,high,Central America and Caribbean,elec_gas (steam/CT),missing,missing,missing,missing,missing,missing,missing,missing,missing,MTC
342,0.0,0.0,0.0,0.0,0.0,0.0,0.0856414,0.135800379,0.1730026319999999,s1-procureScaling-h,high,Central America and Caribbean,elec_refined liquids (CC CCS),missing,missing,missing,missing,missing,missing,missing,missing,missing,MTC
343,0.0,0.0,0.999449,1.3699038,1.9146656000000004,2.4243154,2.0432324,1.92207808,1.80241249,s1-procureScaling-h,high,Central America and Caribbean,elec_refined liquids (CC),missing,missing,missing,missing,missing,missing,missing,missing,missing,MTC
344,5.541759000000001,9.524997999999998,9.8560463,9.3415557,8.888235000000002,8.374820900000001,6.555448930000001,4.85735007,3.2960878600000005,s1-procureScaling-h,high,Central America and Caribbean,elec_refined liquids (steam/CT),missing,missing,missing,missing,missing,missing,missing,missing,missing,MTC
345,0.00163468,0.247089,0.355718,0.400385,0.460146,0.517698,0.543039,0.580276,0.603276,s1-procureScaling-h,high,Central America and Caribbean,gas pipeline,missing,missing,missing,missing,missing,missing,missing,missing,missing,MTC
346,0.0,0.00349294,0.00210442,0.00692257,0.0132706,0.02343,0.0203157,0.0179577,0.0193819,s1-procureScaling-h,high,Central America and Caribbean,gas processing,missing,missing,missing,missing,missing,missing,missing,missing,missing,MTC
347,11.538647,9.532975,9.51302595,10.00683731,11.085360259999998,12.503619359999998,13.110813,12.9747103,12.5059856,s1-procureScaling-h,high,Central America and Caribbean,industrial energy use,missing,missing,missing,missing,missing,missing,missing,missing,missing,MTC
348,1.17434,4.93583,6.03135,6.80398,7.72274,8.60601,9.14452,9.79403,10.4077,s1-procureScaling-h,high,Central America and Caribbean,industrial feedstocks,missing,missing,missing,missing,missing,missing,missing,missing,missing,MTC
349,0.9328459999999998,1.227089,1.604291,1.831963,2.043458,2.231239,2.103802,2.1323600000000003,2.187348,s1-procureScaling-h,high,Central America and Caribbean,process heat cement,missing,missing,missing,missing,missing,missing,missing,missing,missing,MTC
350,2.05545,0.863522,1.2528061,1.32523085,1.3716300599999998,1.5640619299999998,1.6344352399999995,1.92899994,2.22338981,s1-procureScaling-h,high,Central America and Caribbean,refining,missing,missing,missing,missing,missing,missing,missing,missing,missing,MTC
351,-7.97507,-5.916,-10.8223,-13.637,-17.4724,-21.1228,-27.7714,-30.3944,-33.1618,s1-procureScaling-h,high,Central America and Caribbean,regional biomass,missing,missing,missing,missing,missing,missing,missing,missing,missing,MTC
352,0.0,0.0,-0.222514,-0.290822,-0.378156,-0.460693,-0.503629,-0.500426,-0.454895,s1-procureScaling-h,high,Central America and Caribbean,regional biomassOil,missing,missing,missing,missing,missing,missing,missing,missing,missing,MTC
353,-1.04767,-0.599711,-0.0349443,-0.0216154,-0.0272336,-0.0284381,-0.0176691,-0.0151211,-0.0146211,s1-procureScaling-h,high,Central America and Caribbean,regional sugar for ethanol,missing,missing,missing,missing,missing,missing,missing,missing,missing,MTC
354,0.0636143382,0.06630376,0.059555914,0.060175438,0.062594106,0.067334629,0.061787021,0.0554809999999999,0.049480869,s1-procureScaling-h,high,Central America and Caribbean,resid heating,missing,missing,missing,missing,missing,missing,missing,missing,missing,MTC
355,2.73191909,2.89785043,2.3135749800000003,2.11597364,2.05630658,2.05456027,1.738566803,1.422906736,1.157820345,s1-procureScaling-h,high,Central America and Caribbean,resid others,missing,missing,missing,missing,missing,missing,missing,missing,missing,MTC
356,0.637874,1.29857,1.7252,1.96393,2.25198,2.55314,2.78686,3.05319,3.33235,s1-procureScaling-h,high,Central America and Caribbean,trn_aviation_intl,missing,missing,missing,missing,missing,missing,missing,missing,missing,MTC
357,0.2178573,0.1069587999999999,0.1608159,0.1768545,0.1984641,0.2192891,0.2296593,0.2489522,0.270718,s1-procureScaling-h,high,Central America and Caribbean,trn_freight,missing,missing,missing,missing,missing,missing,missing,missing,missing,MTC
358,2.346469,4.391113,6.11574634,6.643543449999999,7.027786549999999,7.224192429999999,7.530503099999999,7.89611655,8.35253816,s1-procureScaling-h,high,Central America and Caribbean,trn_freight_road,missing,missing,missing,missing,missing,missing,missing,missing,missing,MTC
359,0.30264536,0.61344471,0.8837965,1.08626864,1.34694591,1.64645317,1.8305595,2.0624436,2.3232263,s1-procureScaling-h,high,Central America and Caribbean,trn_pass,missing,missing,missing,missing,missing,missing,missing,missing,missing,MTC
360,0.391724,0.73314,1.368035129,1.54650418,1.320802,1.2206841,1.1911614,1.2069167,1.2172892,s1-procureScaling-h,high,Central America and Caribbean,trn_pass_road,missing,missing,missing,missing,missing,missing,missing,missing,missing,MTC
361,0.143414,0.26838,0.26001,0.194842,0.160406,0.131159,0.0989698,0.0753969,0.0576661,s1-procureScaling-h,high,Central America and Caribbean,trn_pass_road_LDV,missing,missing,missing,missing,missing,missing,missing,missing,missing,MTC
362,2.114844367,3.96102226,4.802777895000002,4.469919778000001,3.850141002999999,3.478055264999999,3.192021065000002,3.314090338,3.4919015809999987,s1-procureScaling-h,high,Central America and Caribbean,trn_pass_road_LDV_4W,missing,missing,missing,missing,missing,missing,missing,missing,missing,MTC
363,2.49897,4.87477,7.55167,8.0038,8.5169,9.05046,9.20649,9.4758,9.79104,s1-procureScaling-h,high,Central America and Caribbean,trn_shipping_intl,missing,missing,missing,missing,missing,missing,missing,missing,missing,MTC
364,0.0,0.0,0.0,0.0,0.0,0.0,-0.1778131,-0.2093406,-0.2333615,s1-procureScaling-h,high,Central Asia,CDR_regional,missing,missing,missing,missing,missing,missing,missing,missing,missing,MTC
365,0.0,0.0,0.03749392,0.08295909,0.1323976,0.192357,0.0914184369999999,0.075989015,0.0749706399999999,s1-procureScaling-h,high,Central Asia,H2 central production,missing,missing,missing,missing,missing,missing,missing,missing,missing,MTC
366,0.0,0.0,0.015166,0.0333151,0.0534005,0.0777498,0.11756,0.155623,0.190629,s1-procureScaling-h,high,Central Asia,H2 forecourt production,missing,missing,missing,missing,missing,missing,missing,missing,missing,MTC
367,0.999309,0.599525,0.804687,0.8164354999999999,0.8235151,0.8181390000000001,0.76536037,0.72206354,0.67696328,s1-procureScaling-h,high,Central Asia,N fertilizer,missing,missing,missing,missing,missing,missing,missing,missing,missing,MTC
368,0.0,0.0,0.0158505,0.0361541,0.122514,0.258428,0.55221,0.84214,1.10126,s1-procureScaling-h,high,Central Asia,backup_electricity,missing,missing,missing,missing,missing,missing,missing,missing,missing,MTC
369,0.0,0.0,0.0110431,0.00941242,0.0102688,0.0100558,0.0181498,0.0220141,0.0252947,s1-procureScaling-h,high,Central Asia,biogas pipeline,missing,missing,missing,missing,missing,missing,missing,missing,missing,MTC
370,0.0,0.0,0.242091,0.20428,0.220618,0.213838,0.381983,0.45849,0.521275,s1-procureScaling-h,high,Central Asia,biogas processing,missing,missing,missing,missing,missing,missing,missing,missing,missing,MTC
371,0.0,0.0,1.1301735,2.24521697,3.4653095999999994,4.604173590000002,5.996565690000001,6.47339093,6.745556829999999,s1-procureScaling-h,high,Central Asia,biorefining,missing,missing,missing,missing,missing,missing,missing,missing,missing,MTC
372,3.03611,1.851,2.48853,2.87682,3.26373,3.5584,2.329832,1.835892,1.5131480000000002,s1-procureScaling-h,high,Central Asia,cement,missing,missing,missing,missing,missing,missing,missing,missing,missing,MTC
373,12.9394775,3.8543455,4.5742746,4.8664907,5.1087442,5.238959299999999,5.26415213,5.24524519,5.16522744,s1-procureScaling-h,high,Central Asia,comm heating,missing,missing,missing,missing,missing,missing,missing,missing,missing,MTC
374,20.8802029,6.291325799999999,8.738524,9.8470777,10.7012684,11.5415052,10.4091806,9.933166,9.4044928,s1-procureScaling-h,high,Central Asia,comm others,missing,missing,missing,missing,missing,missing,missing,missing,missing,MTC
375,0.471188,0.340081,0.546272,0.61885,0.6802520000000001,0.733176,0.676499,0.651653,0.6276550000000001,s1-procureScaling-h,high,Central Asia,desalinated water,missing,missing,missing,missing,missing,missing,missing,missing,missing,MTC
376,0.0,0.0,0.0,0.0,0.0,0.0,0.02066867021,0.03836602456,0.05089676942,s1-procureScaling-h,high,Central Asia,elec_biomass (IGCC CCS),missing,missing,missing,missing,missing,missing,missing,missing,missing,MTC
377,0.0,0.0,0.0,0.02494775,0.0586518149999999,0.079586413,0.105799597,0.129762678,0.150156038,s1-procureScaling-h,high,Central Asia,elec_biomass (IGCC),missing,missing,missing,missing,missing,missing,missing,missing,missing,MTC
378,0.0,0.0,0.0,0.0,0.0,0.0,0.003361058,0.011962251,0.026429201,s1-procureScaling-h,high,Central Asia,elec_biomass (conv CCS),missing,missing,missing,missing,missing,missing,missing,missing,missing,MTC
379,0.0,0.0,0.234810304,0.27222619,0.341568328,0.350725719,0.406288817,0.3820137819999999,0.3514061131999999,s1-procureScaling-h,high,Central Asia,elec_biomass (conv),missing,missing,missing,missing,missing,missing,missing,missing,missing,MTC
380,0.0,0.0,0.0,0.0,0.0,0.0,0.0103568756,0.0304576107,0.0553094257,s1-procureScaling-h,high,Central Asia,elec_coal (IGCC CCS),missing,missing,missing,missing,missing,missing,missing,missing,missing,MTC
381,0.0,0.0,0.0,0.7951448,1.6293902999999998,2.12023492,2.59944352,2.89463083,3.01337859,s1-procureScaling-h,high,Central Asia,elec_coal (IGCC),missing,missing,missing,missing,missing,missing,missing,missing,missing,MTC
382,0.0,0.0,0.0,0.0,0.0,0.0,0.013973418,0.03703686,0.0624687669999999,s1-procureScaling-h,high,Central Asia,elec_coal (conv pul CCS),missing,missing,missing,missing,missing,missing,missing,missing,missing,MTC
383,32.0971693,23.9239272,37.734666,39.2058255,39.9443049,38.75918976,34.74051751,27.542958299999995,21.41466497,s1-procureScaling-h,high,Central Asia,elec_coal (conv pul),missing,missing,missing,missing,missing,missing,missing,missing,missing,MTC
384,0.0,0.0,0.0,0.0,0.0,0.0,0.141021325,0.2979110893999999,0.4304122333999999,s1-procureScaling-h,high,Central Asia,elec_gas (CC CCS),missing,missing,missing,missing,missing,missing,missing,missing,missing,MTC
385,0.8094197,0.0,2.0963550099999995,3.6121791437,6.1460299162,8.1197067827,9.3684150535,10.351481222,10.983912350299995,s1-procureScaling-h,high,Central Asia,elec_gas (CC),missing,missing,missing,missing,missing,missing,missing,missing,missing,MTC
386,13.880094,13.270861,20.698377370000003,20.68394863115001,20.206574439699995,18.942307796060003,14.527611923119998,11.4546279296,8.820389695920003,s1-procureScaling-h,high,Central Asia,elec_gas (steam/CT),missing,missing,missing,missing,missing,missing,missing,missing,missing,MTC
387,0.0,0.0,0.0,0.0,0.0,0.0,0.011747209,0.0152288483,0.0160108523,s1-procureScaling-h,high,Central Asia,elec_refined liquids (CC CCS),missing,missing,missing,missing,missing,missing,missing,missing,missing,MTC
388,0.0,0.0,0.12003364,0.10911681,0.169717048,0.17358103,0.150738448,0.148313862,0.1403691457999999,s1-procureScaling-h,high,Central Asia,elec_refined liquids (CC),missing,missing,missing,missing,missing,missing,missing,missing,missing,MTC
389,10.06621021,2.8677471800000003,0.437809122,0.337039134,0.312065347,0.2931454659999999,0.248970954,0.1956797158,0.153878852,s1-procureScaling-h,high,Central Asia,elec_refined liquids (steam/CT),missing,missing,missing,missing,missing,missing,missing,missing,missing,MTC
390,2.07893,3.15681,3.4334,3.71733,4.02264,4.22248,4.10439,4.05435,3.94082,s1-procureScaling-h,high,Central Asia,gas pipeline,missing,missing,missing,missing,missing,missing,missing,missing,missing,MTC
391,0.0,0.0,0.0103649,0.0291566,0.0511678,0.0879401,0.0738407,0.0677916,0.0723795,s1-procureScaling-h,high,Central Asia,gas processing,missing,missing,missing,missing,missing,missing,missing,missing,missing,MTC
392,35.4698065,27.8245191,39.2541506056,41.62897561900001,42.474476248,43.78825670599999,39.81018508400001,36.617231927,33.823175112,s1-procureScaling-h,high,Central Asia,industrial energy use,missing,missing,missing,missing,missing,missing,missing,missing,missing,MTC
393,0.0,1.276191,0.6144723,0.8748173,1.1643564,1.4383104,1.4288558,1.5421007,1.6534094,s1-procureScaling-h,high,Central Asia,industrial feedstocks,missing,missing,missing,missing,missing,missing,missing,missing,missing,MTC
394,1.3286546,0.728301,1.334559,1.5252627,1.7054889,1.8424916,1.7040919,1.6885735999999998,1.6818042,s1-procureScaling-h,high,Central Asia,process heat cement,missing,missing,missing,missing,missing,missing,missing,missing,missing,MTC
395,4.06816,1.18366,2.00413,2.1446127900000005,2.1611941,2.25088716,2.2403409900000004,2.18963585,2.12114314,s1-procureScaling-h,high,Central Asia,refining,missing,missing,missing,missing,missing,missing,missing,missing,missing,MTC
396,-0.663355,-0.555524,-3.35641,-5.23054,-7.3726,-9.29994,-15.0678,-17.3389,-19.5489,s1-procureScaling-h,high,Central Asia,regional biomass,missing,missing,missing,missing,missing,missing,missing,missing,missing,MTC
397,0.0,0.0,-0.778515,-0.939966,-1.10567,-1.26541,-1.36934,-1.33633,-1.19255,s1-procureScaling-h,high,Central Asia,regional biomassOil,missing,missing,missing,missing,missing,missing,missing,missing,missing,MTC
398,0.0,0.0,-0.0822352,-0.112369,-0.156411,-0.204774,-0.237579,-0.247996,-0.25051,s1-procureScaling-h,high,Central Asia,regional corn for ethanol,missing,missing,missing,missing,missing,missing,missing,missing,missing,MTC
399,1.0604710000000002,2.9906472,3.436239,3.889515,4.357457,4.7750710000000005,4.281755,4.1886587,4.0839438,s1-procureScaling-h,high,Central Asia,resid heating,missing,missing,missing,missing,missing,missing,missing,missing,missing,MTC
400,2.8744721,8.254340000000001,9.838265000000002,10.137129000000002,10.018179,10.0436934,8.7303574,7.9778664,7.2329586,s1-procureScaling-h,high,Central Asia,resid others,missing,missing,missing,missing,missing,missing,missing,missing,missing,MTC
401,0.720757,0.454994,0.571513,0.683551,0.809236,0.923238,0.993235,1.05158,1.09336,s1-procureScaling-h,high,Central Asia,trn_aviation_intl,missing,missing,missing,missing,missing,missing,missing,missing,missing,MTC
402,0.5872506000000001,0.33894118,0.5932908,0.6866424,0.8038423,0.9062832,0.9304729,0.9700093,1.003334,s1-procureScaling-h,high,Central Asia,trn_freight,missing,missing,missing,missing,missing,missing,missing,missing,missing,MTC
403,3.0207241,1.912164,3.5256343,3.995132,4.302387799999998,4.461235599999999,4.64524747,4.7268416,4.785487300000001,s1-procureScaling-h,high,Central Asia,trn_freight_road,missing,missing,missing,missing,missing,missing,missing,missing,missing,MTC
404,1.534941,0.973132,1.416327,1.843089,2.366989,2.893218,3.151154,3.386442,3.577707,s1-procureScaling-h,high,Central Asia,trn_pass,missing,missing,missing,missing,missing,missing,missing,missing,missing,MTC
405,1.1870869,0.7534329000000001,1.8272348,2.0796766,1.7900782000000002,1.6284571,1.5620594,1.5585772000000002,1.5624097,s1-procureScaling-h,high,Central Asia,trn_pass_road,missing,missing,missing,missing,missing,missing,missing,missing,missing,MTC
406,0.490951,0.31098,0.418271,0.366279,0.34824,0.311719,0.260345,0.213438,0.171435,s1-procureScaling-h,high,Central Asia,trn_pass_road_LDV,missing,missing,missing,missing,missing,missing,missing,missing,missing,MTC
407,6.710228009000001,4.189795792999999,6.177513718300001,6.0961440961000015,5.619673891399999,5.356731254709997,5.04445937094,5.10020964245,5.137527263650001,s1-procureScaling-h,high,Central Asia,trn_pass_road_LDV_4W,missing,missing,missing,missing,missing,missing,missing,missing,missing,MTC
408,0.0,0.493932,1.1817,1.28026,1.38519,1.47974,1.49399,1.51159,1.52574,s1-procureScaling-h,high,Central Asia,trn_shipping_intl,missing,missing,missing,missing,missing,missing,missing,missing,missing,MTC
409,0.0,0.0,0.0,0.0,0.0,0.0,-3.606901,-3.906129,-4.169111,s1-procureScaling-h,high,China,CDR_regional,missing,missing,missing,missing,missing,missing,missing,missing,missing,MTC
410,0.0,0.0,0.3218943999999999,0.6934617,1.099418,1.5598070000000002,0.8102905300000001,0.6945578800000001,0.6690808,s1-procureScaling-h,high,China,H2 central production,missing,missing,missing,missing,missing,missing,missing,missing,missing,MTC
411,0.0,0.0,0.107445,0.223298,0.36148,0.517897,0.85811,1.19227,1.47094,s1-procureScaling-h,high,China,H2 forecourt production,missing,missing,missing,missing,missing,missing,missing,missing,missing,MTC
412,20.42416,39.51621,53.220051,53.949137,53.24763099999999,51.35647899999998,44.9089711,38.451291,31.913790799999997,s1-procureScaling-h,high,China,N fertilizer,missing,missing,missing,missing,missing,missing,missing,missing,missing,MTC
413,0.0,0.0,0.429585,1.51364,4.76709,8.50515,16.188,23.2482,28.8341,s1-procureScaling-h,high,China,backup_electricity,missing,missing,missing,missing,missing,missing,missing,missing,missing,MTC
414,0.0,0.0,0.00966639,0.0136311,0.0161866,0.0187028,0.0288274,0.0320164,0.0345458,s1-procureScaling-h,high,China,biogas pipeline,missing,missing,missing,missing,missing,missing,missing,missing,missing,MTC
415,0.0,0.0,0.894832,1.24924,1.46847,1.67945,2.56194,2.81574,3.00624,s1-procureScaling-h,high,China,biogas processing,missing,missing,missing,missing,missing,missing,missing,missing,missing,MTC
416,0.0,0.0,18.287557000000003,38.4335578,62.5864547,82.2076354,103.1615604,109.22185339999996,110.0887793,s1-procureScaling-h,high,China,biorefining,missing,missing,missing,missing,missing,missing,missing,missing,missing,MTC
417,28.806,145.501,206.493,194.706,184.424,175.393,102.47695,70.9524,52.97681,s1-procureScaling-h,high,China,cement,missing,missing,missing,missing,missing,missing,missing,missing,missing,MTC
418,20.107131000000003,32.31251,51.22138,57.11781,60.0446,61.6673,46.19766,42.64883,40.18491,s1-procureScaling-h,high,China,comm heating,missing,missing,missing,missing,missing,missing,missing,missing,missing,MTC
419,9.2578634,14.699242599999998,22.02738311,21.45168006,20.4147816,20.36544719,12.17978813,9.69407028,8.22673517,s1-procureScaling-h,high,China,comm others,missing,missing,missing,missing,missing,missing,missing,missing,missing,MTC
420,0.0,0.0,2.84494e-05,3.66191e-05,7.04211e-05,0.000102248,0.000151395,0.0,0.0,s1-procureScaling-h,high,China,csp_backup,missing,missing,missing,missing,missing,missing,missing,missing,missing,MTC
421,0.002771529,0.00671691,0.01428919,0.0181696199999999,0.02064732,0.02294782,0.02124272,0.01902677,0.0152476,s1-procureScaling-h,high,China,desalinated water,missing,missing,missing,missing,missing,missing,missing,missing,missing,MTC
422,20.062702,5.419236,132.0403,141.9432,145.5134,149.0287,112.6146,94.9837,83.62370000000001,s1-procureScaling-h,high,China,district heat,missing,missing,missing,missing,missing,missing,missing,missing,missing,MTC
423,0.0,0.0,0.0,0.0,0.0,0.0,0.6276441810000001,1.147931116,1.434070189,s1-procureScaling-h,high,China,elec_biomass (IGCC CCS),missing,missing,missing,missing,missing,missing,missing,missing,missing,MTC
424,0.0,0.0,0.0,1.1476457,2.2453602000000004,2.8018891,3.6046169,4.3808361,4.812229499999999,s1-procureScaling-h,high,China,elec_biomass (IGCC),missing,missing,missing,missing,missing,missing,missing,missing,missing,MTC
425,0.0,0.0,0.0,0.0,0.0,0.0,0.1041272,0.3706544999999999,0.7236868,s1-procureScaling-h,high,China,elec_biomass (conv CCS),missing,missing,missing,missing,missing,missing,missing,missing,missing,MTC
426,0.00010667008,1.7224066,19.734376,20.612423000000003,20.694024,19.5514005,21.1412561,18.000002799999994,14.975607200000002,s1-procureScaling-h,high,China,elec_biomass (conv),missing,missing,missing,missing,missing,missing,missing,missing,missing,MTC
427,0.0,0.0,0.0,0.0,0.0,0.0,0.4855889799999999,1.44938883,2.43264797,s1-procureScaling-h,high,China,elec_coal (IGCC CCS),missing,missing,missing,missing,missing,missing,missing,missing,missing,MTC
428,0.0,0.0,0.0,40.685237,76.997983,95.60321,117.473076,132.893892,138.164837,s1-procureScaling-h,high,China,elec_coal (IGCC),missing,missing,missing,missing,missing,missing,missing,missing,missing,MTC
429,0.0,0.0,0.0,0.0,0.0,0.0,0.6524618,1.7553331,2.7576058,s1-procureScaling-h,high,China,elec_coal (conv pul CCS),missing,missing,missing,missing,missing,missing,missing,missing,missing,MTC
430,157.51056,651.9755,1280.30932,1363.0294400000002,1397.24904,1348.8352129999996,1253.6821129999998,1094.8094089999995,899.1741140000001,s1-procureScaling-h,high,China,elec_coal (conv pul),missing,missing,missing,missing,missing,missing,missing,missing,missing,MTC
431,0.0,0.0,0.0,0.0,0.0,0.0,0.132952164,0.3099078470999999,0.4508467379999999,s1-procureScaling-h,high,China,elec_gas (CC CCS),missing,missing,missing,missing,missing,missing,missing,missing,missing,MTC
432,0.21798412,0.9699782999999998,4.775766280000002,6.8814820927,9.0683744054,10.147856332300002,11.011163403,11.99412102,12.573822621000003,s1-procureScaling-h,high,China,elec_gas (CC),missing,missing,missing,missing,missing,missing,missing,missing,missing,MTC
433,0.14519927,2.1579602,14.26533718,12.854919978749995,11.78166350762,10.40956681989,8.176475354680003,6.439483342300001,4.847003036729999,s1-procureScaling-h,high,China,elec_gas (steam/CT),missing,missing,missing,missing,missing,missing,missing,missing,missing,MTC
434,0.0,0.0,0.0,0.0,0.0,0.0,0.03755052,0.0533690529999999,0.052949654,s1-procureScaling-h,high,China,elec_refined liquids (CC CCS),missing,missing,missing,missing,missing,missing,missing,missing,missing,MTC
435,0.0,0.0,0.20341262,0.3347526,0.483017708,0.45842823,0.4487879529999999,0.50412466,0.478084626,s1-procureScaling-h,high,China,elec_refined liquids (CC),missing,missing,missing,missing,missing,missing,missing,missing,missing,MTC
436,10.244881,10.230676,1.0822187,1.01980811,0.94283469,0.8909840500000001,0.76790922,0.625795428,0.506652741,s1-procureScaling-h,high,China,elec_refined liquids (steam/CT),missing,missing,missing,missing,missing,missing,missing,missing,missing,MTC
437,0.184271,0.51773,2.40873,3.0631,3.70874,4.22766,4.6031,4.93748,5.10998,s1-procureScaling-h,high,China,gas pipeline,missing,missing,missing,missing,missing,missing,missing,missing,missing,MTC
438,1.71476,7.69529,21.9048,34.9593,43.2082,53.013,39.3792,28.9941,23.5315,s1-procureScaling-h,high,China,gas processing,missing,missing,missing,missing,missing,missing,missing,missing,missing,MTC
439,248.50560590000003,571.6216599,917.23055948,939.5327809499998,934.9972074,940.494812,787.14807976,665.9151634099999,571.20227484,s1-procureScaling-h,high,China,industrial energy use,missing,missing,missing,missing,missing,missing,missing,missing,missing,MTC
440,16.86945,14.56383,46.24802,52.9487,57.88051,62.13639,39.83458,33.4009,30.14494,s1-procureScaling-h,high,China,industrial feedstocks,missing,missing,missing,missing,missing,missing,missing,missing,missing,MTC
441,25.72074,100.94652,179.1167,166.34978999999998,155.02353,145.00877000000003,112.8887,97.106,85.9197,s1-procureScaling-h,high,China,process heat cement,missing,missing,missing,missing,missing,missing,missing,missing,missing,MTC
442,6.37524,14.60634859,48.11274999999999,50.84065149999999,50.910496899999984,50.446405000000006,49.19516780000001,46.2192741,42.74003499999999,s1-procureScaling-h,high,China,refining,missing,missing,missing,missing,missing,missing,missing,missing,missing,MTC
443,-0.0162159,-6.65785,-65.2648,-103.379,-146.676,-180.254,-270.675,-301.115,-322.733,s1-procureScaling-h,high,China,regional biomass,missing,missing,missing,missing,missing,missing,missing,missing,missing,MTC
444,0.0,-0.0372126,-1.28622,-1.66992,-2.14016,-2.62381,-2.93766,-2.98784,-3.00795,s1-procureScaling-h,high,China,regional biomassOil,missing,missing,missing,missing,missing,missing,missing,missing,missing,MTC
445,0.0,-0.535728,-3.08512,-3.37863,-3.94296,-4.40177,-4.3262,-4.37072,-3.91208,s1-procureScaling-h,high,China,regional corn for ethanol,missing,missing,missing,missing,missing,missing,missing,missing,missing,MTC
446,52.192709,39.53906,54.03104,62.3744,68.1598,71.5038,59.54861,58.37686,57.101760000000006,s1-procureScaling-h,high,China,resid heating,missing,missing,missing,missing,missing,missing,missing,missing,missing,MTC
447,44.7966835,42.8288418,64.87235623000001,64.51716108,62.56570230999999,62.23892023,48.91686704,42.70916756,37.503921033,s1-procureScaling-h,high,China,resid others,missing,missing,missing,missing,missing,missing,missing,missing,missing,MTC
448,1.66317,5.71903,12.7821,15.8233,18.3089,20.0343,20.7334,21.164,21.237,s1-procureScaling-h,high,China,trn_aviation_intl,missing,missing,missing,missing,missing,missing,missing,missing,missing,MTC
449,10.89395,18.85348,33.9944,40.6654,46.5516,51.708,51.85,52.0757,52.2702,s1-procureScaling-h,high,China,trn_freight,missing,missing,missing,missing,missing,missing,missing,missing,missing,MTC
450,7.58564,39.886164593,150.61743822000005,188.5281048500001,216.48423068500003,232.060163,239.09644699999996,248.877893,255.9326020000001,s1-procureScaling-h,high,China,trn_freight_road,missing,missing,missing,missing,missing,missing,missing,missing,missing,MTC
451,1.029917,8.04878,29.06403,39.74058,49.88507,58.40324,61.58379,64.09827,65.58379000000001,s1-procureScaling-h,high,China,trn_pass,missing,missing,missing,missing,missing,missing,missing,missing,missing,MTC
452,3.76037,20.767479,59.504000000000005,60.41350000000001,45.679,39.12562,35.96213,33.90443,32.23458,s1-procureScaling-h,high,China,trn_pass_road,missing,missing,missing,missing,missing,missing,missing,missing,missing,MTC
453,2.03615,9.98489,11.262759,7.409492999999999,7.026046,5.750938,4.212258,3.291008,2.514926,s1-procureScaling-h,high,China,trn_pass_road_LDV,missing,missing,missing,missing,missing,missing,missing,missing,missing,MTC
454,2.6218800000000004,13.4302201,23.37051769,19.934487699999995,17.619684080000003,14.634609315000006,11.493082388,10.71666337,9.75755629,s1-procureScaling-h,high,China,trn_pass_road_LDV_4W,missing,missing,missing,missing,missing,missing,missing,missing,missing,MTC
455,3.71487,12.759,25.8314,28.6306,30.8359,32.5624,32.5598,32.6586,32.6951,s1-procureScaling-h,high,China,trn_shipping_intl,missing,missing,missing,missing,missing,missing,missing,missing,missing,MTC
456,0.0,0.0,0.0,0.0,0.0,0.0,-0.3738873,-0.426745,-0.462472,s1-procureScaling-h,high,EU-12,CDR_regional,missing,missing,missing,missing,missing,missing,missing,missing,missing,MTC
457,0.0,0.0,0.3294335,0.7044405,1.087644,1.513715,0.73165433,0.57257672,0.529512,s1-procureScaling-h,high,EU-12,H2 central production,missing,missing,missing,missing,missing,missing,missing,missing,missing,MTC
458,0.0,0.0,0.12409,0.265299,0.425267,0.613444,0.85556,1.08896,1.29103,s1-procureScaling-h,high,EU-12,H2 forecourt production,missing,missing,missing,missing,missing,missing,missing,missing,missing,MTC
459,3.482556,3.17213,3.673634,3.682344,3.6716823,3.5227796,3.13686003,2.8358188700000007,2.4848640699999995,s1-procureScaling-h,high,EU-12,N fertilizer,missing,missing,missing,missing,missing,missing,missing,missing,missing,MTC
460,0.0,0.0,0.0516671,0.117093,0.296132,0.59449,0.881394,1.17298,1.4274,s1-procureScaling-h,high,EU-12,backup_electricity,missing,missing,missing,missing,missing,missing,missing,missing,missing,MTC
461,0.0,0.0,0.001969,0.00215006,0.00232054,0.00272557,0.003579,0.00433542,0.00463846,s1-procureScaling-h,high,EU-12,biogas pipeline,missing,missing,missing,missing,missing,missing,missing,missing,missing,MTC
462,0.0,0.0,0.105908,0.114491,0.122322,0.142207,0.184812,0.221543,0.234535,s1-procureScaling-h,high,EU-12,biogas processing,missing,missing,missing,missing,missing,missing,missing,missing,missing,MTC
463,0.0,0.0,0.7229249,1.5136187,3.0190475,4.1260496,5.271465,5.8433213,6.356428330000001,s1-procureScaling-h,high,EU-12,biorefining,missing,missing,missing,missing,missing,missing,missing,missing,missing,MTC
464,6.31689,5.29,5.48531,5.62243,5.70822,5.73899,3.677199,2.8801110000000003,2.36857,s1-procureScaling-h,high,EU-12,cement,missing,missing,missing,missing,missing,missing,missing,missing,missing,MTC
465,9.027836,4.136067,4.25345,4.7328,5.064814999999999,5.320771000000001,5.322356,5.333041000000001,5.293752199999999,s1-procureScaling-h,high,EU-12,comm heating,missing,missing,missing,missing,missing,missing,missing,missing,missing,MTC
466,3.853113,2.9199711,2.9848509,3.2364375,3.4157654,3.760755300000001,3.2686751000000003,3.0151149,2.7640487,s1-procureScaling-h,high,EU-12,comm others,missing,missing,missing,missing,missing,missing,missing,missing,missing,MTC
467,0.01918506,0.032692,0.0509768,0.0537741,0.0574652,0.2591136,0.0558801,0.054084,0.0526533,s1-procureScaling-h,high,EU-12,desalinated water,missing,missing,missing,missing,missing,missing,missing,missing,missing,MTC
468,20.623304,7.396999,18.521572000000003,19.391082,19.483397,19.615933,15.301534,13.231616,11.994492,s1-procureScaling-h,high,EU-12,district heat,missing,missing,missing,missing,missing,missing,missing,missing,missing,MTC
469,0.0,0.0,0.0,0.0,0.0,0.0,0.03173687,0.079628504,0.107193639,s1-procureScaling-h,high,EU-12,elec_biomass (IGCC CCS),missing,missing,missing,missing,missing,missing,missing,missing,missing,MTC
470,0.0,0.0,0.0,0.12194825,0.2400525399999999,0.387649369,0.4434890925,0.532624548,0.58382408,s1-procureScaling-h,high,EU-12,elec_biomass (IGCC),missing,missing,missing,missing,missing,missing,missing,missing,missing,MTC
471,0.0,0.0,0.0,0.0,0.0,0.0,0.00561708,0.030616472,0.063787819,s1-procureScaling-h,high,EU-12,elec_biomass (conv CCS),missing,missing,missing,missing,missing,missing,missing,missing,missing,MTC
472,0.0269583139999999,0.8385853999999999,4.143702,4.17508406,4.01200671,3.309469275,3.647174056,2.903112568,2.27667841,s1-procureScaling-h,high,EU-12,elec_biomass (conv),missing,missing,missing,missing,missing,missing,missing,missing,missing,MTC
473,0.0,0.0,0.0,0.0,0.0,0.0,0.015177477,0.0718708639999999,0.135503608,s1-procureScaling-h,high,EU-12,elec_coal (IGCC CCS),missing,missing,missing,missing,missing,missing,missing,missing,missing,MTC
474,0.0,0.0,0.0,2.1866551,4.2681034,6.701507596080001,7.8735764462,8.979969283689998,9.44120247982,s1-procureScaling-h,high,EU-12,elec_coal (IGCC),missing,missing,missing,missing,missing,missing,missing,missing,missing,MTC
475,0.0,0.0,0.0,0.0,0.0,0.0,0.01883627,0.07873761,0.1395871,s1-procureScaling-h,high,EU-12,elec_coal (conv pul CCS),missing,missing,missing,missing,missing,missing,missing,missing,missing,MTC
476,79.82450399000001,75.88320999999999,80.202986,84.9768092,87.276324,69.8592542803,80.8521409824,70.1503659819,57.7251411982,s1-procureScaling-h,high,EU-12,elec_coal (conv pul),missing,missing,missing,missing,missing,missing,missing,missing,missing,MTC
477,0.0,0.0,0.0,0.0,0.0,0.0,0.0262731418999999,0.0878172560999999,0.13566232978,s1-procureScaling-h,high,EU-12,elec_gas (CC CCS),missing,missing,missing,missing,missing,missing,missing,missing,missing,MTC
478,0.0,0.0,0.3410301489999999,0.7207017072999999,1.3193140514300004,2.3195450890000004,2.6171724608,3.1266344579000007,3.472190285300001,s1-procureScaling-h,high,EU-12,elec_gas (CC),missing,missing,missing,missing,missing,missing,missing,missing,missing,MTC
479,9.510175,6.24433,4.598361498499999,4.83787375542,4.945733765809999,4.063654477529999,3.943612007720001,3.24256216608,2.584418466231,s1-procureScaling-h,high,EU-12,elec_gas (steam/CT),missing,missing,missing,missing,missing,missing,missing,missing,missing,MTC
480,0.0,0.0,0.0,0.0,0.0,0.0,0.021294868,0.0508409886,0.0544244484,s1-procureScaling-h,high,EU-12,elec_refined liquids (CC CCS),missing,missing,missing,missing,missing,missing,missing,missing,missing,MTC
481,0.0,0.0,0.2539779,0.35504449,0.560977368,0.966805163,0.632527438,0.711310726,0.654463195,s1-procureScaling-h,high,EU-12,elec_refined liquids (CC),missing,missing,missing,missing,missing,missing,missing,missing,missing,MTC
482,8.4106502,2.5245552,1.09718101,1.1030633200000002,1.15804337,1.1582677140000002,0.9980593240000002,0.8080754870000001,0.6673836550000001,s1-procureScaling-h,high,EU-12,elec_refined liquids (steam/CT),missing,missing,missing,missing,missing,missing,missing,missing,missing,MTC
483,0.376266,1.39924,0.870952,0.933228,1.00741,1.07255,1.05958,1.06863,1.05368,s1-procureScaling-h,high,EU-12,gas pipeline,missing,missing,missing,missing,missing,missing,missing,missing,missing,MTC
484,0.85358277,0.5582559,0.86869,1.06961,1.093,1.19597,0.680548,0.401761,0.326025,s1-procureScaling-h,high,EU-12,gas processing,missing,missing,missing,missing,missing,missing,missing,missing,missing,MTC
485,81.67696300000001,42.834762000000005,33.205002400000005,32.544978099999994,31.0826397,30.9142499,26.3223577,22.839246200000005,20.5019381,s1-procureScaling-h,high,EU-12,industrial energy use,missing,missing,missing,missing,missing,missing,missing,missing,missing,MTC
486,1.00214,2.074817,2.336816,2.5082560000000003,2.619891,2.652849,2.109408,1.960431,1.874828,s1-procureScaling-h,high,EU-12,industrial feedstocks,missing,missing,missing,missing,missing,missing,missing,missing,missing,MTC
487,3.815167,3.1030407,3.86536,3.896431,3.863446,3.802255,3.2648603,3.051822,2.9152869,s1-procureScaling-h,high,EU-12,process heat cement,missing,missing,missing,missing,missing,missing,missing,missing,missing,MTC
488,4.374568,5.26073605,5.822342999999999,5.77934216,5.306514699999999,4.872371300000001,4.302270300000001,3.69262422,3.170324333,s1-procureScaling-h,high,EU-12,refining,missing,missing,missing,missing,missing,missing,missing,missing,missing,MTC
489,-6.04826,-15.1144,-26.3733,-27.4296,-28.4031,-28.6438,-37.1859,-37.0568,-37.5593,s1-procureScaling-h,high,EU-12,regional biomass,missing,missing,missing,missing,missing,missing,missing,missing,missing,MTC
490,0.0,-0.02960151,-1.16811,-1.435198,-1.83291,-2.088878,-2.217557,-2.167309,-1.929995,s1-procureScaling-h,high,EU-12,regional biomassOil,missing,missing,missing,missing,missing,missing,missing,missing,missing,MTC
491,0.0,-0.0291728,-0.367606,-0.486684,-0.72576,-0.912341,-1.02359,-1.06168,-1.06467,s1-procureScaling-h,high,EU-12,regional corn for ethanol,missing,missing,missing,missing,missing,missing,missing,missing,missing,MTC
492,0.0,-0.00528384,-0.14411,-0.202505,-0.335132,-0.44705,-0.520298,-0.556468,-0.586344,s1-procureScaling-h,high,EU-12,regional sugar for ethanol,missing,missing,missing,missing,missing,missing,missing,missing,missing,MTC
493,20.545175,20.015861,20.999944000000003,20.838826,19.729207,18.798820000000003,16.615615000000002,14.851416,13.618533,s1-procureScaling-h,high,EU-12,resid heating,missing,missing,missing,missing,missing,missing,missing,missing,missing,MTC
494,6.819443,8.126771999999999,7.680497,7.843686,7.848267,8.187989,6.999267,6.3501572,5.7756893,s1-procureScaling-h,high,EU-12,resid others,missing,missing,missing,missing,missing,missing,missing,missing,missing,MTC
495,1.08486,1.22972,1.70681,1.84051,1.94744,2.0271,2.04459,2.0536,2.05584,s1-procureScaling-h,high,EU-12,trn_aviation_intl,missing,missing,missing,missing,missing,missing,missing,missing,missing,MTC
496,0.863663,0.32800238,0.4298184,0.4639478999999999,0.5020334,0.5322258,0.5543528,0.5830835,0.6097132000000001,s1-procureScaling-h,high,EU-12,trn_freight,missing,missing,missing,missing,missing,missing,missing,missing,missing,MTC
497,5.6750344980000005,8.38884043,11.985673438,12.897756898999996,13.209063161,13.09724689,12.91414863,12.75752607,12.73976337,s1-procureScaling-h,high,EU-12,trn_freight_road,missing,missing,missing,missing,missing,missing,missing,missing,missing,MTC
498,0.478074,0.53243,0.753849,0.837251,0.91267,0.974959,0.976585,0.97944,0.982831,s1-procureScaling-h,high,EU-12,trn_pass,missing,missing,missing,missing,missing,missing,missing,missing,missing,MTC
499,1.41395516,2.0430179,3.8494959,4.4036346,3.769748,3.3627234,3.1741114,3.1503400000000004,3.161414,s1-procureScaling-h,high,EU-12,trn_pass_road,missing,missing,missing,missing,missing,missing,missing,missing,missing,MTC
500,0.446246,0.617816,0.633329,0.500333,0.410621,0.332241,0.255004,0.197799,0.154714,s1-procureScaling-h,high,EU-12,trn_pass_road_LDV,missing,missing,missing,missing,missing,missing,missing,missing,missing,MTC
501,11.385959475599998,16.639299233230002,19.5680833206,17.9208434693,14.9032299442,12.697876396059998,10.711242778000004,10.022281824000002,9.564759414999994,s1-procureScaling-h,high,EU-12,trn_pass_road_LDV_4W,missing,missing,missing,missing,missing,missing,missing,missing,missing,MTC
502,0.663103,1.26551,2.8739,3.01833,3.1486,3.26683,3.22878,3.21761,3.22196,s1-procureScaling-h,high,EU-12,trn_shipping_intl,missing,missing,missing,missing,missing,missing,missing,missing,missing,MTC
503,0.0,0.0,0.0,0.0,0.0,0.0,-3.445043,-3.99848,-4.259509,s1-procureScaling-h,high,EU-15,CDR_regional,missing,missing,missing,missing,missing,missing,missing,missing,missing,MTC
504,0.0,0.0,1.580199,3.243461,5.041371,7.168851999999999,3.30684088,2.5480021,2.3682601,s1-procureScaling-h,high,EU-15,H2 central production,missing,missing,missing,missing,missing,missing,missing,missing,missing,MTC
505,0.0,0.0,0.62844,1.27269,1.99901,2.93193,3.7793,4.61056,5.48314,s1-procureScaling-h,high,EU-15,H2 forecourt production,missing,missing,missing,missing,missing,missing,missing,missing,missing,MTC
506,5.942933,4.333793,3.9351628,4.1340843,4.348458400000001,4.394904500000002,4.154737599999999,3.9176619000000006,3.6311309,s1-procureScaling-h,high,EU-15,N fertilizer,missing,missing,missing,missing,missing,missing,missing,missing,missing,MTC
507,0.0,0.0,0.596618,1.36854,2.70169,4.92933,6.17369,7.20683,8.22456,s1-procureScaling-h,high,EU-15,backup_electricity,missing,missing,missing,missing,missing,missing,missing,missing,missing,MTC
508,0.0,0.0,0.00404569,0.00427248,0.00432956,0.00474894,0.00685045,0.00810837,0.00811191,s1-procureScaling-h,high,EU-15,biogas pipeline,missing,missing,missing,missing,missing,missing,missing,missing,missing,MTC
509,0.0,0.0,0.660104,0.690143,0.692305,0.751623,1.07306,1.25689,1.24421,s1-procureScaling-h,high,EU-15,biogas processing,missing,missing,missing,missing,missing,missing,missing,missing,missing,MTC
510,0.0,0.0,6.055104,13.3648238,25.872910600000004,35.1416003,43.35579409999999,47.3527506,50.873606300000006,s1-procureScaling-h,high,EU-15,biorefining,missing,missing,missing,missing,missing,missing,missing,missing,missing,MTC
511,26.035,27.8,25.1885,25.8562,26.4599,26.8668,17.557121000000002,14.05361,11.82304,s1-procureScaling-h,high,EU-15,cement,missing,missing,missing,missing,missing,missing,missing,missing,missing,MTC
512,9.94e-06,1.278e-05,1.27211e-05,1.03441e-05,8.86372e-06,8.57621e-06,6.04401e-06,4.76952e-06,3.87464e-06,s1-procureScaling-h,high,EU-15,comm cooling,missing,missing,missing,missing,missing,missing,missing,missing,missing,MTC
513,26.554133,22.259766,22.173867,21.843065,21.756791,22.832996,20.095748200000003,18.5402906,17.432520699999998,s1-procureScaling-h,high,EU-15,comm heating,missing,missing,missing,missing,missing,missing,missing,missing,missing,MTC
514,22.1630677,24.3924709,23.3432094,22.46198,22.3520396,24.5857672,19.8732845,17.733091729999998,16.30766374,s1-procureScaling-h,high,EU-15,comm others,missing,missing,missing,missing,missing,missing,missing,missing,missing,MTC
515,0.0,0.0,0.00526326,0.0070638,0.00953454,0.0139717,0.0138103,0.0,0.0,s1-procureScaling-h,high,EU-15,csp_backup,missing,missing,missing,missing,missing,missing,missing,missing,missing,MTC
516,0.1587246,0.1537471999999999,0.2167539,0.2544406,0.2780161,0.72973,0.2633298,0.2538145,0.2448921,s1-procureScaling-h,high,EU-15,desalinated water,missing,missing,missing,missing,missing,missing,missing,missing,missing,MTC
517,0.0,0.0,0.0,0.0,0.0,0.0,0.30112223,0.6460453,0.79614342,s1-procureScaling-h,high,EU-15,elec_biomass (IGCC CCS),missing,missing,missing,missing,missing,missing,missing,missing,missing,MTC
518,0.0,0.0,0.0,0.7756852000000001,1.4244793,2.0437902402,2.53381090457,3.13847624946,3.3151463480300003,s1-procureScaling-h,high,EU-15,elec_biomass (IGCC),missing,missing,missing,missing,missing,missing,missing,missing,missing,MTC
519,0.0,0.0,0.0,0.0,0.0,0.0,0.05021393,0.22304279,0.40374043,s1-procureScaling-h,high,EU-15,elec_biomass (conv CCS),missing,missing,missing,missing,missing,missing,missing,missing,missing,MTC
520,2.7817164,15.991482,27.431791,26.8250717,25.174149700000005,19.804720648000004,20.904675969,15.305999852,11.2735868311,s1-procureScaling-h,high,EU-15,elec_biomass (conv),missing,missing,missing,missing,missing,missing,missing,missing,missing,MTC
521,0.0,0.0,0.0,0.0,0.0,0.0,0.04632656,0.183826507,0.3042576439999999,s1-procureScaling-h,high,EU-15,elec_coal (IGCC CCS),missing,missing,missing,missing,missing,missing,missing,missing,missing,MTC
522,0.0,0.0,0.0,4.3995088,8.156569000000001,11.171829907204,14.258680760221,17.093193855787003,17.825650646655,s1-procureScaling-h,high,EU-15,elec_coal (IGCC),missing,missing,missing,missing,missing,missing,missing,missing,missing,MTC
523,0.0,0.0,0.0,0.0,0.0,0.0,0.05608159,0.19994046,0.31272734,s1-procureScaling-h,high,EU-15,elec_coal (conv pul CCS),missing,missing,missing,missing,missing,missing,missing,missing,missing,MTC
524,217.28457000000003,190.04735,166.218595,174.70003500000004,177.05369900000002,146.63199724982104,161.50825958622102,142.30935856350098,115.65875511841097,s1-procureScaling-h,high,EU-15,elec_coal (conv pul),missing,missing,missing,missing,missing,missing,missing,missing,missing,MTC
525,0.0,0.0,0.0,0.0,0.0,0.0,0.0351095821,0.13312968578,0.2204820613299999,s1-procureScaling-h,high,EU-15,elec_gas (CC CCS),missing,missing,missing,missing,missing,missing,missing,missing,missing,MTC
526,8.849015,46.59947,24.57750031,27.710613839,29.792334711999995,26.729482902000004,32.377100594999995,33.99562994300001,33.64426546800001,s1-procureScaling-h,high,EU-15,elec_gas (CC),missing,missing,missing,missing,missing,missing,missing,missing,missing,MTC
527,8.689144,12.785747,23.629038220000005,24.7623531632,25.127475794900004,19.5789540303,20.417883586199988,17.46517067779001,13.944345835219996,s1-procureScaling-h,high,EU-15,elec_gas (steam/CT),missing,missing,missing,missing,missing,missing,missing,missing,missing,MTC
528,0.0,0.0,0.0,0.0,0.0,0.0,0.1223959799999999,0.225668277,0.183584513,s1-procureScaling-h,high,EU-15,elec_refined liquids (CC CCS),missing,missing,missing,missing,missing,missing,missing,missing,missing,MTC
529,0.0,0.0,0.7775111,1.1761622500000002,1.6754124699999997,2.4740538071,1.8534719012,2.1879991359,1.7520620005999998,s1-procureScaling-h,high,EU-15,elec_refined liquids (CC),missing,missing,missing,missing,missing,missing,missing,missing,missing,MTC
530,31.740908,19.857388,5.717523100000001,5.0740892,4.7159237,3.796948382,3.151159053,2.134644583,1.5360060419999997,s1-procureScaling-h,high,EU-15,elec_refined liquids (steam/CT),missing,missing,missing,missing,missing,missing,missing,missing,missing,MTC
531,1.57997,1.95024,1.55662,1.5528,1.59359,1.63936,1.53932,1.49099,1.44135,s1-procureScaling-h,high,EU-15,gas pipeline,missing,missing,missing,missing,missing,missing,missing,missing,missing,MTC
532,1.177781,2.73777,0.0611842,0.152144,0.252804,0.393189,0.282179,0.223143,0.21047,s1-procureScaling-h,high,EU-15,gas processing,missing,missing,missing,missing,missing,missing,missing,missing,missing,MTC
533,191.9778,179.15448999999998,142.6724021,133.4203085,128.70292030000002,133.097584,111.779366,97.11557329999998,87.95931419999998,s1-procureScaling-h,high,EU-15,industrial energy use,missing,missing,missing,missing,missing,missing,missing,missing,missing,MTC
534,5.38847,4.50455,5.39222,5.594930000000001,5.8263300000000005,5.77565,4.598987,4.28095,4.095645,s1-procureScaling-h,high,EU-15,industrial feedstocks,missing,missing,missing,missing,missing,missing,missing,missing,missing,MTC
535,16.792543000000002,16.358558,18.071266,18.281291000000003,18.386194,18.374902,15.850957,15.056225,14.576747,s1-procureScaling-h,high,EU-15,process heat cement,missing,missing,missing,missing,missing,missing,missing,missing,missing,MTC
536,26.102487872,37.79168,29.98445,28.74902,25.7686,23.41278,21.47708,20.2022508,18.9464582,s1-procureScaling-h,high,EU-15,refining,missing,missing,missing,missing,missing,missing,missing,missing,missing,MTC
537,-39.0759,-68.9588,-98.7162,-107.423,-122.143,-131.898,-171.273,-177.567,-188.773,s1-procureScaling-h,high,EU-15,regional biomass,missing,missing,missing,missing,missing,missing,missing,missing,missing,MTC
538,-0.00591993,-2.131312,-5.175715,-6.3555,-7.92377,-8.952359999999999,-9.34407,-8.9959,-7.7917,s1-procureScaling-h,high,EU-15,regional biomassOil,missing,missing,missing,missing,missing,missing,missing,missing,missing,MTC
539,0.0,-0.493157,-2.38421,-3.32223,-5.10873,-6.39901,-7.11797,-7.35096,-7.36429,s1-procureScaling-h,high,EU-15,regional corn for ethanol,missing,missing,missing,missing,missing,missing,missing,missing,missing,MTC
540,0.0,-0.0893314,-0.742429,-1.06397,-1.71035,-2.22683,-2.50074,-2.62087,-2.68756,s1-procureScaling-h,high,EU-15,regional sugar for ethanol,missing,missing,missing,missing,missing,missing,missing,missing,missing,MTC
541,77.4867,93.3617,79.2965,77.54429999999999,75.0367,74.2433,71.1188,66.6028,63.0202,s1-procureScaling-h,high,EU-15,resid heating,missing,missing,missing,missing,missing,missing,missing,missing,missing,MTC
542,50.42258,39.09519,32.44508,30.76721,29.92873,32.37703,25.156757,21.738658,19.506809,s1-procureScaling-h,high,EU-15,resid others,missing,missing,missing,missing,missing,missing,missing,missing,missing,MTC
543,10.5836,18.1934,19.2995,19.7859,20.2114,20.5504,20.6939,20.8719,21.029,s1-procureScaling-h,high,EU-15,trn_aviation_intl,missing,missing,missing,missing,missing,missing,missing,missing,missing,MTC
544,5.5309386,6.32352074,4.734621,4.869226,5.059621,5.183124,4.966475,4.93347,4.96043,s1-procureScaling-h,high,EU-15,trn_freight,missing,missing,missing,missing,missing,missing,missing,missing,missing,MTC
545,28.01445,34.49461,34.62811549999999,35.7344436,35.42156216,34.10920882999999,33.84468580000001,33.7050466,33.9591721,s1-procureScaling-h,high,EU-15,trn_freight_road,missing,missing,missing,missing,missing,missing,missing,missing,missing,MTC
546,13.25955,22.23976,25.05254,26.63048,28.12708,29.43453,29.48121,29.70211,29.9869,s1-procureScaling-h,high,EU-15,trn_pass,missing,missing,missing,missing,missing,missing,missing,missing,missing,MTC
547,7.734731999999999,9.672717,13.945245,15.451887,12.370945000000004,10.444524999999995,9.32309,8.768873000000001,8.357268,s1-procureScaling-h,high,EU-15,trn_pass_road,missing,missing,missing,missing,missing,missing,missing,missing,missing,MTC
548,1.84859,2.27616,1.92699,1.70747,1.54928,1.40474,1.25104,1.11719,0.999001,s1-procureScaling-h,high,EU-15,trn_pass_road_LDV,missing,missing,missing,missing,missing,missing,missing,missing,missing,MTC
549,138.53099577799998,170.55299146100003,154.12607311626803,138.42088507051,111.04648132620596,91.36154840227202,75.43958840766796,71.291380088442,69.37705505389305,s1-procureScaling-h,high,EU-15,trn_pass_road_LDV_4W,missing,missing,missing,missing,missing,missing,missing,missing,missing,MTC
550,28.0631,40.6386,34.3546,35.1976,36.0151,36.7441,36.363,36.2886,36.4051,s1-procureScaling-h,high,EU-15,trn_shipping_intl,missing,missing,missing,missing,missing,missing,missing,missing,missing,MTC
551,0.0,0.0,0.0,0.0,0.0,0.0,-0.0617835999999999,-0.0841571999999999,-0.1041435,s1-procureScaling-h,high,Europe_Eastern,CDR_regional,missing,missing,missing,missing,missing,missing,missing,missing,missing,MTC
552,0.0,0.0,0.005878805,0.0127012,0.02005321,0.02854635,0.0143665268,0.0116657209999999,0.010997266,s1-procureScaling-h,high,Europe_Eastern,H2 central production,missing,missing,missing,missing,missing,missing,missing,missing,missing,MTC
553,0.0,0.0,0.00225298,0.00483157,0.00765517,0.0109193,0.0163818,0.0215609,0.0261214,s1-procureScaling-h,high,Europe_Eastern,H2 forecourt production,missing,missing,missing,missing,missing,missing,missing,missing,missing,MTC
554,2.49774,2.21302,2.181678,2.1489160000000003,2.082043,1.977132,1.7695963,1.5865517999999998,1.4265751,s1-procureScaling-h,high,Europe_Eastern,N fertilizer,missing,missing,missing,missing,missing,missing,missing,missing,missing,MTC
555,0.0,0.0,0.0104001,0.020135,0.065088,0.134015,0.263071,0.379925,0.479665,s1-procureScaling-h,high,Europe_Eastern,backup_electricity,missing,missing,missing,missing,missing,missing,missing,missing,missing,MTC
556,0.0,0.0,0.00291493,0.00237516,0.00259734,0.00253286,0.00430261,0.00450593,0.00470001,s1-procureScaling-h,high,Europe_Eastern,biogas pipeline,missing,missing,missing,missing,missing,missing,missing,missing,missing,MTC
557,0.0,0.0,0.0586984,0.047351,0.0512579,0.0494757,0.0831796,0.0862036,0.0889709,s1-procureScaling-h,high,Europe_Eastern,biogas processing,missing,missing,missing,missing,missing,missing,missing,missing,missing,MTC
558,0.0,0.0,0.3336141,0.46996155,0.7456345700000001,0.98282024,1.3183057199999997,1.51744517,1.7311076599999995,s1-procureScaling-h,high,Europe_Eastern,biorefining,missing,missing,missing,missing,missing,missing,missing,missing,missing,MTC
559,4.14308,2.17,2.03162,2.14312,2.25599,2.34002,1.557295,1.227386,0.995,s1-procureScaling-h,high,Europe_Eastern,cement,missing,missing,missing,missing,missing,missing,missing,missing,missing,MTC
560,1.088005,0.5844579999999999,0.343754,0.372734,0.401611,0.433393,0.488246,0.505704,0.5186718,s1-procureScaling-h,high,Europe_Eastern,comm heating,missing,missing,missing,missing,missing,missing,missing,missing,missing,MTC
561,6.0456355,0.3580574,0.324574,0.3121741,0.2871186,0.2763708,0.1803301,0.1449040999999999,0.1222017599999999,s1-procureScaling-h,high,Europe_Eastern,comm others,missing,missing,missing,missing,missing,missing,missing,missing,missing,MTC
562,38.13137,13.701617,9.339204,9.59222,9.814974,9.964979,8.967881,8.420708000000001,7.842967,s1-procureScaling-h,high,Europe_Eastern,district heat,missing,missing,missing,missing,missing,missing,missing,missing,missing,MTC
563,0.0,0.0,0.0,0.0,0.0,0.0,0.018725398,0.03222771,0.0411907106999999,s1-procureScaling-h,high,Europe_Eastern,elec_biomass (IGCC CCS),missing,missing,missing,missing,missing,missing,missing,missing,missing,MTC
564,0.0,0.0,0.0,0.018145116,0.045289723,0.069613568,0.099325191,0.123288359,0.140062962,s1-procureScaling-h,high,Europe_Eastern,elec_biomass (IGCC),missing,missing,missing,missing,missing,missing,missing,missing,missing,MTC
565,0.0,0.0,0.0,0.0,0.0,0.0,0.003358721,0.010366417,0.021411394,s1-procureScaling-h,high,Europe_Eastern,elec_biomass (conv CCS),missing,missing,missing,missing,missing,missing,missing,missing,missing,MTC
566,0.0,0.0,0.162729295,0.219092644,0.3037064862,0.3615847640999999,0.4153881841999999,0.3846953629999999,0.33948576433,s1-procureScaling-h,high,Europe_Eastern,elec_biomass (conv),missing,missing,missing,missing,missing,missing,missing,missing,missing,MTC
567,0.0,0.0,0.0,0.0,0.0,0.0,0.0055930434,0.0150114679,0.0263465192,s1-procureScaling-h,high,Europe_Eastern,elec_coal (IGCC CCS),missing,missing,missing,missing,missing,missing,missing,missing,missing,MTC
568,0.0,0.0,0.0,0.3549350599999999,0.74251058,1.02417271,1.3542894,1.54092916,1.6250622099999998,s1-procureScaling-h,high,Europe_Eastern,elec_coal (IGCC),missing,missing,missing,missing,missing,missing,missing,missing,missing,MTC
569,0.0,0.0,0.0,0.0,0.0,0.0,0.0073728879999999,0.017926092,0.0296069899999999,s1-procureScaling-h,high,Europe_Eastern,elec_coal (conv pul CCS),missing,missing,missing,missing,missing,missing,missing,missing,missing,MTC
570,40.78984,15.89213,20.0226904,20.5277645,20.697183400000004,20.06241568,18.716440289999998,16.08798269,12.854633709999998,s1-procureScaling-h,high,Europe_Eastern,elec_coal (conv pul),missing,missing,missing,missing,missing,missing,missing,missing,missing,MTC
571,0.0,0.0,0.0,0.0,0.0,0.0,0.0433708659,0.08563517191,0.12075231084,s1-procureScaling-h,high,Europe_Eastern,elec_gas (CC CCS),missing,missing,missing,missing,missing,missing,missing,missing,missing,MTC
572,2.3749681,0.0,0.398666627,0.6965909436000001,1.2183808659899995,1.73583409357,2.161980903270001,2.4790508270100005,2.696299208560001,s1-procureScaling-h,high,Europe_Eastern,elec_gas (CC),missing,missing,missing,missing,missing,missing,missing,missing,missing,MTC
573,8.232493999999999,11.338066,6.595867639999999,6.4727438595,6.1729720976500015,5.700452114689999,4.189404302180001,3.123016773669999,2.279954893616,s1-procureScaling-h,high,Europe_Eastern,elec_gas (steam/CT),missing,missing,missing,missing,missing,missing,missing,missing,missing,MTC
574,0.0,0.0,0.0,0.0,0.0,0.0,0.0076979273,0.0123078378,0.0159727428,s1-procureScaling-h,high,Europe_Eastern,elec_refined liquids (CC CCS),missing,missing,missing,missing,missing,missing,missing,missing,missing,MTC
575,0.0,0.0,0.05656179,0.077071933,0.1313134209999999,0.183553579,0.198047334,0.201705559,0.198813773,s1-procureScaling-h,high,Europe_Eastern,elec_refined liquids (CC),missing,missing,missing,missing,missing,missing,missing,missing,missing,MTC
576,16.281345,0.4413922,0.22930159,0.2517365079999999,0.2804803979999999,0.301565857,0.2685857769999999,0.2370729255,0.2087151686,s1-procureScaling-h,high,Europe_Eastern,elec_refined liquids (steam/CT),missing,missing,missing,missing,missing,missing,missing,missing,missing,MTC
577,1.48663,3.11233,1.67392,1.72753,1.78921,1.82615,1.72504,1.67494,1.60834,s1-procureScaling-h,high,Europe_Eastern,gas pipeline,missing,missing,missing,missing,missing,missing,missing,missing,missing,MTC
578,0.0,0.0,0.0362334,0.0557552,0.0721864,0.0960346,0.0617828,0.0433211,0.0379834,s1-procureScaling-h,high,Europe_Eastern,gas processing,missing,missing,missing,missing,missing,missing,missing,missing,missing,MTC
579,74.1535832,35.12455758,21.95961607,22.4419027,22.34067716,22.54562419,18.44263648,15.73969441,13.907551060000005,s1-procureScaling-h,high,Europe_Eastern,industrial energy use,missing,missing,missing,missing,missing,missing,missing,missing,missing,MTC
580,0.0,4.20804,1.466434,1.663949,1.865352,2.048798,1.701724,1.642773,1.627174,s1-procureScaling-h,high,Europe_Eastern,industrial feedstocks,missing,missing,missing,missing,missing,missing,missing,missing,missing,MTC
581,2.0295762,0.9464559,1.1183282,1.1679111,1.2143069,1.2476815,1.1256431999999998,1.0901529,1.0696264,s1-procureScaling-h,high,Europe_Eastern,process heat cement,missing,missing,missing,missing,missing,missing,missing,missing,missing,MTC
582,2.06519,1.87988,1.6484580000000002,1.675749152,1.623301217,1.582333787,1.4770655469999998,1.3066395600000005,1.123385174,s1-procureScaling-h,high,Europe_Eastern,refining,missing,missing,missing,missing,missing,missing,missing,missing,missing,MTC
583,-0.624846,-1.53468,-4.67568,-4.73774,-4.82445,-4.962,-6.80582,-7.37491,-8.21388,s1-procureScaling-h,high,Europe_Eastern,regional biomass,missing,missing,missing,missing,missing,missing,missing,missing,missing,MTC
584,0.0,0.0,-0.33057,-0.374637,-0.452824,-0.511981,-0.558288,-0.558774,-0.522715,s1-procureScaling-h,high,Europe_Eastern,regional biomassOil,missing,missing,missing,missing,missing,missing,missing,missing,missing,MTC
585,0.0,0.0,-0.675144,-0.768819,-0.950683,-1.09526,-1.20132,-1.20922,-1.13302,s1-procureScaling-h,high,Europe_Eastern,regional corn for ethanol,missing,missing,missing,missing,missing,missing,missing,missing,missing,MTC
586,2.253365,4.028824,4.18702,4.28408,4.3363700000000005,4.37683,4.43158,4.294272,4.1622710000000005,s1-procureScaling-h,high,Europe_Eastern,resid heating,missing,missing,missing,missing,missing,missing,missing,missing,missing,MTC
587,14.0829608,7.60656,4.8587370000000005,4.833855000000001,4.70347,4.620577999999999,3.9766632,3.5627761,3.1613122,s1-procureScaling-h,high,Europe_Eastern,resid others,missing,missing,missing,missing,missing,missing,missing,missing,missing,MTC
588,0.604091,0.117313,0.0933035,0.104962,0.118902,0.13234,0.140173,0.147991,0.154903,s1-procureScaling-h,high,Europe_Eastern,trn_aviation_intl,missing,missing,missing,missing,missing,missing,missing,missing,missing,MTC
589,0.8686448,0.517394,0.4511591,0.5002153,0.5650003,0.6248541,0.6372327999999999,0.6683342999999999,0.700661,s1-procureScaling-h,high,Europe_Eastern,trn_freight,missing,missing,missing,missing,missing,missing,missing,missing,missing,MTC
590,4.4918022,2.07601348,2.34630323,2.52574218,2.6110562510000004,2.63368041,2.67553692,2.6919825099999994,2.7187757400000003,s1-procureScaling-h,high,Europe_Eastern,trn_freight_road,missing,missing,missing,missing,missing,missing,missing,missing,missing,MTC
591,1.399112,0.336685,0.343562,0.409915,0.49148,0.572819,0.612434,0.65568,0.696516,s1-procureScaling-h,high,Europe_Eastern,trn_pass,missing,missing,missing,missing,missing,missing,missing,missing,missing,MTC
592,1.7379479999999998,0.8020679,1.2256745999999998,1.4470982099999998,1.3229591,1.283166,1.3108889,1.3852408999999997,1.4612306000000002,s1-procureScaling-h,high,Europe_Eastern,trn_pass_road,missing,missing,missing,missing,missing,missing,missing,missing,missing,MTC
593,0.722159,0.327973,0.277049,0.229246,0.202076,0.17247,0.139053,0.111261,0.0890561,s1-procureScaling-h,high,Europe_Eastern,trn_pass_road_LDV,missing,missing,missing,missing,missing,missing,missing,missing,missing,MTC
594,10.666833754,4.846946431,4.63381959,4.400142402,3.8476072330999993,3.5053481891,3.167614453,3.1313189919999997,3.1314818940000007,s1-procureScaling-h,high,Europe_Eastern,trn_pass_road_LDV_4W,missing,missing,missing,missing,missing,missing,missing,missing,missing,MTC
595,0.0,0.286282,0.252321,0.266989,0.283258,0.298979,0.299151,0.303241,0.307877,s1-procureScaling-h,high,Europe_Eastern,trn_shipping_intl,missing,missing,missing,missing,missing,missing,missing,missing,missing,MTC
596,0.0,0.0,0.0,0.0,0.0,0.0,-0.3581336,-0.3925899,-0.418935,s1-procureScaling-h,high,Europe_Non_EU,CDR_regional,missing,missing,missing,missing,missing,missing,missing,missing,missing,MTC
597,0.0,0.0,0.1749021,0.3988501,0.6583004,0.979873,0.55347369,0.4859423899999999,0.4904972999999999,s1-procureScaling-h,high,Europe_Non_EU,H2 central production,missing,missing,missing,missing,missing,missing,missing,missing,missing,MTC
598,0.0,0.0,0.0711537,0.162864,0.272404,0.41036,0.668175,0.950918,1.24149,s1-procureScaling-h,high,Europe_Non_EU,H2 forecourt production,missing,missing,missing,missing,missing,missing,missing,missing,missing,MTC
599,0.9150524,0.7982618,0.8877210000000001,0.93309315,0.97188746,0.96812878,0.9110233199999996,0.8543649400000002,0.7872855899999999,s1-procureScaling-h,high,Europe_Non_EU,N fertilizer,missing,missing,missing,missing,missing,missing,missing,missing,missing,MTC
600,0.0,0.0,0.0246389,0.0499526,0.156042,0.323573,0.647374,0.997211,1.37635,s1-procureScaling-h,high,Europe_Non_EU,backup_electricity,missing,missing,missing,missing,missing,missing,missing,missing,missing,MTC
601,0.0,0.0,0.000591353,0.000733456,0.000841503,0.000872273,0.00142657,0.00180366,0.00203865,s1-procureScaling-h,high,Europe_Non_EU,biogas pipeline,missing,missing,missing,missing,missing,missing,missing,missing,missing,MTC
602,0.0,0.0,0.0962232,0.118153,0.134191,0.137679,0.222849,0.278824,0.311837,s1-procureScaling-h,high,Europe_Non_EU,biogas processing,missing,missing,missing,missing,missing,missing,missing,missing,missing,MTC
603,0.0,0.0,0.7321447000000001,1.84538847,3.5804812100000003,4.9887331800000005,6.323579459999999,7.037819199999999,7.61992972,s1-procureScaling-h,high,Europe_Non_EU,biorefining,missing,missing,missing,missing,missing,missing,missing,missing,missing,MTC
604,4.35043,6.991,8.20556,8.48737,8.75157,8.9722,5.798545,4.6251500000000005,3.880662,s1-procureScaling-h,high,Europe_Non_EU,cement,missing,missing,missing,missing,missing,missing,missing,missing,missing,MTC
605,2.004111,1.1676385,4.151179,4.366098,4.482125000000001,4.657874,2.798071,2.4226359,2.2749005,s1-procureScaling-h,high,Europe_Non_EU,comm heating,missing,missing,missing,missing,missing,missing,missing,missing,missing,MTC
606,1.479819,1.368308,3.1518112,3.3051047,3.3627764,3.5308609,2.8245115000000003,2.6919777000000003,2.6132918000000003,s1-procureScaling-h,high,Europe_Non_EU,comm others,missing,missing,missing,missing,missing,missing,missing,missing,missing,MTC
607,0.0010073439999999,0.001156628,0.002359755,0.0028981059999999,0.00351022,0.0041118199999999,0.00424686,0.00456262,0.00491356,s1-procureScaling-h,high,Europe_Non_EU,desalinated water,missing,missing,missing,missing,missing,missing,missing,missing,missing,MTC
608,0.9967093,1.003749,1.7232237,1.8710138,1.9976072,2.1216079,1.9093629,1.8580172,1.8006737,s1-procureScaling-h,high,Europe_Non_EU,district heat,missing,missing,missing,missing,missing,missing,missing,missing,missing,MTC
609,0.0,0.0,0.0,0.0,0.0,0.0,0.01559814299,0.03361541763,0.04538136552,s1-procureScaling-h,high,Europe_Non_EU,elec_biomass (IGCC CCS),missing,missing,missing,missing,missing,missing,missing,missing,missing,MTC
610,0.0,0.0,0.0,0.022766233,0.058761411,0.091522892,0.115662189,0.153168863,0.183808942,s1-procureScaling-h,high,Europe_Non_EU,elec_biomass (IGCC),missing,missing,missing,missing,missing,missing,missing,missing,missing,MTC
611,0.0,0.0,0.0,0.0,0.0,0.0,0.002521297,0.0110527281,0.0239299749999999,s1-procureScaling-h,high,Europe_Non_EU,elec_biomass (conv CCS),missing,missing,missing,missing,missing,missing,missing,missing,missing,MTC
612,0.0,0.0028882972,0.07947179203,0.15122783209,0.25097383125,0.30631958366,0.34184728234,0.37143549668,0.368363416216,s1-procureScaling-h,high,Europe_Non_EU,elec_biomass (conv),missing,missing,missing,missing,missing,missing,missing,missing,missing,MTC
613,0.0,0.0,0.0,0.0,0.0,0.0,0.0139438178,0.0507099097,0.0927572334,s1-procureScaling-h,high,Europe_Non_EU,elec_coal (IGCC CCS),missing,missing,missing,missing,missing,missing,missing,missing,missing,MTC
614,0.0,0.0,0.0,1.2812822,2.86287446,4.119906969999999,4.93756415,5.666641390000001,5.999303429999999,s1-procureScaling-h,high,Europe_Non_EU,elec_coal (IGCC),missing,missing,missing,missing,missing,missing,missing,missing,missing,MTC
615,0.0,0.0,0.0,0.0,0.0,0.0,0.0171156929999999,0.0560265651999999,0.0958613481,s1-procureScaling-h,high,Europe_Non_EU,elec_coal (conv pul CCS),missing,missing,missing,missing,missing,missing,missing,missing,missing,MTC
616,19.646585,25.035581,38.2197467,40.8874751,43.352532700000005,43.77883638000001,40.27851248999999,35.051053319999994,29.38707692000001,s1-procureScaling-h,high,Europe_Non_EU,elec_coal (conv pul),missing,missing,missing,missing,missing,missing,missing,missing,missing,MTC
617,0.0,0.0,0.0,0.0,0.0,0.0,0.0110126212,0.03666364692,0.06485690702,s1-procureScaling-h,high,Europe_Non_EU,elec_gas (CC CCS),missing,missing,missing,missing,missing,missing,missing,missing,missing,MTC
618,0.9941306,6.207584,7.72037647,8.8439755529,10.186874973099998,10.924056784699996,10.9632104355,11.221204994499995,11.1724869205,s1-procureScaling-h,high,Europe_Non_EU,elec_gas (CC),missing,missing,missing,missing,missing,missing,missing,missing,missing,MTC
619,0.6648671,1.0637527999999998,1.932332849,1.883121078236,1.805201473077,1.6916500705279995,1.394944662832,1.214348352009,1.0162650714179997,s1-procureScaling-h,high,Europe_Non_EU,elec_gas (steam/CT),missing,missing,missing,missing,missing,missing,missing,missing,missing,MTC
620,0.0,0.0,0.0,0.0,0.0,0.0,0.00527303,0.0091901969,0.0099886571999999,s1-procureScaling-h,high,Europe_Non_EU,elec_refined liquids (CC CCS),missing,missing,missing,missing,missing,missing,missing,missing,missing,MTC
621,0.0,0.0,0.021142436,0.0422262547,0.0814604396,0.102956124,0.0752374138,0.0963517549999999,0.0982110431,s1-procureScaling-h,high,Europe_Non_EU,elec_refined liquids (CC),missing,missing,missing,missing,missing,missing,missing,missing,missing,MTC
622,1.71556784,1.3963952000000002,0.21251252,0.203541355,0.188038347,0.173521586,0.1462655169999999,0.1238644927,0.1014004253999999,s1-procureScaling-h,high,Europe_Non_EU,elec_refined liquids (steam/CT),missing,missing,missing,missing,missing,missing,missing,missing,missing,MTC
623,0.02021,0.10521,0.212469,0.23563,0.260363,0.281388,0.291491,0.306891,0.315148,s1-procureScaling-h,high,Europe_Non_EU,gas pipeline,missing,missing,missing,missing,missing,missing,missing,missing,missing,MTC
624,0.0270863,0.00698597,0.00823372,0.0223861,0.0391,0.0639739,0.0529402,0.0447395,0.0445257,s1-procureScaling-h,high,Europe_Non_EU,gas processing,missing,missing,missing,missing,missing,missing,missing,missing,missing,MTC
625,18.1045676,20.920683,21.9155237,23.737483800000003,24.7445746,26.20385285,24.268969700000003,22.995922200000003,21.932251,s1-procureScaling-h,high,Europe_Non_EU,industrial energy use,missing,missing,missing,missing,missing,missing,missing,missing,missing,MTC
626,0.0,0.282334,0.1076786999999999,0.1244168,0.1417287,0.1562435,0.1254901,0.1212425,0.1200833999999999,s1-procureScaling-h,high,Europe_Non_EU,industrial feedstocks,missing,missing,missing,missing,missing,missing,missing,missing,missing,MTC
627,2.7901777,4.3090957,5.8775202,5.9845647,6.0530296,6.0836621,5.2539628,4.968782,4.7903407,s1-procureScaling-h,high,Europe_Non_EU,process heat cement,missing,missing,missing,missing,missing,missing,missing,missing,missing,MTC
628,3.07605,2.19721,4.123255,4.22633524,4.077270690000001,4.00242915,3.74699595,3.502062440000001,3.2405766800000007,s1-procureScaling-h,high,Europe_Non_EU,refining,missing,missing,missing,missing,missing,missing,missing,missing,missing,MTC
629,-9.85905,-8.62138,-8.72863,-10.6523,-13.1777,-15.2024,-21.2143,-23.2905,-25.6498,s1-procureScaling-h,high,Europe_Non_EU,regional biomass,missing,missing,missing,missing,missing,missing,missing,missing,missing,MTC
630,0.0,0.0,-0.3312009999999999,-0.429199,-0.559159,-0.6600969999999999,-0.7113780000000001,-0.710874,-0.659303,s1-procureScaling-h,high,Europe_Non_EU,regional biomassOil,missing,missing,missing,missing,missing,missing,missing,missing,missing,MTC
631,0.0,0.0,-0.208688,-0.302419,-0.468542,-0.619412,-0.702144,-0.743188,-0.76621,s1-procureScaling-h,high,Europe_Non_EU,regional corn for ethanol,missing,missing,missing,missing,missing,missing,missing,missing,missing,MTC
632,9.3080228,9.27735,8.211634,8.598291,8.717288,8.838994,8.6111257,8.1605074,7.861850499999999,s1-procureScaling-h,high,Europe_Non_EU,resid heating,missing,missing,missing,missing,missing,missing,missing,missing,missing,MTC
633,7.453102899999999,7.74213,7.435479,7.740111,7.802334999999999,8.058433,6.921583999999999,6.6031,6.372116,s1-procureScaling-h,high,Europe_Non_EU,resid others,missing,missing,missing,missing,missing,missing,missing,missing,missing,MTC
634,0.445917,0.945834,2.2126,2.49895,2.78599,3.05271,3.21729,3.38162,3.53129,s1-procureScaling-h,high,Europe_Non_EU,trn_aviation_intl,missing,missing,missing,missing,missing,missing,missing,missing,missing,MTC
635,0.3166947,0.4586703,0.431981,0.472672,0.521088,0.565617,0.561343,0.579295,0.600654,s1-procureScaling-h,high,Europe_Non_EU,trn_freight,missing,missing,missing,missing,missing,missing,missing,missing,missing,MTC
636,2.085759,2.980195,5.05503839,5.53456131,5.801671419999999,5.884640058,6.039178250000001,6.200989960000001,6.41446926,s1-procureScaling-h,high,Europe_Non_EU,trn_freight_road,missing,missing,missing,missing,missing,missing,missing,missing,missing,MTC
637,0.2935225999999999,0.9852736,2.732193,3.305582,3.922323,4.5467260000000005,4.8036520000000005,5.106657,5.403453,s1-procureScaling-h,high,Europe_Non_EU,trn_pass,missing,missing,missing,missing,missing,missing,missing,missing,missing,MTC
638,0.525254,0.7445275800000001,1.8410716,2.1295963,1.8310567,1.6503402,1.5580229,1.5446851,1.541973,s1-procureScaling-h,high,Europe_Non_EU,trn_pass_road,missing,missing,missing,missing,missing,missing,missing,missing,missing,MTC
639,0.138488,0.198034,0.295865,0.283632,0.272116,0.254169,0.232849,0.213144,0.192935,s1-procureScaling-h,high,Europe_Non_EU,trn_pass_road_LDV,missing,missing,missing,missing,missing,missing,missing,missing,missing,MTC
640,7.369385,9.983663916089998,17.489325101000006,16.677819130999996,14.306066820300003,12.686837579400004,11.33909666,11.132994880000002,11.184629359999995,s1-procureScaling-h,high,Europe_Non_EU,trn_pass_road_LDV_4W,missing,missing,missing,missing,missing,missing,missing,missing,missing,MTC
641,0.0939672,0.905366,1.04592,1.10951,1.17206,1.23313,1.23826,1.25546,1.27582,s1-procureScaling-h,high,Europe_Non_EU,trn_shipping_intl,missing,missing,missing,missing,missing,missing,missing,missing,missing,MTC
642,0.0,0.0,0.0,0.0,0.0,0.0,-0.3335538999999999,-0.4345569,-0.4922782,s1-procureScaling-h,high,European Free Trade Association,CDR_regional,missing,missing,missing,missing,missing,missing,missing,missing,missing,MTC
643,0.0,0.0,0.2113394,0.374924,0.5240595,0.6993336,0.28669581,0.21620496,0.1923636,s1-procureScaling-h,high,European Free Trade Association,H2 central production,missing,missing,missing,missing,missing,missing,missing,missing,missing,MTC
644,0.0,0.0,0.0921776,0.154902,0.217027,0.289618,0.312506,0.373576,0.425511,s1-procureScaling-h,high,European Free Trade Association,H2 forecourt production,missing,missing,missing,missing,missing,missing,missing,missing,missing,MTC
645,0.3019867,0.2812293,0.3305197199999999,0.33432901,0.33856104,0.3349317899999999,0.31379678,0.292826591,0.2692786450000001,s1-procureScaling-h,high,European Free Trade Association,N fertilizer,missing,missing,missing,missing,missing,missing,missing,missing,missing,MTC
646,0.0,0.0,0.0239983,0.0782074,0.16702,0.276182,0.366839,0.455714,0.481374,s1-procureScaling-h,high,European Free Trade Association,backup_electricity,missing,missing,missing,missing,missing,missing,missing,missing,missing,MTC
647,0.0,0.0,6.05536e-05,6.41043e-05,6.18847e-05,6.7448e-05,8.85393e-05,0.000101242,0.000115739,s1-procureScaling-h,high,European Free Trade Association,biogas pipeline,missing,missing,missing,missing,missing,missing,missing,missing,missing,MTC
648,0.0,0.0,0.02656,0.0278365,0.0266014,0.0286972,0.037283,0.0421882,0.047722,s1-procureScaling-h,high,European Free Trade Association,biogas processing,missing,missing,missing,missing,missing,missing,missing,missing,missing,MTC
649,0.0,0.0,0.2241518,0.50326265,1.042916,1.47186859,1.8443439600000004,2.0587237000000003,2.25347655,s1-procureScaling-h,high,European Free Trade Association,biorefining,missing,missing,missing,missing,missing,missing,missing,missing,missing,MTC
650,0.896,0.784,0.838207,0.88635,0.931112,0.970982,0.6546134,0.5278666,0.4467751,s1-procureScaling-h,high,European Free Trade Association,cement,missing,missing,missing,missing,missing,missing,missing,missing,missing,MTC
651,1.7101318,1.3730674,1.236033419,1.124363523,1.026058571,0.982534442,0.8149563352,0.7131515699,0.6280506741,s1-procureScaling-h,high,European Free Trade Association,comm heating,missing,missing,missing,missing,missing,missing,missing,missing,missing,MTC
652,0.77041111,0.76173427,0.5314120808,0.4422218837,0.3854460152,0.3609035801,0.2777929963,0.2378546745299999,0.2044868542,s1-procureScaling-h,high,European Free Trade Association,comm others,missing,missing,missing,missing,missing,missing,missing,missing,missing,MTC
653,6.587937e-05,6.38417e-05,5.986629999999999e-05,5.56344e-05,5.43527e-05,5.20325e-05,4.80003e-05,4.57975e-05,4.3827e-05,s1-procureScaling-h,high,European Free Trade Association,desalinated water,missing,missing,missing,missing,missing,missing,missing,missing,missing,MTC
654,0.0,0.0,0.0,0.0,0.0,0.0,0.0133280899999999,0.0254987292,0.0370962515,s1-procureScaling-h,high,European Free Trade Association,elec_biomass (IGCC CCS),missing,missing,missing,missing,missing,missing,missing,missing,missing,MTC
655,0.0,0.0,0.0,0.08176271,0.1384781,0.1843699307,0.2094772469999999,0.2259363022,0.2491605082,s1-procureScaling-h,high,European Free Trade Association,elec_biomass (IGCC),missing,missing,missing,missing,missing,missing,missing,missing,missing,MTC
656,0.0,0.0,0.0,0.0,0.0,0.0,0.002421015,0.009584661,0.026351122,s1-procureScaling-h,high,European Free Trade Association,elec_biomass (conv CCS),missing,missing,missing,missing,missing,missing,missing,missing,missing,MTC
657,0.1992965799999999,0.25610452,0.91115017,1.28992291,1.4609279199999998,1.2812671839999998,1.4368464150000002,1.2717824219999996,1.1283701970000002,s1-procureScaling-h,high,European Free Trade Association,elec_biomass (conv),missing,missing,missing,missing,missing,missing,missing,missing,missing,MTC
658,0.0,0.0,0.0,0.0,0.0,0.0,0.00013515005,0.00047646094,0.0011661502399999,s1-procureScaling-h,high,European Free Trade Association,elec_coal (IGCC CCS),missing,missing,missing,missing,missing,missing,missing,missing,missing,MTC
659,0.0,0.0,0.0,0.028541572,0.048267669,0.063474428131,0.075675823431,0.0808286664899999,0.083186184176,s1-procureScaling-h,high,European Free Trade Association,elec_coal (IGCC),missing,missing,missing,missing,missing,missing,missing,missing,missing,MTC
660,0.0,0.0,0.0,0.0,0.0,0.0,0.0001699723,0.0005407178,0.0012165455,s1-procureScaling-h,high,European Free Trade Association,elec_coal (conv pul CCS),missing,missing,missing,missing,missing,missing,missing,missing,missing,MTC
661,0.03428361,0.031998366,0.22348674,0.3171127,0.374379068,0.38031409917,0.4254910092819999,0.406958216213,0.3667157195050001,s1-procureScaling-h,high,European Free Trade Association,elec_coal (conv pul),missing,missing,missing,missing,missing,missing,missing,missing,missing,MTC
662,0.0,0.0,0.0,0.0,0.0,0.0,0.00145523432,0.003857908683,0.007594729043,s1-procureScaling-h,high,European Free Trade Association,elec_gas (CC CCS),missing,missing,missing,missing,missing,missing,missing,missing,missing,MTC
663,0.0,0.0,0.0557305402999999,0.1034617749599999,0.14803686699,0.19489246845,0.2141534787699999,0.22939365823,0.25066323492,s1-procureScaling-h,high,European Free Trade Association,elec_gas (CC),missing,missing,missing,missing,missing,missing,missing,missing,missing,MTC
664,0.09154007,0.10105185,0.1073132602,0.1558030977659999,0.1801087588759999,0.152555435932,0.1450015124699999,0.1181481202946999,0.0913704622865,s1-procureScaling-h,high,European Free Trade Association,elec_gas (steam/CT),missing,missing,missing,missing,missing,missing,missing,missing,missing,MTC
665,0.0,0.0,0.0,0.0,0.0,0.0,0.00017388235999999998,0.00023422237700000003,0.000286189041,s1-procureScaling-h,high,European Free Trade Association,elec_refined liquids (CC CCS),missing,missing,missing,missing,missing,missing,missing,missing,missing,MTC
666,0.0,0.0,0.0042694719,0.0067114562,0.0072429625,0.00811140422,0.0039471839399999,0.0033719094,0.00324352125,s1-procureScaling-h,high,European Free Trade Association,elec_refined liquids (CC),missing,missing,missing,missing,missing,missing,missing,missing,missing,MTC
667,0.08040522,0.015588946,0.015463826,0.0167659906,0.0146477697,0.0108128166,0.00754093395,0.0052937890099999,0.00365630934,s1-procureScaling-h,high,European Free Trade Association,elec_refined liquids (steam/CT),missing,missing,missing,missing,missing,missing,missing,missing,missing,MTC
668,0.0154547,0.0202102,0.0131355,0.0118113,0.0118223,0.0121214,0.0108658,0.0110321,0.0110917,s1-procureScaling-h,high,European Free Trade Association,gas pipeline,missing,missing,missing,missing,missing,missing,missing,missing,missing,MTC
669,0.0265472,0.057285,0.000960657,0.00270586,0.00443009,0.00763045,0.00615338,0.00516946,0.00537808,s1-procureScaling-h,high,European Free Trade Association,gas processing,missing,missing,missing,missing,missing,missing,missing,missing,missing,MTC
670,5.317184,7.349141400000001,6.07210832,4.852825810000001,4.23256589,3.95443206,3.119807690000001,2.7461643600000003,2.43766494,s1-procureScaling-h,high,European Free Trade Association,industrial energy use,missing,missing,missing,missing,missing,missing,missing,missing,missing,MTC
671,0.00342888,0.2261207,0.2407136,0.2604311,0.2892818,0.3088305,0.2551226,0.2511842,0.2572798,s1-procureScaling-h,high,European Free Trade Association,industrial feedstocks,missing,missing,missing,missing,missing,missing,missing,missing,missing,MTC
672,0.54143359,0.457712,0.60409457,0.6294099,0.65001238,0.6666878,0.5945018100000001,0.57735577,0.57317096,s1-procureScaling-h,high,European Free Trade Association,process heat cement,missing,missing,missing,missing,missing,missing,missing,missing,missing,MTC
673,0.86882,0.975194021,0.6776747000000001,0.6520651000000001,0.589556,0.5468715000000001,0.4980461,0.55926681,0.63155512,s1-procureScaling-h,high,European Free Trade Association,refining,missing,missing,missing,missing,missing,missing,missing,missing,missing,MTC
674,-2.43202,-3.31498,-5.03629,-5.44693,-6.18456,-6.6074,-8.8901,-9.21887,-9.88863,s1-procureScaling-h,high,European Free Trade Association,regional biomass,missing,missing,missing,missing,missing,missing,missing,missing,missing,MTC
675,0.0,-0.00507537,-0.256923,-0.315089,-0.398519,-0.458589,-0.480869,-0.46821,-0.417573,s1-procureScaling-h,high,European Free Trade Association,regional biomassOil,missing,missing,missing,missing,missing,missing,missing,missing,missing,MTC
676,0.0,-0.000821194,-0.0716183,-0.09434,-0.138734,-0.174941,-0.190267,-0.194577,-0.19018,s1-procureScaling-h,high,European Free Trade Association,regional corn for ethanol,missing,missing,missing,missing,missing,missing,missing,missing,missing,MTC
677,3.563178,3.827845,3.088422,2.87446,2.663965,2.55575,2.172494,1.916936,1.705877,s1-procureScaling-h,high,European Free Trade Association,resid heating,missing,missing,missing,missing,missing,missing,missing,missing,missing,MTC
678,0.414687,0.4623022,0.2942641,0.22659434,0.1834332699999999,0.16262016,0.119985753,0.097026046,0.079201091,s1-procureScaling-h,high,European Free Trade Association,resid others,missing,missing,missing,missing,missing,missing,missing,missing,missing,MTC
679,0.664881,0.7532,1.13736,1.16505,1.186,1.20121,1.21312,1.22775,1.24371,s1-procureScaling-h,high,European Free Trade Association,trn_aviation_intl,missing,missing,missing,missing,missing,missing,missing,missing,missing,MTC
680,0.5832233,0.7203390000000001,0.9057389,0.9398458,0.9719024,1.0011049,0.952098,0.938595,0.9382167,s1-procureScaling-h,high,European Free Trade Association,trn_freight,missing,missing,missing,missing,missing,missing,missing,missing,missing,MTC
681,0.978699,1.158745,1.229661,1.284069453,1.2798667970000002,1.2432403980000004,1.257540604,1.268222316,1.296059725,s1-procureScaling-h,high,European Free Trade Association,trn_freight_road,missing,missing,missing,missing,missing,missing,missing,missing,missing,MTC
682,0.8014624,0.9099515,1.4088893,1.4778901,1.5354499,1.5840374,1.5857035,1.5971296,1.6132562,s1-procureScaling-h,high,European Free Trade Association,trn_pass,missing,missing,missing,missing,missing,missing,missing,missing,missing,MTC
683,0.266,0.32191844,0.6150568,0.6984954999999999,0.5822257,0.5085188,0.4661807999999999,0.4481927,0.436438,s1-procureScaling-h,high,European Free Trade Association,trn_pass_road,missing,missing,missing,missing,missing,missing,missing,missing,missing,MTC
684,0.0645827,0.0764641,0.0672472,0.0595079,0.0540476,0.0488962,0.0435354,0.038974,0.0348618,s1-procureScaling-h,high,European Free Trade Association,trn_pass_road_LDV,missing,missing,missing,missing,missing,missing,missing,missing,missing,MTC
685,4.839961000000001,5.7305080828,5.489814263000001,4.9519952300000005,3.999003,3.306504036,2.7430334270000003,2.6015208800000003,2.5446150270000003,s1-procureScaling-h,high,European Free Trade Association,trn_pass_road_LDV_4W,missing,missing,missing,missing,missing,missing,missing,missing,missing,MTC
686,0.368343,0.542155,0.119393,0.122545,0.125103,0.127656,0.125938,0.125622,0.126093,s1-procureScaling-h,high,European Free Trade Association,trn_shipping_intl,missing,missing,missing,missing,missing,missing,missing,missing,missing,MTC
687,0.0,0.0,0.0,0.0,0.0,0.0,-1.170271,-1.446477,-1.703264,s1-procureScaling-h,high,India,CDR_regional,missing,missing,missing,missing,missing,missing,missing,missing,missing,MTC
688,0.0,0.0,0.05910205,0.160951,0.3074413,0.5088507,0.32835067,0.3217489,0.3421886,s1-procureScaling-h,high,India,H2 central production,missing,missing,missing,missing,missing,missing,missing,missing,missing,MTC
689,0.0,0.0,0.0259317,0.0723939,0.142921,0.243701,0.433599,0.661141,0.885449,s1-procureScaling-h,high,India,H2 forecourt production,missing,missing,missing,missing,missing,missing,missing,missing,missing,MTC
690,5.956989999999999,9.48438,9.17812,9.479202999999998,9.657086,10.565988,10.016921200000002,9.2899141,8.3851976,s1-procureScaling-h,high,India,N fertilizer,missing,missing,missing,missing,missing,missing,missing,missing,missing,MTC
691,0.0,0.0,0.200354,1.5017,4.44282,8.8553,19.791,30.5969,38.776,s1-procureScaling-h,high,India,backup_electricity,missing,missing,missing,missing,missing,missing,missing,missing,missing,MTC
692,0.0,0.0,0.000830047,0.00109436,0.00131105,0.00147781,0.00233234,0.00338845,0.00416076,s1-procureScaling-h,high,India,biogas pipeline,missing,missing,missing,missing,missing,missing,missing,missing,missing,MTC
693,0.0,0.0,0.126305,0.16486,0.195511,0.218132,0.340719,0.489849,0.59517,s1-procureScaling-h,high,India,biogas processing,missing,missing,missing,missing,missing,missing,missing,missing,missing,MTC
694,0.0,0.0,9.9642074,24.13019477,39.79757157,55.42294131999999,71.54493455,79.03761580000004,83.38775385000001,s1-procureScaling-h,high,India,biorefining,missing,missing,missing,missing,missing,missing,missing,missing,missing,MTC
695,6.664,19.72,34.1479,42.4776,49.0049,54.726,39.51044,31.67357,27.04709,s1-procureScaling-h,high,India,cement,missing,missing,missing,missing,missing,missing,missing,missing,missing,MTC
696,12.654459,15.22478,28.32239,33.65063,34.99731,35.70774,27.67799,22.26947,18.51135,s1-procureScaling-h,high,India,comm others,missing,missing,missing,missing,missing,missing,missing,missing,missing,MTC
697,0.00020210611,0.0003477622,0.1153411,0.1748043,0.2390473,0.3267479,0.3789991,0.4467475,0.5495384,s1-procureScaling-h,high,India,desalinated water,missing,missing,missing,missing,missing,missing,missing,missing,missing,MTC
698,0.0,0.0,0.0,0.0,0.0,0.0,0.6114756090000001,1.30413708,1.8111972684,s1-procureScaling-h,high,India,elec_biomass (IGCC CCS),missing,missing,missing,missing,missing,missing,missing,missing,missing,MTC
699,0.0,0.0,0.0,2.1050955,4.189233600000001,6.118140299999999,7.15019323,8.645286320000002,10.04997711,s1-procureScaling-h,high,India,elec_biomass (IGCC),missing,missing,missing,missing,missing,missing,missing,missing,missing,MTC
700,0.0,0.0,0.0,0.0,0.0,0.0,0.10304083,0.439111402,0.9881624130000002,s1-procureScaling-h,high,India,elec_biomass (conv CCS),missing,missing,missing,missing,missing,missing,missing,missing,missing,MTC
701,0.0,2.67749,14.199049900000002,20.522755300000004,25.9182908,29.833934900000003,31.72251129999999,30.036071880000005,27.09578848,s1-procureScaling-h,high,India,elec_biomass (conv),missing,missing,missing,missing,missing,missing,missing,missing,missing,MTC
702,0.0,0.0,0.0,0.0,0.0,0.0,0.2645869953,1.0166539015,2.0625756777,s1-procureScaling-h,high,India,elec_coal (IGCC CCS),missing,missing,missing,missing,missing,missing,missing,missing,missing,MTC
703,0.0,0.0,0.0,28.812338900000004,57.8507744,83.83185389999998,99.4245638,115.70646642,127.03352838,s1-procureScaling-h,high,India,elec_coal (IGCC),missing,missing,missing,missing,missing,missing,missing,missing,missing,MTC
704,0.0,0.0,0.0,0.0,0.0,0.0,0.321029996,1.107332416,2.089297548,s1-procureScaling-h,high,India,elec_coal (conv pul CCS),missing,missing,missing,missing,missing,missing,missing,missing,missing,MTC
705,55.27414999999999,145.79214000000002,405.07800700000007,485.58852100000007,551.284061,594.4396896,579.4659463,550.8955919999999,510.5200376999999,s1-procureScaling-h,high,India,elec_coal (conv pul),missing,missing,missing,missing,missing,missing,missing,missing,missing,MTC
706,0.0,0.0,0.0,0.0,0.0,0.0,0.159975136,0.4661386423,0.7958121997000001,s1-procureScaling-h,high,India,elec_gas (CC CCS),missing,missing,missing,missing,missing,missing,missing,missing,missing,MTC
707,0.0,6.185115,3.74719753,6.642510067000001,10.6341671173,15.293192798199996,17.320596778000006,20.379486152999995,23.51698668080001,s1-procureScaling-h,high,India,elec_gas (CC),missing,missing,missing,missing,missing,missing,missing,missing,missing,MTC
708,2.0579061000000003,2.3191324,8.546817769999999,11.300178678799998,13.6165999733,15.0711772656,14.294895254199998,13.61562204779,12.555026462499995,s1-procureScaling-h,high,India,elec_gas (steam/CT),missing,missing,missing,missing,missing,missing,missing,missing,missing,MTC
709,0.0,0.0,0.0,0.0,0.0,0.0,0.37779871,0.7608496649999998,0.996221464,s1-procureScaling-h,high,India,elec_refined liquids (CC CCS),missing,missing,missing,missing,missing,missing,missing,missing,missing,MTC
710,0.0,0.0,2.3215107,4.5934944,7.6366146,11.033039549999998,9.49994568,11.16787066,12.04178897,s1-procureScaling-h,high,India,elec_refined liquids (CC),missing,missing,missing,missing,missing,missing,missing,missing,missing,MTC
711,4.110581,5.759602,6.3631264000000005,8.721062,10.457313999999998,11.923266999999996,11.370603399999998,10.676739490000005,9.62056704,s1-procureScaling-h,high,India,elec_refined liquids (steam/CT),missing,missing,missing,missing,missing,missing,missing,missing,missing,MTC
712,0.0,0.0,0.333919,0.484644,0.652794,0.831783,0.994625,1.1968,1.37032,s1-procureScaling-h,high,India,gas pipeline,missing,missing,missing,missing,missing,missing,missing,missing,missing,MTC
713,0.0,0.0180574,0.0498987,0.0868221,0.127734,0.185359,0.145837,0.121946,0.121645,s1-procureScaling-h,high,India,gas processing,missing,missing,missing,missing,missing,missing,missing,missing,missing,MTC
714,63.212596,90.02667,224.6716575,292.3383246,347.11392100000006,403.6657181000001,414.768341,414.16857510000006,408.91835340000006,s1-procureScaling-h,high,India,industrial energy use,missing,missing,missing,missing,missing,missing,missing,missing,missing,MTC
715,1.76818,3.26789,15.2411,21.5677,27.7633,34.1491,35.0179,37.9888,40.7848,s1-procureScaling-h,high,India,industrial feedstocks,missing,missing,missing,missing,missing,missing,missing,missing,missing,MTC
716,6.533200400000001,12.3385925,29.809231,36.517695,41.48057000000001,45.614755,41.792534,41.46295,41.71878,s1-procureScaling-h,high,India,process heat cement,missing,missing,missing,missing,missing,missing,missing,missing,missing,MTC
717,2.5917,8.0191593,12.12375,15.2193168,17.4932058,20.2219861,22.096691000000003,23.79550170000001,25.0870107,s1-procureScaling-h,high,India,refining,missing,missing,missing,missing,missing,missing,missing,missing,missing,MTC
718,-30.8696,-40.5571,-90.744,-137.02,-179.977,-219.903,-310.49,-353.597,-386.782,s1-procureScaling-h,high,India,regional biomass,missing,missing,missing,missing,missing,missing,missing,missing,missing,MTC
719,0.0,0.0,-0.169927,-0.236748,-0.323393,-0.456483,-0.565303,-0.671286,-0.929829,s1-procureScaling-h,high,India,regional biomassOil,missing,missing,missing,missing,missing,missing,missing,missing,missing,MTC
720,0.0,-0.0836822,-2.22476,-2.52974,-2.84255,-3.13656,-2.92779,-2.87637,-2.48333,s1-procureScaling-h,high,India,regional corn for ethanol,missing,missing,missing,missing,missing,missing,missing,missing,missing,MTC
721,13.7767315,22.332617,31.306453,33.66437,33.90608,34.118939999999995,30.345838,26.011495,22.166226,s1-procureScaling-h,high,India,resid others,missing,missing,missing,missing,missing,missing,missing,missing,missing,MTC
722,0.733008,1.44017,3.78647,5.22247,6.55922,7.99986,9.24878,10.5889,11.9617,s1-procureScaling-h,high,India,trn_aviation_intl,missing,missing,missing,missing,missing,missing,missing,missing,missing,MTC
723,3.28198,1.191037,2.680368,3.469417,4.18513,4.92535,5.47156,6.18475,6.953200000000001,s1-procureScaling-h,high,India,trn_freight,missing,missing,missing,missing,missing,missing,missing,missing,missing,MTC
724,8.586399,17.8441389,50.82145320000001,62.9829956,71.4699068,78.38602959999999,85.07009989999997,91.7980578,99.5075358,s1-procureScaling-h,high,India,trn_freight_road,missing,missing,missing,missing,missing,missing,missing,missing,missing,MTC
725,1.115702,2.234111,6.880380000000001,10.41379,14.1607,18.70637,22.42352,26.73287,31.53703,s1-procureScaling-h,high,India,trn_pass,missing,missing,missing,missing,missing,missing,missing,missing,missing,MTC
726,1.19061,2.667117,8.699378,10.155839,9.299645,9.151331,9.32618,9.7237,10.103264,s1-procureScaling-h,high,India,trn_pass_road,missing,missing,missing,missing,missing,missing,missing,missing,missing,MTC
727,2.333,4.949997,9.796942,8.741966,8.89929,8.200082,7.130487,6.290501,5.45772,s1-procureScaling-h,high,India,trn_pass_road_LDV,missing,missing,missing,missing,missing,missing,missing,missing,missing,MTC
728,1.222249,2.599537,6.123585282,7.071537821999999,7.869530688,8.493814072,8.9649029222,9.922690155999998,10.942926546,s1-procureScaling-h,high,India,trn_pass_road_LDV_4W,missing,missing,missing,missing,missing,missing,missing,missing,missing,MTC
729,0.720504,0.707785,5.05159,5.79359,6.38587,6.97867,7.2565,7.59628,7.95673,s1-procureScaling-h,high,India,trn_shipping_intl,missing,missing,missing,missing,missing,missing,missing,missing,missing,MTC
730,0.0,0.0,0.0,0.0,0.0,0.0,-0.3775760999999999,-0.450198,-0.513776,s1-procureScaling-h,high,Indonesia,CDR_regional,missing,missing,missing,missing,missing,missing,missing,missing,missing,MTC
731,0.0,0.0,0.02883672,0.0716576,0.1335634,0.2167067999999999,0.126775328,0.11541823,0.1195687,s1-procureScaling-h,high,Indonesia,H2 central production,missing,missing,missing,missing,missing,missing,missing,missing,missing,MTC
732,0.0,0.0,0.0118397,0.0297665,0.0569354,0.0927402,0.149712,0.211472,0.269895,s1-procureScaling-h,high,Indonesia,H2 forecourt production,missing,missing,missing,missing,missing,missing,missing,missing,missing,MTC
733,1.38624,1.60198,2.193562,2.2483,2.278214,2.260783,2.1261911,2.0016611,1.8717987,s1-procureScaling-h,high,Indonesia,N fertilizer,missing,missing,missing,missing,missing,missing,missing,missing,missing,MTC
734,0.0,0.0,0.0147025,0.120715,0.41523,0.855818,2.18836,3.30657,4.04982,s1-procureScaling-h,high,Indonesia,backup_electricity,missing,missing,missing,missing,missing,missing,missing,missing,missing,MTC
735,0.0,0.0,0.000700355,0.000860717,0.00115427,0.00143947,0.00251786,0.003557,0.00432722,s1-procureScaling-h,high,Indonesia,biogas pipeline,missing,missing,missing,missing,missing,missing,missing,missing,missing,MTC
736,0.0,0.0,0.140873,0.171399,0.227537,0.280863,0.486215,0.679729,0.818219,s1-procureScaling-h,high,Indonesia,biogas processing,missing,missing,missing,missing,missing,missing,missing,missing,missing,MTC
737,0.0,0.0,3.266139,7.343899500000001,12.248594400000002,17.2011673,22.560128200000005,24.79745179999999,26.2139987,s1-procureScaling-h,high,Indonesia,biorefining,missing,missing,missing,missing,missing,missing,missing,missing,missing,MTC
738,1.877,4.613,6.12437,7.66047,8.98019,10.0701,7.028970999999999,5.660451,4.880715,s1-procureScaling-h,high,Indonesia,cement,missing,missing,missing,missing,missing,missing,missing,missing,missing,MTC
739,0.53380492,1.9495896,1.685082,1.902363,2.103275,2.349285,2.490384,2.323743,2.12258,s1-procureScaling-h,high,Indonesia,comm others,missing,missing,missing,missing,missing,missing,missing,missing,missing,MTC
740,0.01147956,0.0112217499999999,0.01262602,0.01475129,0.01724735,0.0199145,0.02135159,0.02180374,0.02173942,s1-procureScaling-h,high,Indonesia,desalinated water,missing,missing,missing,missing,missing,missing,missing,missing,missing,MTC
741,0.0,0.0,0.0,0.0,0.0,0.0,0.022347379,0.068182328,0.1068159269999999,s1-procureScaling-h,high,Indonesia,elec_biomass (IGCC CCS),missing,missing,missing,missing,missing,missing,missing,missing,missing,MTC
742,0.0,0.0,0.0,0.0451727399999999,0.128934137,0.226988171,0.268585537,0.3883022479999999,0.529290292,s1-procureScaling-h,high,Indonesia,elec_biomass (IGCC),missing,missing,missing,missing,missing,missing,missing,missing,missing,MTC
743,0.0,0.0,0.0,0.0,0.0,0.0,0.003993344,0.027821067,0.072284087,s1-procureScaling-h,high,Indonesia,elec_biomass (conv CCS),missing,missing,missing,missing,missing,missing,missing,missing,missing,MTC
744,0.0,0.008664869,0.33992883,0.5008013299999999,0.7947988500000001,1.09038258,1.22928438,1.36582342,1.4267190259999998,s1-procureScaling-h,high,Indonesia,elec_biomass (conv),missing,missing,missing,missing,missing,missing,missing,missing,missing,MTC
745,0.0,0.0,0.0,0.0,0.0,0.0,0.0188208409999999,0.1050245379999999,0.2281348869999999,s1-procureScaling-h,high,Indonesia,elec_coal (IGCC CCS),missing,missing,missing,missing,missing,missing,missing,missing,missing,MTC
746,0.0,0.0,0.0,2.3116804,5.4870813,8.4313815,9.5965774,11.586223300000002,13.078608200000003,s1-procureScaling-h,high,Indonesia,elec_coal (IGCC),missing,missing,missing,missing,missing,missing,missing,missing,missing,MTC
747,0.0,0.0,0.0,0.0,0.0,0.0,0.02349205,0.1154487499999999,0.2322901699999999,s1-procureScaling-h,high,Indonesia,elec_coal (conv pul CCS),missing,missing,missing,missing,missing,missing,missing,missing,missing,MTC
748,2.6557294,15.354045,48.766722,55.1271767,62.65626459999999,67.91481140000002,66.18419389999998,64.15042270000001,59.61991429999999,s1-procureScaling-h,high,Indonesia,elec_coal (conv pul),missing,missing,missing,missing,missing,missing,missing,missing,missing,MTC
749,0.0,0.0,0.0,0.0,0.0,0.0,0.056970828,0.2192215294999999,0.3845727395999999,s1-procureScaling-h,high,Indonesia,elec_gas (CC CCS),missing,missing,missing,missing,missing,missing,missing,missing,missing,MTC
750,0.0004941447,0.9945891,1.718150167,2.8133432784,5.003607650199999,7.489101361300001,8.046008253799998,9.474029518000002,10.865112164700006,s1-procureScaling-h,high,Indonesia,elec_gas (CC),missing,missing,missing,missing,missing,missing,missing,missing,missing,MTC
751,0.1243285,1.4495897,8.402428859999999,9.60264275909,10.978654822889997,11.457117678300005,10.393246713199998,9.269868508700002,7.756792649970001,s1-procureScaling-h,high,Indonesia,elec_gas (steam/CT),missing,missing,missing,missing,missing,missing,missing,missing,missing,MTC
752,0.0,0.0,0.0,0.0,0.0,0.0,0.0740720699999999,0.218918697,0.284848749,s1-procureScaling-h,high,Indonesia,elec_refined liquids (CC CCS),missing,missing,missing,missing,missing,missing,missing,missing,missing,MTC
753,0.0,0.0,0.6981864999999999,1.06203296,2.18501761,3.30623272,2.883321009999999,3.43494936,3.49118052,s1-procureScaling-h,high,Indonesia,elec_refined liquids (CC),missing,missing,missing,missing,missing,missing,missing,missing,missing,MTC
754,3.25219,7.653083,3.3925883000000003,3.5307483000000004,4.0671385,4.5154514,4.459540179999999,3.80839653,3.032616660000001,s1-procureScaling-h,high,Indonesia,elec_refined liquids (steam/CT),missing,missing,missing,missing,missing,missing,missing,missing,missing,MTC
755,0.189022,0.641963,0.177696,0.214511,0.2676,0.311502,0.324876,0.356669,0.377353,s1-procureScaling-h,high,Indonesia,gas pipeline,missing,missing,missing,missing,missing,missing,missing,missing,missing,MTC
756,0.0,0.0,0.00485784,0.0151698,0.0312603,0.0664765,0.071404,0.0665006,0.0734086,s1-procureScaling-h,high,Indonesia,gas processing,missing,missing,missing,missing,missing,missing,missing,missing,missing,MTC
757,20.05743,33.47805,46.8288526,57.5378455,68.5184859,79.0833233,87.090783,90.307843,91.58255,s1-procureScaling-h,high,Indonesia,industrial energy use,missing,missing,missing,missing,missing,missing,missing,missing,missing,MTC
758,1.62943,2.9266,1.75742,2.41827,3.2339,3.99425,4.11946,4.54665,4.93824,s1-procureScaling-h,high,Indonesia,industrial feedstocks,missing,missing,missing,missing,missing,missing,missing,missing,missing,MTC
759,1.2867082,2.8852934,5.0397758,6.2002563,7.1247468000000005,7.8609043,6.85294,6.519182000000001,6.357818,s1-procureScaling-h,high,Indonesia,process heat cement,missing,missing,missing,missing,missing,missing,missing,missing,missing,MTC
760,3.08336,3.06102,3.673809,4.273342,4.939126900000001,5.731062799999999,6.236937300000001,6.681671499999999,6.910146499999999,s1-procureScaling-h,high,Indonesia,refining,missing,missing,missing,missing,missing,missing,missing,missing,missing,MTC
761,-9.43428,-7.38452,-17.6249,-26.9181,-37.8701,-48.9291,-73.1501,-84.1639,-93.6888,s1-procureScaling-h,high,Indonesia,regional biomass,missing,missing,missing,missing,missing,missing,missing,missing,missing,MTC
762,0.0,0.0,-2.01749,-2.52093,-3.08998,-3.62846,-3.92959,-3.86143,-3.41799,s1-procureScaling-h,high,Indonesia,regional biomassOil,missing,missing,missing,missing,missing,missing,missing,missing,missing,MTC
763,0.0,0.0,-0.099067,-0.141154,-0.210041,-0.298583,-0.350516,-0.38225,-0.412831,s1-procureScaling-h,high,Indonesia,regional sugar for ethanol,missing,missing,missing,missing,missing,missing,missing,missing,missing,MTC
764,5.98538806,7.83634303,8.079255,10.0158788,11.6835634,13.205627,14.0359272,13.0469391,11.5710506,s1-procureScaling-h,high,Indonesia,resid others,missing,missing,missing,missing,missing,missing,missing,missing,missing,MTC
765,0.482738,1.52082,3.49147,4.37231,5.40635,6.43959,7.25205,8.04833,8.77346,s1-procureScaling-h,high,Indonesia,trn_aviation_intl,missing,missing,missing,missing,missing,missing,missing,missing,missing,MTC
766,0.6749386,1.1942169,2.213869,2.6607000000000003,3.177209,3.69997,3.78274,4.003575,4.238348,s1-procureScaling-h,high,Indonesia,trn_freight,missing,missing,missing,missing,missing,missing,missing,missing,missing,MTC
767,3.054716,6.6175310000000005,13.948170909999998,16.191048249999998,18.2460653,19.69062004,21.62061217,23.38867474,25.204356100000005,s1-procureScaling-h,high,Indonesia,trn_freight_road,missing,missing,missing,missing,missing,missing,missing,missing,missing,MTC
768,0.0787115999999999,0.200035,0.46046,0.589385,0.752693,0.935968,1.066325,1.20524,1.344262,s1-procureScaling-h,high,Indonesia,trn_pass,missing,missing,missing,missing,missing,missing,missing,missing,missing,MTC
769,0.969271,2.10123668,4.93935016,5.29822137,4.305740300000001,3.8695169,3.6962149,3.624129,3.563114,s1-procureScaling-h,high,Indonesia,trn_pass_road,missing,missing,missing,missing,missing,missing,missing,missing,missing,MTC
770,1.92058,4.160723406000001,5.6146916,4.479885,4.370135,3.913793,3.3050940000000004,2.810284,2.367624,s1-procureScaling-h,high,Indonesia,trn_pass_road_LDV,missing,missing,missing,missing,missing,missing,missing,missing,missing,MTC
771,1.872463,4.057700645,6.419797219,6.372855368000001,6.792474549999999,7.010045899999998,7.0611991747,7.52184418,7.914105708,s1-procureScaling-h,high,Indonesia,trn_pass_road_LDV_4W,missing,missing,missing,missing,missing,missing,missing,missing,missing,MTC
772,0.697774,0.79564,0.935939,1.0333,1.13704,1.23651,1.27748,1.32552,1.37201,s1-procureScaling-h,high,Indonesia,trn_shipping_intl,missing,missing,missing,missing,missing,missing,missing,missing,missing,MTC
773,0.0,0.0,0.0,0.0,0.0,0.0,-1.4939104,-1.9074666,-2.1692066,s1-procureScaling-h,high,Japan,CDR_regional,missing,missing,missing,missing,missing,missing,missing,missing,missing,MTC
774,0.0,0.0,0.0189477399999999,0.03780596,0.0574033,0.07855307,0.0390178329999999,0.030642796,0.027650935,s1-procureScaling-h,high,Japan,H2 central production,missing,missing,missing,missing,missing,missing,missing,missing,missing,MTC
775,0.0,0.0,0.00780088,0.0156638,0.0244336,0.0339903,0.0486468,0.0604619,0.0702813,s1-procureScaling-h,high,Japan,H2 forecourt production,missing,missing,missing,missing,missing,missing,missing,missing,missing,MTC
776,0.559943,0.475377,0.3207653,0.3158618,0.3076779,0.2961006,0.26878559,0.24417268,0.2221284,s1-procureScaling-h,high,Japan,N fertilizer,missing,missing,missing,missing,missing,missing,missing,missing,missing,MTC
777,0.0,0.0,0.117676,0.255166,0.547505,0.848605,1.37328,1.49619,1.57786,s1-procureScaling-h,high,Japan,backup_electricity,missing,missing,missing,missing,missing,missing,missing,missing,missing,MTC
778,0.0,0.0,0.239932,0.149968,0.146109,0.127804,0.230698,0.278001,0.266033,s1-procureScaling-h,high,Japan,biogas processing,missing,missing,missing,missing,missing,missing,missing,missing,missing,MTC
779,0.0,0.0,3.0506533,4.507497319999999,7.075771169999999,8.75686346,11.15121854,11.744366070000002,12.291482580000007,s1-procureScaling-h,high,Japan,biorefining,missing,missing,missing,missing,missing,missing,missing,missing,missing,MTC
780,11.478,9.47,7.39478,7.33303,7.23508,7.11731,4.320027,3.1475150000000003,2.444512,s1-procureScaling-h,high,Japan,cement,missing,missing,missing,missing,missing,missing,missing,missing,missing,MTC
781,5.1161629,6.2778844,4.2146399,4.2487801,4.3602524,4.4119469,4.1043046,3.8736314,3.66792744,s1-procureScaling-h,high,Japan,comm heating,missing,missing,missing,missing,missing,missing,missing,missing,missing,MTC
782,11.82898143,17.12008035,12.00371362,11.17930457,10.43251992,9.826324540000002,8.657635729999999,7.16465083,5.966726973,s1-procureScaling-h,high,Japan,comm others,missing,missing,missing,missing,missing,missing,missing,missing,missing,MTC
783,0.0160336,0.02465089,0.02256596,0.02140563,0.0209163,0.02076909,0.01871817,0.01687478,0.01535083,s1-procureScaling-h,high,Japan,desalinated water,missing,missing,missing,missing,missing,missing,missing,missing,missing,MTC
784,0.0,0.0,0.0,0.0,0.0,0.0,0.038625757,0.077232299,0.100056253,s1-procureScaling-h,high,Japan,elec_biomass (IGCC CCS),missing,missing,missing,missing,missing,missing,missing,missing,missing,MTC
785,0.0,0.0,0.0,0.0884228599999999,0.1650430399999999,0.21260889,0.27297639,0.33358939,0.356640077,s1-procureScaling-h,high,Japan,elec_biomass (IGCC),missing,missing,missing,missing,missing,missing,missing,missing,missing,MTC
786,0.0,0.0,0.0,0.0,0.0,0.0,0.00682555,0.0265485799999999,0.0538668599999999,s1-procureScaling-h,high,Japan,elec_biomass (conv CCS),missing,missing,missing,missing,missing,missing,missing,missing,missing,MTC
787,1.8504384,2.8623037,7.3938306,7.028455000000001,6.62524671,5.95667924,5.369061880000001,4.11781928,2.9183110200000004,s1-procureScaling-h,high,Japan,elec_biomass (conv),missing,missing,missing,missing,missing,missing,missing,missing,missing,MTC
788,0.0,0.0,0.0,0.0,0.0,0.0,0.0231590839999999,0.082157562,0.152423888,s1-procureScaling-h,high,Japan,elec_coal (IGCC CCS),missing,missing,missing,missing,missing,missing,missing,missing,missing,MTC
789,0.0,0.0,0.0,1.6354156,3.1545492,4.188305,5.469197799999998,6.582536299999998,7.0204586,s1-procureScaling-h,high,Japan,elec_coal (IGCC),missing,missing,missing,missing,missing,missing,missing,missing,missing,MTC
790,0.0,0.0,0.0,0.0,0.0,0.0,0.02842474,0.0912032899999999,0.15905344,s1-procureScaling-h,high,Japan,elec_coal (conv pul CCS),missing,missing,missing,missing,missing,missing,missing,missing,missing,MTC
791,30.885448000000004,69.25247,98.51161100000002,100.2936404,99.5928148,95.2782887,88.2723513,77.4446075,62.9933174,s1-procureScaling-h,high,Japan,elec_coal (conv pul),missing,missing,missing,missing,missing,missing,missing,missing,missing,MTC
792,0.0,0.0,0.0,0.0,0.0,0.0,0.0242829795,0.08296683414,0.15361664326,s1-procureScaling-h,high,Japan,elec_gas (CC CCS),missing,missing,missing,missing,missing,missing,missing,missing,missing,MTC
793,17.506644,22.376409,28.82515753,29.501261545,29.59217136329999,28.3682140341,27.370137201300004,26.764391877199994,25.6410090805,s1-procureScaling-h,high,Japan,elec_gas (CC),missing,missing,missing,missing,missing,missing,missing,missing,missing,MTC
794,2.4432986000000003,4.468624,17.294672019999997,16.837158824499998,16.250333442280002,15.018225622580005,12.648096129759995,10.357249495249995,7.97731652639,s1-procureScaling-h,high,Japan,elec_gas (steam/CT),missing,missing,missing,missing,missing,missing,missing,missing,missing,MTC
795,0.0,0.0,0.0,0.0,0.0,0.0,0.09207552,0.151632311,0.150787123,s1-procureScaling-h,high,Japan,elec_refined liquids (CC CCS),missing,missing,missing,missing,missing,missing,missing,missing,missing,MTC
796,0.0,0.0,1.0321958,0.87211028,1.2404959400000002,1.4327302599999998,1.3999045100000005,1.5226200800000005,1.35234133,s1-procureScaling-h,high,Japan,elec_refined liquids (CC),missing,missing,missing,missing,missing,missing,missing,missing,missing,MTC
797,43.74123000000001,23.380987,12.277568,10.296822999999998,9.18989644,8.22383636,6.319680289999999,4.172290419999998,2.652737102,s1-procureScaling-h,high,Japan,elec_refined liquids (steam/CT),missing,missing,missing,missing,missing,missing,missing,missing,missing,MTC
798,0.0,0.0,0.0,0.0,0.0,0.0,0.0,0.0,0.0,s1-procureScaling-h,high,Japan,gas pipeline,missing,missing,missing,missing,missing,missing,missing,missing,missing,MTC
799,0.2945158,0.030527636,0.0173266,0.0416105,0.0643408,0.0929077,0.0673521,0.0502158,0.045559,s1-procureScaling-h,high,Japan,gas processing,missing,missing,missing,missing,missing,missing,missing,missing,missing,MTC
800,97.81525,89.08785,74.5738624,71.1318649,67.8460076,65.666454,54.4687321,45.3082977,38.9202314,s1-procureScaling-h,high,Japan,industrial energy use,missing,missing,missing,missing,missing,missing,missing,missing,missing,MTC
801,0.857083,0.481111,0.479034,0.47311,0.457755,0.44705,0.227152,0.168731,0.141598,s1-procureScaling-h,high,Japan,industrial feedstocks,missing,missing,missing,missing,missing,missing,missing,missing,missing,MTC
802,7.01057,5.665161,6.197769,6.048648999999999,5.857101999999999,5.655691999999999,4.41564,3.88666,3.55444,s1-procureScaling-h,high,Japan,process heat cement,missing,missing,missing,missing,missing,missing,missing,missing,missing,MTC
803,6.14384,9.36169,2.75896,2.59745,2.3594,2.16087,1.95817,2.38843187,3.4017546900000006,s1-procureScaling-h,high,Japan,refining,missing,missing,missing,missing,missing,missing,missing,missing,missing,MTC
804,-4.46161,-7.78822,-16.984,-18.3814,-21.5458,-23.1033,-31.5737,-33.2973,-36.3844,s1-procureScaling-h,high,Japan,regional biomass,missing,missing,missing,missing,missing,missing,missing,missing,missing,MTC
805,0.0,0.0,-0.95547,-1.08211,-1.28013,-1.39958,-1.48061,-1.39991,-1.18304,s1-procureScaling-h,high,Japan,regional biomassOil,missing,missing,missing,missing,missing,missing,missing,missing,missing,MTC
806,0.0,0.0,-4.82322,-5.45057,-6.50088,-7.11874,-7.48534,-7.06259,-5.86961,s1-procureScaling-h,high,Japan,regional corn for ethanol,missing,missing,missing,missing,missing,missing,missing,missing,missing,MTC
807,7.4499082,9.0222711,6.75322571,6.64723632,6.63993971,6.6001049400000005,6.03245597,5.517241240000001,5.061116800000001,s1-procureScaling-h,high,Japan,resid heating,missing,missing,missing,missing,missing,missing,missing,missing,missing,MTC
808,8.3140307,10.1066582,7.403670573999999,6.792245134,6.284699937,5.898717893000001,5.095548635,4.215132352,3.500751519,s1-procureScaling-h,high,Japan,resid others,missing,missing,missing,missing,missing,missing,missing,missing,missing,MTC
809,3.14709,4.93064,4.36377,4.28499,4.22399,4.11915,3.95685,3.82218,3.69342,s1-procureScaling-h,high,Japan,trn_aviation_intl,missing,missing,missing,missing,missing,missing,missing,missing,missing,MTC
810,3.52992321,3.36561061,2.6551099,2.7009087000000003,2.7918202,2.831117,2.5447901,2.4023908,2.3177997,s1-procureScaling-h,high,Japan,trn_freight,missing,missing,missing,missing,missing,missing,missing,missing,missing,MTC
811,20.2517,24.1375,21.2678902,20.8799577,20.1390221,18.5341117,17.8849895,17.3209101,16.785073999999998,s1-procureScaling-h,high,Japan,trn_freight_road,missing,missing,missing,missing,missing,missing,missing,missing,missing,MTC
812,2.6045689000000003,4.0561244,3.733823,3.7761557,3.8385697,3.8515234,3.6666496,3.5369911,3.4233,s1-procureScaling-h,high,Japan,trn_pass,missing,missing,missing,missing,missing,missing,missing,missing,missing,MTC
813,3.00184,3.57779,4.416263,4.825632,3.8016023,3.2349998,2.9156818,2.761796,2.633237,s1-procureScaling-h,high,Japan,trn_pass_road,missing,missing,missing,missing,missing,missing,missing,missing,missing,MTC
814,0.811234,0.966883,0.73349,0.622355,0.541597,0.469087,0.401469,0.344264,0.296117,s1-procureScaling-h,high,Japan,trn_pass_road_LDV,missing,missing,missing,missing,missing,missing,missing,missing,missing,MTC
815,25.2374791,30.079711000000003,25.55282424,22.69365009,17.936667360000005,14.370867139999998,11.461552331000004,10.479340037,9.868215685,s1-procureScaling-h,high,Japan,trn_pass_road_LDV_4W,missing,missing,missing,missing,missing,missing,missing,missing,missing,MTC
816,4.26249,4.6861,2.87032,2.89257,2.93126,2.96237,2.85647,2.79874,2.75754,s1-procureScaling-h,high,Japan,trn_shipping_intl,missing,missing,missing,missing,missing,missing,missing,missing,missing,MTC
817,0.0,0.0,0.0,0.0,0.0,0.0,-0.4097834,-0.4595907999999999,-0.5012884,s1-procureScaling-h,high,Mexico,CDR_regional,missing,missing,missing,missing,missing,missing,missing,missing,missing,MTC
818,0.0,0.0,0.0293963,0.06299809,0.1028239,0.1504908999999999,0.075132533,0.06592428,0.0673813299999999,s1-procureScaling-h,high,Mexico,H2 central production,missing,missing,missing,missing,missing,missing,missing,missing,missing,MTC
819,0.0,0.0,0.0127336,0.0274293,0.0457626,0.0686327,0.103174,0.142405,0.184925,s1-procureScaling-h,high,Mexico,H2 forecourt production,missing,missing,missing,missing,missing,missing,missing,missing,missing,MTC
820,0.806944,0.167689,0.495622,0.56323,0.6509309999999999,0.7139730000000001,0.72645956,0.7402157699999999,0.7274691900000001,s1-procureScaling-h,high,Mexico,N fertilizer,missing,missing,missing,missing,missing,missing,missing,missing,missing,MTC
821,0.0,0.0,0.0182705,0.0893758,0.278568,0.527318,1.02039,1.55846,2.12501,s1-procureScaling-h,high,Mexico,backup_electricity,missing,missing,missing,missing,missing,missing,missing,missing,missing,MTC
822,0.0,0.0,0.142669,0.173836,0.203514,0.209741,0.319844,0.422063,0.47556,s1-procureScaling-h,high,Mexico,biogas processing,missing,missing,missing,missing,missing,missing,missing,missing,missing,MTC
823,0.0,0.0,2.4049046999999995,4.8686788,7.921368200000001,10.3969139,13.010589399999995,14.08490204,14.781599320000002,s1-procureScaling-h,high,Mexico,biorefining,missing,missing,missing,missing,missing,missing,missing,missing,missing,MTC
824,3.237,5.093,4.71975,5.17666,5.6634,6.11022,4.0283690000000005,3.295113,2.848769,s1-procureScaling-h,high,Mexico,cement,missing,missing,missing,missing,missing,missing,missing,missing,missing,MTC
825,0.0,0.019099,0.0295129,0.0267725,0.025553,0.0249917,0.0223031,0.0203426,0.0184098,s1-procureScaling-h,high,Mexico,comm cooling,missing,missing,missing,missing,missing,missing,missing,missing,missing,MTC
826,0.200465,0.6055928,0.8159224,0.8437143,0.8915778,0.9578355,0.9878275,0.9694215,0.952911,s1-procureScaling-h,high,Mexico,comm heating,missing,missing,missing,missing,missing,missing,missing,missing,missing,MTC
827,0.242089,0.7374307,1.0881195,1.0216532,0.9909143,1.005947,0.961031,0.860397,0.782271,s1-procureScaling-h,high,Mexico,comm others,missing,missing,missing,missing,missing,missing,missing,missing,missing,MTC
828,0.01443947,0.00910164,0.0119625299999999,0.01301498,0.01446748,0.01623487,0.01598116,0.01623625,0.01659986,s1-procureScaling-h,high,Mexico,desalinated water,missing,missing,missing,missing,missing,missing,missing,missing,missing,MTC
829,0.0,0.0,0.0,0.0,0.0,0.0,0.08800825225,0.18053240488,0.2378708567,s1-procureScaling-h,high,Mexico,elec_biomass (IGCC CCS),missing,missing,missing,missing,missing,missing,missing,missing,missing,MTC
830,0.0,0.0,0.0,0.2568213,0.55870086,0.80347124,0.91029397,1.05006288,1.15394923,s1-procureScaling-h,high,Mexico,elec_biomass (IGCC),missing,missing,missing,missing,missing,missing,missing,missing,missing,MTC
831,0.0,0.0,0.0,0.0,0.0,0.0,0.0144353179999999,0.061108251,0.129556898,s1-procureScaling-h,high,Mexico,elec_biomass (conv CCS),missing,missing,missing,missing,missing,missing,missing,missing,missing,MTC
832,0.0,1.0763303,1.4577642355000002,2.3980685689,3.30665824343,3.74836354303,3.93171218768,3.71976316278,3.3825328038550007,s1-procureScaling-h,high,Mexico,elec_biomass (conv),missing,missing,missing,missing,missing,missing,missing,missing,missing,MTC
833,0.0,0.0,0.0,0.0,0.0,0.0,0.0058115947999999,0.0221761477999999,0.0431127099,s1-procureScaling-h,high,Mexico,elec_coal (IGCC CCS),missing,missing,missing,missing,missing,missing,missing,missing,missing,MTC
834,0.0,0.0,0.0,0.42960695,0.98337268,1.48673772,1.75525825,2.02143841,2.16290309,s1-procureScaling-h,high,Mexico,elec_coal (IGCC),missing,missing,missing,missing,missing,missing,missing,missing,missing,MTC
835,0.0,0.0,0.0,0.0,0.0,0.0,0.0072837208,0.0247605098,0.0447166113999999,s1-procureScaling-h,high,Mexico,elec_coal (conv pul CCS),missing,missing,missing,missing,missing,missing,missing,missing,missing,MTC
836,1.9711844,9.591961,11.0270158,11.98712933,12.97314989,13.458240379999996,12.58530467,10.99304085,9.154303569999996,s1-procureScaling-h,high,Mexico,elec_coal (conv pul),missing,missing,missing,missing,missing,missing,missing,missing,missing,MTC
837,0.0,0.0,0.0,0.0,0.0,0.0,0.0209428709,0.08030789545,0.1615333102,s1-procureScaling-h,high,Mexico,elec_gas (CC CCS),missing,missing,missing,missing,missing,missing,missing,missing,missing,MTC
838,0.8478783999999999,7.150699,11.03049876,13.016459659699995,15.712434581500002,17.948701635500004,18.62276066819999,20.09448252029999,21.27155413360001,s1-procureScaling-h,high,Mexico,elec_gas (CC),missing,missing,missing,missing,missing,missing,missing,missing,missing,MTC
839,1.1920342,3.679502,7.331567659999999,8.054857568749998,8.951643531960004,9.530967018979998,8.83225268991,8.51097238955,7.96199832152,s1-procureScaling-h,high,Mexico,elec_gas (steam/CT),missing,missing,missing,missing,missing,missing,missing,missing,missing,MTC
840,0.0,0.0,0.0,0.0,0.0,0.0,0.11764975,0.213736614,0.2275963849999999,s1-procureScaling-h,high,Mexico,elec_refined liquids (CC CCS),missing,missing,missing,missing,missing,missing,missing,missing,missing,MTC
841,0.0,0.0,0.5312036,1.25780519,2.4325086499999995,3.35693308,2.56658443,2.609441540000001,2.34135015,s1-procureScaling-h,high,Mexico,elec_refined liquids (CC),missing,missing,missing,missing,missing,missing,missing,missing,missing,MTC
842,12.402976,13.244767,4.9044197,5.0513626,5.0937199,4.891933899999999,4.126075490000001,3.09904031,2.27803282,s1-procureScaling-h,high,Mexico,elec_refined liquids (steam/CT),missing,missing,missing,missing,missing,missing,missing,missing,missing,MTC
843,0.0,0.0104788,0.00692092,0.0171077,0.0292438,0.0447123,0.0326375,0.0255409,0.0238818,s1-procureScaling-h,high,Mexico,gas processing,missing,missing,missing,missing,missing,missing,missing,missing,missing,MTC
844,19.33115,26.612395,30.590449,31.744877599999995,32.9511899,34.618841,35.0045045,34.3915504,33.7264795,s1-procureScaling-h,high,Mexico,industrial energy use,missing,missing,missing,missing,missing,missing,missing,missing,missing,MTC
845,1.047292,0.4020869999999999,0.1751255,0.2154629,0.2584045,0.3051773,0.2137799,0.2082384,0.2170503,s1-procureScaling-h,high,Mexico,industrial feedstocks,missing,missing,missing,missing,missing,missing,missing,missing,missing,MTC
846,1.984432,2.403765,3.073544,3.31571,3.553631,3.762447,3.461753,3.4259320000000004,3.435594,s1-procureScaling-h,high,Mexico,process heat cement,missing,missing,missing,missing,missing,missing,missing,missing,missing,MTC
847,8.9769,12.3445,11.87207,11.872616360000002,11.51805547,10.97342168,9.58674358,7.742110589999999,5.96957347,s1-procureScaling-h,high,Mexico,refining,missing,missing,missing,missing,missing,missing,missing,missing,missing,MTC
848,-1.87838,-2.43206,-6.9807,-12.4735,-18.9768,-23.9395,-35.0224,-40.7838,-46.2662,s1-procureScaling-h,high,Mexico,regional biomass,missing,missing,missing,missing,missing,missing,missing,missing,missing,MTC
849,0.0,0.0,-1.04675,-1.26641,-1.51714,-1.71625,-1.81805,-1.7617,-1.55594,s1-procureScaling-h,high,Mexico,regional biomassOil,missing,missing,missing,missing,missing,missing,missing,missing,missing,MTC
850,0.0,0.0,-0.212973,-0.301748,-0.459785,-0.61304,-0.710702,-0.754669,-0.791542,s1-procureScaling-h,high,Mexico,regional corn for ethanol,missing,missing,missing,missing,missing,missing,missing,missing,missing,MTC
851,2.544798,2.653023,2.7392596,2.9004898000000003,3.098032,3.3018889,3.4003712,3.4100750000000004,3.41008,s1-procureScaling-h,high,Mexico,resid heating,missing,missing,missing,missing,missing,missing,missing,missing,missing,MTC
852,3.329536,3.427873,4.04054,3.921311,3.876379,3.950602,3.803812,3.438633,3.125497,s1-procureScaling-h,high,Mexico,resid others,missing,missing,missing,missing,missing,missing,missing,missing,missing,MTC
853,0.987705,1.61711,2.16236,2.37115,2.61511,2.85298,3.01297,3.1666,3.32738,s1-procureScaling-h,high,Mexico,trn_aviation_intl,missing,missing,missing,missing,missing,missing,missing,missing,missing,MTC
854,0.500886,0.913981,1.069989,1.143245,1.245042,1.340099,1.328723,1.348659,1.388246,s1-procureScaling-h,high,Mexico,trn_freight,missing,missing,missing,missing,missing,missing,missing,missing,missing,MTC
855,10.65338,16.57856,21.1725591,22.5399759,23.34635956,23.46152582,24.004612479999995,24.562037000000004,25.4122296,s1-procureScaling-h,high,Mexico,trn_freight_road,missing,missing,missing,missing,missing,missing,missing,missing,missing,MTC
856,0.46982715,0.7685777,1.1536911,1.3366399999999998,1.5582239,1.7929594,1.9067985,2.0209729,2.1534165,s1-procureScaling-h,high,Mexico,trn_pass,missing,missing,missing,missing,missing,missing,missing,missing,missing,MTC
857,1.77776,2.76777526,4.65930227,5.208584031,4.350063999999999,3.8756393,3.6869960000000006,3.673258,3.668054,s1-procureScaling-h,high,Mexico,trn_pass_road,missing,missing,missing,missing,missing,missing,missing,missing,missing,MTC
858,0.651083,1.01321,0.849468,0.607334,0.47459,0.369779,0.273993,0.201107,0.148899,s1-procureScaling-h,high,Mexico,trn_pass_road_LDV,missing,missing,missing,missing,missing,missing,missing,missing,missing,MTC
859,9.573731,14.90682491,15.93181983,14.305972446999997,11.829939834,10.147352684,8.745400812999998,8.653006176000002,8.71657133,s1-procureScaling-h,high,Mexico,trn_pass_road_LDV_4W,missing,missing,missing,missing,missing,missing,missing,missing,missing,MTC
860,0.515353,0.675634,0.708418,0.739378,0.774415,0.810795,0.815362,0.820854,0.832083,s1-procureScaling-h,high,Mexico,trn_shipping_intl,missing,missing,missing,missing,missing,missing,missing,missing,missing,MTC
861,0.0,0.0,0.0,0.0,0.0,0.0,-0.5427287,-0.636302,-0.7542169999999999,s1-procureScaling-h,high,Middle East,CDR_regional,missing,missing,missing,missing,missing,missing,missing,missing,missing,MTC
862,0.0,0.0,0.1774006,0.3655209999999999,0.5807032,0.8562941,0.4721294,0.4052214700000001,0.3966269,s1-procureScaling-h,high,Middle East,H2 central production,missing,missing,missing,missing,missing,missing,missing,missing,missing,MTC
863,0.0,0.0,0.0870686,0.177155,0.282715,0.420296,0.652557,0.877621,1.11462,s1-procureScaling-h,high,Middle East,H2 forecourt production,missing,missing,missing,missing,missing,missing,missing,missing,missing,MTC
864,1.30488,3.39324,5.6130640000000005,5.546659,5.417038,5.228999000000001,4.752518200000001,4.3216722,3.9426254000000007,s1-procureScaling-h,high,Middle East,N fertilizer,missing,missing,missing,missing,missing,missing,missing,missing,missing,MTC
865,0.0,0.0,0.173146,0.903318,1.84677,3.05757,5.89869,7.45849,8.45027,s1-procureScaling-h,high,Middle East,backup_electricity,missing,missing,missing,missing,missing,missing,missing,missing,missing,MTC
866,0.0,0.0,0.000759313,0.000827172,0.000917573,0.000983131,0.00162989,0.00206314,0.002381,s1-procureScaling-h,high,Middle East,biogas pipeline,missing,missing,missing,missing,missing,missing,missing,missing,missing,MTC
867,0.0,0.0,0.804211,0.867329,0.952409,1.01005,1.65727,2.07596,2.3706,s1-procureScaling-h,high,Middle East,biogas processing,missing,missing,missing,missing,missing,missing,missing,missing,missing,MTC
868,0.0,0.0,9.2631063,18.3886828,29.1782607,38.659048000000006,47.91042120000001,51.7469612,53.96612880000001,s1-procureScaling-h,high,Middle East,biorefining,missing,missing,missing,missing,missing,missing,missing,missing,missing,MTC
869,6.866,13.387,20.4916,22.3558,24.2075,25.9121,17.391028,14.54251,12.47925,s1-procureScaling-h,high,Middle East,cement,missing,missing,missing,missing,missing,missing,missing,missing,missing,MTC
870,0.252399,1.14112,3.0483,2.47165,2.00421,1.73615,1.47229,1.21758,1.00987,s1-procureScaling-h,high,Middle East,comm cooling,missing,missing,missing,missing,missing,missing,missing,missing,missing,MTC
871,0.2731541,0.561341,0.7555879999999999,0.823546,0.982421,1.132447,1.161748,1.234956,1.304795,s1-procureScaling-h,high,Middle East,comm heating,missing,missing,missing,missing,missing,missing,missing,missing,missing,MTC
872,3.895846,6.803387,4.994999,4.694985,4.714705,4.951428,4.728262,4.377256,4.083715,s1-procureScaling-h,high,Middle East,comm others,missing,missing,missing,missing,missing,missing,missing,missing,missing,MTC
873,0.0,0.0,0.00039585,0.00112814,0.001627,0.00207113,0.00293846,0.0,0.0,s1-procureScaling-h,high,Middle East,csp_backup,missing,missing,missing,missing,missing,missing,missing,missing,missing,MTC
874,1.463783,2.24339,6.81694,8.47069,10.54859,12.72931,13.59199,14.755389999999998,15.79207,s1-procureScaling-h,high,Middle East,desalinated water,missing,missing,missing,missing,missing,missing,missing,missing,missing,MTC
875,0.0,0.0,0.0,0.0,0.0,0.0,0.0473656,0.11016124,0.16262561,s1-procureScaling-h,high,Middle East,elec_biomass (IGCC CCS),missing,missing,missing,missing,missing,missing,missing,missing,missing,MTC
876,0.0,0.0,0.0,0.0594254,0.1776198,0.308088,0.3836257,0.5212643000000001,0.66567325,s1-procureScaling-h,high,Middle East,elec_biomass (IGCC),missing,missing,missing,missing,missing,missing,missing,missing,missing,MTC
877,0.0,0.0,0.0,0.0,0.0,0.0,0.007717358,0.037831092,0.095081217,s1-procureScaling-h,high,Middle East,elec_biomass (conv CCS),missing,missing,missing,missing,missing,missing,missing,missing,missing,MTC
878,0.0,0.0,0.2230664,0.4726727,0.887635,1.2452839,1.4000325999999998,1.5175795,1.5448282999999998,s1-procureScaling-h,high,Middle East,elec_biomass (conv),missing,missing,missing,missing,missing,missing,missing,missing,missing,MTC
879,0.0,0.0,0.0,0.0,0.0,0.0,0.003364062,0.013534611,0.028706623,s1-procureScaling-h,high,Middle East,elec_coal (IGCC CCS),missing,missing,missing,missing,missing,missing,missing,missing,missing,MTC
880,0.0,0.0,0.0,0.250669,0.5945972999999999,0.8974341,1.076519,1.2720351,1.4085963,s1-procureScaling-h,high,Middle East,elec_coal (IGCC),missing,missing,missing,missing,missing,missing,missing,missing,missing,MTC
881,0.0,0.0,0.0,0.0,0.0,0.0,0.0041304392,0.01492735489,0.02949979666,s1-procureScaling-h,high,Middle East,elec_coal (conv pul CCS),missing,missing,missing,missing,missing,missing,missing,missing,missing,MTC
882,2.7363883,8.730206,8.270134,8.748574999999999,9.282744,9.4581539,8.9608972,8.242715200000001,7.292322999999999,s1-procureScaling-h,high,Middle East,elec_coal (conv pul),missing,missing,missing,missing,missing,missing,missing,missing,missing,MTC
883,0.0,0.0,0.0,0.0,0.0,0.0,0.39486182,1.1225734280000004,1.878130775,s1-procureScaling-h,high,Middle East,elec_gas (CC CCS),missing,missing,missing,missing,missing,missing,missing,missing,missing,MTC
884,0.0,0.0,2.7701231,6.990316255000001,16.209881597,27.151786137,31.853547267000007,38.42490484999999,44.54435513099999,s1-procureScaling-h,high,Middle East,elec_gas (CC),missing,missing,missing,missing,missing,missing,missing,missing,missing,MTC
885,20.085787,60.69481,98.3538924,99.27733290599996,99.20075916229996,93.62115271970004,80.5077148487,67.61452251370001,55.63124979489999,s1-procureScaling-h,high,Middle East,elec_gas (steam/CT),missing,missing,missing,missing,missing,missing,missing,missing,missing,MTC
886,0.0,0.0,0.0,0.0,0.0,0.0,1.013922,2.065828,2.5943871000000005,s1-procureScaling-h,high,Middle East,elec_refined liquids (CC CCS),missing,missing,missing,missing,missing,missing,missing,missing,missing,MTC
887,0.0,0.0,6.12781,12.315261,24.400919,35.58159500000001,31.697366,32.196012,30.333628000000004,s1-procureScaling-h,high,Middle East,elec_refined liquids (CC),missing,missing,missing,missing,missing,missing,missing,missing,missing,MTC
888,24.515113,46.206647,59.964448,57.085118,55.866784,56.047639,48.331831,38.22374190000001,29.8969153,s1-procureScaling-h,high,Middle East,elec_refined liquids (steam/CT),missing,missing,missing,missing,missing,missing,missing,missing,missing,MTC
889,0.754831,0.253769,0.279049,0.289552,0.311918,0.330788,0.325725,0.330016,0.334062,s1-procureScaling-h,high,Middle East,gas pipeline,missing,missing,missing,missing,missing,missing,missing,missing,missing,MTC
890,0.0,0.00069916,0.0316558,0.0823194,0.134531,0.217919,0.175565,0.144109,0.136891,s1-procureScaling-h,high,Middle East,gas processing,missing,missing,missing,missing,missing,missing,missing,missing,missing,MTC
891,31.810508,61.7544061,110.085047,117.3625495,125.1198519,133.65644799999998,138.79106299999998,140.44411399999998,140.853301,s1-procureScaling-h,high,Middle East,industrial energy use,missing,missing,missing,missing,missing,missing,missing,missing,missing,MTC
892,2.43335,4.6346767,10.493438,11.324064,12.450282,13.246498,11.605737,11.416319,11.368218,s1-procureScaling-h,high,Middle East,industrial feedstocks,missing,missing,missing,missing,missing,missing,missing,missing,missing,MTC
893,3.395217,6.09808,11.71061,12.63185,13.51432,14.34263,13.74321,13.83181,13.98321,s1-procureScaling-h,high,Middle East,process heat cement,missing,missing,missing,missing,missing,missing,missing,missing,missing,MTC
894,10.0851,17.9374,21.8109291,22.432617800000003,23.1878632,24.500248600000003,24.0056817,23.71883930000001,23.1039333,s1-procureScaling-h,high,Middle East,refining,missing,missing,missing,missing,missing,missing,missing,missing,missing,MTC
895,-0.42651,-0.894754,-18.7105,-34.8079,-54.1256,-71.2245,-106.496,-124.119,-141.105,s1-procureScaling-h,high,Middle East,regional biomass,missing,missing,missing,missing,missing,missing,missing,missing,missing,MTC
896,0.0,0.0,-1.35597,-1.63428,-1.94545,-2.22713,-2.37579,-2.32817,-2.13132,s1-procureScaling-h,high,Middle East,regional biomassOil,missing,missing,missing,missing,missing,missing,missing,missing,missing,MTC
897,0.0,0.0,-0.270615,-0.368973,-0.541758,-0.727977,-0.826987,-0.889302,-0.96041,s1-procureScaling-h,high,Middle East,regional corn for ethanol,missing,missing,missing,missing,missing,missing,missing,missing,missing,MTC
898,0.319175,3.25889,4.6962,4.09999,3.55403,3.22164,2.90081,2.55359,2.24544,s1-procureScaling-h,high,Middle East,resid cooling,missing,missing,missing,missing,missing,missing,missing,missing,missing,MTC
899,1.952475,4.5214,4.62911,5.006,5.86188,6.646199999999999,6.85453,7.232889999999999,7.57639,s1-procureScaling-h,high,Middle East,resid heating,missing,missing,missing,missing,missing,missing,missing,missing,missing,MTC
900,10.857044,25.0983429,25.4720645,24.76894165,24.89239494,25.60757582,25.00668389,23.48070943,21.889536470000003,s1-procureScaling-h,high,Middle East,resid others,missing,missing,missing,missing,missing,missing,missing,missing,missing,MTC
901,7.03216,9.06058,16.6482,18.3688,21.1476,23.8407,25.7607,27.6451,29.3921,s1-procureScaling-h,high,Middle East,trn_aviation_intl,missing,missing,missing,missing,missing,missing,missing,missing,missing,MTC
902,14.7345,27.841460000000005,41.2545197,43.5010385,46.30691876000001,47.27829805999999,48.87555520000001,50.56070129999999,52.48124829999999,s1-procureScaling-h,high,Middle East,trn_freight_road,missing,missing,missing,missing,missing,missing,missing,missing,missing,MTC
903,0.0201272,0.0259347,0.0506141,0.058569,0.0716252,0.0852981,0.0927636,0.100636,0.108584,s1-procureScaling-h,high,Middle East,trn_pass,missing,missing,missing,missing,missing,missing,missing,missing,missing,MTC
904,2.96401,5.60064,11.98371,13.946752000000002,12.332923,11.559595,11.530426,12.072503,12.718407,s1-procureScaling-h,high,Middle East,trn_pass_road,missing,missing,missing,missing,missing,missing,missing,missing,missing,MTC
905,0.69229,1.30812,1.63656,1.37651,1.17329,1.02604,0.877311,0.724712,0.614424,s1-procureScaling-h,high,Middle East,trn_pass_road_LDV,missing,missing,missing,missing,missing,missing,missing,missing,missing,MTC
906,23.00168,43.6160111,60.0383393,54.82084160000001,47.37292560000001,42.4137678,37.99781898999998,37.81413148000001,37.92481957999999,s1-procureScaling-h,high,Middle East,trn_pass_road_LDV_4W,missing,missing,missing,missing,missing,missing,missing,missing,missing,MTC
907,14.4605,15.8196,30.9527,32.4366,34.7683,37.0233,37.4045,38.0615,38.7882,s1-procureScaling-h,high,Middle East,trn_shipping_intl,missing,missing,missing,missing,missing,missing,missing,missing,missing,MTC
908,0.0,0.0,0.0,0.0,0.0,0.0,-0.0621397,-0.0864039,-0.1076791,s1-procureScaling-h,high,Pakistan,CDR_regional,missing,missing,missing,missing,missing,missing,missing,missing,missing,MTC
909,0.0,0.0,0.008116556,0.01854469,0.03780173,0.07026001,0.044434751,0.045426956,0.05320308,s1-procureScaling-h,high,Pakistan,H2 central production,missing,missing,missing,missing,missing,missing,missing,missing,missing,MTC
910,0.0,0.0,0.00360764,0.00798932,0.0164493,0.0306509,0.0518999,0.0807665,0.113478,s1-procureScaling-h,high,Pakistan,H2 forecourt production,missing,missing,missing,missing,missing,missing,missing,missing,missing,MTC
911,0.673379,1.45468,1.577825,1.6530059999999998,1.698137,1.740077,1.6514362,1.5711791999999998,1.4529388200000002,s1-procureScaling-h,high,Pakistan,N fertilizer,missing,missing,missing,missing,missing,missing,missing,missing,missing,MTC
912,0.0,0.0,0.0366526,0.205319,0.586346,1.21958,2.42004,3.43157,4.10148,s1-procureScaling-h,high,Pakistan,backup_electricity,missing,missing,missing,missing,missing,missing,missing,missing,missing,MTC
913,0.0,0.0,0.00298666,0.00330669,0.00428808,0.00531204,0.0121006,0.0148085,0.0174448,s1-procureScaling-h,high,Pakistan,biogas pipeline,missing,missing,missing,missing,missing,missing,missing,missing,missing,MTC
914,0.0,0.0,0.060877,0.0667266,0.0856571,0.105029,0.236788,0.286762,0.334259,s1-procureScaling-h,high,Pakistan,biogas processing,missing,missing,missing,missing,missing,missing,missing,missing,missing,MTC
915,0.0,0.0,0.43837951,1.0437449959999998,2.121244956,3.2547894509999997,4.38083333,5.158596002,5.938183228,s1-procureScaling-h,high,Pakistan,biorefining,missing,missing,missing,missing,missing,missing,missing,missing,missing,MTC
916,1.019,2.312,5.30675,6.21423,7.62693,8.99101,6.756904,5.853409,5.447904,s1-procureScaling-h,high,Pakistan,cement,missing,missing,missing,missing,missing,missing,missing,missing,missing,MTC
917,0.0738763,0.161238,0.3594204,0.3957354,0.476647,0.574076,0.646167,0.746637,0.8627340000000001,s1-procureScaling-h,high,Pakistan,comm heating,missing,missing,missing,missing,missing,missing,missing,missing,missing,MTC
918,0.241598,0.540778,0.869038,0.8720680000000001,0.990769,1.149884,1.091021,1.112237,1.149402,s1-procureScaling-h,high,Pakistan,comm others,missing,missing,missing,missing,missing,missing,missing,missing,missing,MTC
919,0.0,0.0,0.0,0.0,0.0,0.0,0.1229484249299999,0.1971295538749999,0.2249784070999999,s1-procureScaling-h,high,Pakistan,elec_biomass (IGCC CCS),missing,missing,missing,missing,missing,missing,missing,missing,missing,MTC
920,0.0,0.0,0.0,0.0866452999999999,0.21160428,0.320377262,0.5467296,0.7265314259999998,0.7947317335999999,s1-procureScaling-h,high,Pakistan,elec_biomass (IGCC),missing,missing,missing,missing,missing,missing,missing,missing,missing,MTC
921,0.0,0.0,0.0,0.0,0.0,0.0,0.019964051,0.0545924364,0.08469035634,s1-procureScaling-h,high,Pakistan,elec_biomass (conv CCS),missing,missing,missing,missing,missing,missing,missing,missing,missing,MTC
922,0.0,0.0,0.58779861,0.91175041,1.35110744,1.683357155,2.2169220780000005,2.2378453089999994,1.8977862607,s1-procureScaling-h,high,Pakistan,elec_biomass (conv),missing,missing,missing,missing,missing,missing,missing,missing,missing,MTC
923,0.0,0.0,0.0,0.0,0.0,0.0,0.001922278302,0.004975684463,0.0074496385097,s1-procureScaling-h,high,Pakistan,elec_coal (IGCC CCS),missing,missing,missing,missing,missing,missing,missing,missing,missing,MTC
924,0.0,0.0,0.0,0.0566426871,0.1235521262,0.1754945759,0.2945764425,0.3668693813699999,0.3964940497499999,s1-procureScaling-h,high,Pakistan,elec_coal (IGCC),missing,missing,missing,missing,missing,missing,missing,missing,missing,MTC
925,0.0,0.0,0.0,0.0,0.0,0.0,0.00222423781,0.005234758672,0.0073677931919999,s1-procureScaling-h,high,Pakistan,elec_coal (conv pul CCS),missing,missing,missing,missing,missing,missing,missing,missing,missing,MTC
926,0.020568431,0.09256655,0.44201433,0.616821837,0.805314003,0.9382759238,1.0929236187,1.1913498119,1.1995232231100004,s1-procureScaling-h,high,Pakistan,elec_coal (conv pul),missing,missing,missing,missing,missing,missing,missing,missing,missing,MTC
927,0.0,0.0,0.0,0.0,0.0,0.0,0.091985453,0.1654883432,0.1997616173,s1-procureScaling-h,high,Pakistan,elec_gas (CC CCS),missing,missing,missing,missing,missing,missing,missing,missing,missing,MTC
928,0.04733589,1.4752341,0.424601074,0.9416722647,1.7545889170999995,2.4628157907,3.4192278882,4.023877638199999,4.250773276,s1-procureScaling-h,high,Pakistan,elec_gas (CC),missing,missing,missing,missing,missing,missing,missing,missing,missing,MTC
929,2.0876338000000003,4.160485,5.666936650000001,6.13943614676,6.427795148299999,6.228163091740001,5.339329581599999,4.331149246170001,3.195186920269999,s1-procureScaling-h,high,Pakistan,elec_gas (steam/CT),missing,missing,missing,missing,missing,missing,missing,missing,missing,MTC
930,0.0,0.0,0.0,0.0,0.0,0.0,0.17154327,0.1958109203,0.16157608517,s1-procureScaling-h,high,Pakistan,elec_refined liquids (CC CCS),missing,missing,missing,missing,missing,missing,missing,missing,missing,MTC
931,0.0,0.0,0.6399728,1.03124671,1.70407134,2.23950037,2.62276221,2.377269224,1.82646559,s1-procureScaling-h,high,Pakistan,elec_refined liquids (CC),missing,missing,missing,missing,missing,missing,missing,missing,missing,MTC
932,1.7802578,3.372129,6.001704800000001,5.6699532,5.6201927,5.560665779999999,4.506638450000001,3.37525559,2.387180605,s1-procureScaling-h,high,Pakistan,elec_refined liquids (steam/CT),missing,missing,missing,missing,missing,missing,missing,missing,missing,MTC
933,0.0303142,0.27878,1.14114,1.2701,1.53469,1.81913,2.07301,2.36521,2.56866,s1-procureScaling-h,high,Pakistan,gas pipeline,missing,missing,missing,missing,missing,missing,missing,missing,missing,MTC
934,0.0,0.0,0.00330744,0.0107169,0.023241,0.0493441,0.0521058,0.0528621,0.0628626,s1-procureScaling-h,high,Pakistan,gas processing,missing,missing,missing,missing,missing,missing,missing,missing,missing,MTC
935,6.08562,11.194349999999998,13.3400022,14.81758922,18.7893405,24.1549403,28.1008668,31.667827600000003,34.8346131,s1-procureScaling-h,high,Pakistan,industrial energy use,missing,missing,missing,missing,missing,missing,missing,missing,missing,MTC
936,0.795699,0.881123,1.51411,1.8714,2.5952,3.5343,4.44727,5.66788,7.05118,s1-procureScaling-h,high,Pakistan,industrial feedstocks,missing,missing,missing,missing,missing,missing,missing,missing,missing,MTC
937,0.7523513,1.6683901,4.384845899999999,5.068835,6.119525900000001,7.1059357,6.673133000000001,6.811799000000001,7.056679000000001,s1-procureScaling-h,high,Pakistan,process heat cement,missing,missing,missing,missing,missing,missing,missing,missing,missing,MTC
938,0.333082,0.411846,0.6372471,0.668879054,0.833995743,1.066194792,1.3341149160000003,1.565803794,1.7547675270000005,s1-procureScaling-h,high,Pakistan,refining,missing,missing,missing,missing,missing,missing,missing,missing,missing,MTC
939,-2.328,-3.4766,-6.56518,-8.4927,-12.1671,-16.2814,-25.417,-31.0296,-35.7485,s1-procureScaling-h,high,Pakistan,regional biomass,missing,missing,missing,missing,missing,missing,missing,missing,missing,MTC
940,0.0,0.0,-0.211142,-0.280258,-0.41218,-0.585194,-0.718545,-0.872025,-1.16267,s1-procureScaling-h,high,Pakistan,regional biomassOil,missing,missing,missing,missing,missing,missing,missing,missing,missing,MTC
941,0.0,0.0,-0.00480674,-0.00650415,-0.0103908,-0.0155101,-0.0168344,-0.0192297,-0.020513,s1-procureScaling-h,high,Pakistan,regional corn for ethanol,missing,missing,missing,missing,missing,missing,missing,missing,missing,MTC
942,1.158283,1.388888,2.099245,2.162259,2.265284,2.360179,2.455687,2.556677,2.6619740000000003,s1-procureScaling-h,high,Pakistan,resid heating,missing,missing,missing,missing,missing,missing,missing,missing,missing,MTC
943,0.8925358800000001,1.496299,2.315879,2.365553,2.841932,3.398248,3.288557,3.4378313,3.5662117,s1-procureScaling-h,high,Pakistan,resid others,missing,missing,missing,missing,missing,missing,missing,missing,missing,MTC
944,0.363018,0.740714,0.78305,0.892364,1.10828,1.37855,1.6498,1.98517,2.37856,s1-procureScaling-h,high,Pakistan,trn_aviation_intl,missing,missing,missing,missing,missing,missing,missing,missing,missing,MTC
945,0.0190119,0.0341118,0.0620631,0.068283,0.0798233,0.0935874,0.0975383,0.107739,0.120763,s1-procureScaling-h,high,Pakistan,trn_freight,missing,missing,missing,missing,missing,missing,missing,missing,missing,MTC
946,1.424748,2.55631,4.79371771,5.136480049999999,5.693093090000001,6.183842358,6.846578509999999,7.68335681,8.69276897,s1-procureScaling-h,high,Pakistan,trn_freight_road,missing,missing,missing,missing,missing,missing,missing,missing,missing,MTC
947,0.0452779,0.0867946,0.1318207,0.1540674,0.1945059,0.245357,0.289548,0.34535,0.412873,s1-procureScaling-h,high,Pakistan,trn_pass,missing,missing,missing,missing,missing,missing,missing,missing,missing,MTC
948,0.452051,1.068146,2.435033,2.7131100000000004,2.516231,2.626297,2.911124,3.248844,3.586314,s1-procureScaling-h,high,Pakistan,trn_pass_road,missing,missing,missing,missing,missing,missing,missing,missing,missing,MTC
949,0.895723,1.6320045,2.2159114,1.8993149,2.164489,2.185739,1.899382,1.700881,1.521176,s1-procureScaling-h,high,Pakistan,trn_pass_road_LDV,missing,missing,missing,missing,missing,missing,missing,missing,missing,MTC
950,0.8732869999999999,1.7990117,2.51474375,2.3173027100000003,2.59226453,2.83996361,3.045119536,3.55832747,4.17202889,s1-procureScaling-h,high,Pakistan,trn_pass_road_LDV_4W,missing,missing,missing,missing,missing,missing,missing,missing,missing,MTC
951,0.112632,0.126283,0.257982,0.272421,0.297469,0.326039,0.34259,0.364495,0.389411,s1-procureScaling-h,high,Pakistan,trn_shipping_intl,missing,missing,missing,missing,missing,missing,missing,missing,missing,MTC
952,0.0,0.0,0.0,0.0,0.0,0.0,-0.4911509,-0.529562,-0.557025,s1-procureScaling-h,high,Russia,CDR_regional,missing,missing,missing,missing,missing,missing,missing,missing,missing,MTC
953,0.0,0.0,0.1456514,0.2922982,0.4398972,0.6022166,0.284649118,0.23033238,0.21553815,s1-procureScaling-h,high,Russia,H2 central production,missing,missing,missing,missing,missing,missing,missing,missing,missing,MTC
954,0.0,0.0,0.055144,0.112196,0.171882,0.237612,0.335281,0.421108,0.493711,s1-procureScaling-h,high,Russia,H2 forecourt production,missing,missing,missing,missing,missing,missing,missing,missing,missing,MTC
955,4.67654,4.4106,5.320564,5.35721,5.382382999999999,5.286569,4.9340495,4.6293627,4.3236862,s1-procureScaling-h,high,Russia,N fertilizer,missing,missing,missing,missing,missing,missing,missing,missing,missing,MTC
956,0.0,0.0,0.045619,0.0593775,0.104274,0.196425,0.506821,0.792647,1.03581,s1-procureScaling-h,high,Russia,backup_electricity,missing,missing,missing,missing,missing,missing,missing,missing,missing,MTC
957,0.0,0.0,0.0401052,0.0244769,0.0265474,0.023328,0.0484143,0.0507361,0.0536811,s1-procureScaling-h,high,Russia,biogas pipeline,missing,missing,missing,missing,missing,missing,missing,missing,missing,MTC
958,0.0,0.0,0.531923,0.321399,0.345068,0.300129,0.616466,0.639306,0.6693,s1-procureScaling-h,high,Russia,biogas processing,missing,missing,missing,missing,missing,missing,missing,missing,missing,MTC
959,0.0,0.0,4.008616,6.956435300000001,10.612823,13.757743,17.428116500000005,18.583532200000008,19.3006317,s1-procureScaling-h,high,Russia,biorefining,missing,missing,missing,missing,missing,missing,missing,missing,missing,MTC
960,11.0645,6.596,6.27604,6.48629,6.77663,6.97081,4.46169,3.493863,2.8516820000000003,s1-procureScaling-h,high,Russia,cement,missing,missing,missing,missing,missing,missing,missing,missing,missing,MTC
961,5.971392,2.661467,2.122604,2.185614,2.300128,2.409484,3.028142,3.129625,3.142578,s1-procureScaling-h,high,Russia,comm heating,missing,missing,missing,missing,missing,missing,missing,missing,missing,MTC
962,36.6023692,4.1342187,3.2801552000000003,3.0939991,2.8544153000000003,2.7138101,1.7956115,1.3901218,1.1250818,s1-procureScaling-h,high,Russia,comm others,missing,missing,missing,missing,missing,missing,missing,missing,missing,MTC
963,98.19116,63.83382999999999,95.44841999999998,93.37022,91.8167,90.1445,76.76436000000001,69.0563,62.6344,s1-procureScaling-h,high,Russia,district heat,missing,missing,missing,missing,missing,missing,missing,missing,missing,MTC
964,0.0,0.0,0.0,0.0,0.0,0.0,0.07029784,0.117853084,0.148605827,s1-procureScaling-h,high,Russia,elec_biomass (IGCC CCS),missing,missing,missing,missing,missing,missing,missing,missing,missing,MTC
965,0.0,0.0,0.0,0.051668894,0.131862841,0.185786271,0.282143219,0.3575751809999999,0.412855037,s1-procureScaling-h,high,Russia,elec_biomass (IGCC),missing,missing,missing,missing,missing,missing,missing,missing,missing,MTC
966,0.0,0.0,0.0,0.0,0.0,0.0,0.01271961,0.03917754,0.08046244,s1-procureScaling-h,high,Russia,elec_biomass (conv CCS),missing,missing,missing,missing,missing,missing,missing,missing,missing,MTC
967,0.0,0.0,0.5882801799999999,0.71555194,0.97518231,1.06652034,1.31561402,1.22909268,1.091946008,s1-procureScaling-h,high,Russia,elec_biomass (conv),missing,missing,missing,missing,missing,missing,missing,missing,missing,MTC
968,0.0,0.0,0.0,0.0,0.0,0.0,0.016199789,0.040834666,0.069142345,s1-procureScaling-h,high,Russia,elec_coal (IGCC CCS),missing,missing,missing,missing,missing,missing,missing,missing,missing,MTC
969,0.0,0.0,0.0,0.8578913499999999,1.79661843,2.3282466200000003,3.1418333400000003,3.56044094,3.68191266,s1-procureScaling-h,high,Russia,elec_coal (IGCC),missing,missing,missing,missing,missing,missing,missing,missing,missing,MTC
970,0.0,0.0,0.0,0.0,0.0,0.0,0.02183243,0.04998194,0.07881662,s1-procureScaling-h,high,Russia,elec_coal (conv pul CCS),missing,missing,missing,missing,missing,missing,missing,missing,missing,MTC
971,71.80221,59.69614,64.351391,65.0336302,64.62641430000001,61.497738000000005,54.7379772,40.063320440000005,27.98594232,s1-procureScaling-h,high,Russia,elec_coal (conv pul),missing,missing,missing,missing,missing,missing,missing,missing,missing,MTC
972,0.0,0.0,0.0,0.0,0.0,0.0,0.475888658,0.9129986547,1.2616628567,s1-procureScaling-h,high,Russia,elec_gas (CC CCS),missing,missing,missing,missing,missing,missing,missing,missing,missing,MTC
973,0.0,0.0,5.83117412,9.166181503599995,15.165938594300002,19.7513852667,24.50190120759999,27.678176772,29.5377785995,s1-procureScaling-h,high,Russia,elec_gas (CC),missing,missing,missing,missing,missing,missing,missing,missing,missing,MTC
974,88.47735,76.36537,77.9307902,76.22775523729999,72.98064277571002,66.06726356516998,46.2721433939,33.92509449661001,23.94299280308001,s1-procureScaling-h,high,Russia,elec_gas (steam/CT),missing,missing,missing,missing,missing,missing,missing,missing,missing,MTC
975,0.0,0.0,0.0,0.0,0.0,0.0,0.055047053,0.0603928589999999,0.0583029272,s1-procureScaling-h,high,Russia,elec_refined liquids (CC CCS),missing,missing,missing,missing,missing,missing,missing,missing,missing,MTC
976,0.0,0.0,0.47934016,0.35828385,0.558715274,0.558620485,0.6140465829999999,0.558692132,0.501937726,s1-procureScaling-h,high,Russia,elec_refined liquids (CC),missing,missing,missing,missing,missing,missing,missing,missing,missing,MTC
977,37.51839,4.574757,1.31698097,0.93017089,0.94356881,0.89408678,0.793307424,0.605481895,0.451228926,s1-procureScaling-h,high,Russia,elec_refined liquids (steam/CT),missing,missing,missing,missing,missing,missing,missing,missing,missing,MTC
978,25.3828,23.2128,22.0156,22.0706,22.3854,21.9894,19.971,18.895,17.711,s1-procureScaling-h,high,Russia,gas pipeline,missing,missing,missing,missing,missing,missing,missing,missing,missing,MTC
979,0.0,0.0,0.0349063,0.0759345,0.117784,0.182054,0.135183,0.0995156,0.0938151,s1-procureScaling-h,high,Russia,gas processing,missing,missing,missing,missing,missing,missing,missing,missing,missing,MTC
980,128.367074,93.67367000000004,108.0816786,104.29004940000002,99.2732448,96.8958251,83.49584770000001,72.5468952,64.4001676,s1-procureScaling-h,high,Russia,industrial energy use,missing,missing,missing,missing,missing,missing,missing,missing,missing,MTC
981,10.072,11.174318,17.852615999999998,18.600605,19.366798,19.756604,17.367976,16.7068844,16.2601074,s1-procureScaling-h,high,Russia,industrial feedstocks,missing,missing,missing,missing,missing,missing,missing,missing,missing,MTC
982,5.1427049,2.8608682,3.3373769,3.3922521,3.4856687,3.547353,3.1671568,3.0506974,2.977236,s1-procureScaling-h,high,Russia,process heat cement,missing,missing,missing,missing,missing,missing,missing,missing,missing,MTC
983,35.9782,10.2387,7.53891,7.37293,7.01475,6.82662,6.9560883,6.898230000000001,6.7689032000000005,s1-procureScaling-h,high,Russia,refining,missing,missing,missing,missing,missing,missing,missing,missing,missing,MTC
984,-11.7284,-6.65862,-18.4703,-22.6399,-28.2094,-33.0794,-50.7647,-55.9949,-61.7131,s1-procureScaling-h,high,Russia,regional biomass,missing,missing,missing,missing,missing,missing,missing,missing,missing,MTC
985,0.0,0.0,-3.0575,-3.50561,-3.98827,-4.36574,-4.54218,-4.26626,-3.48336,s1-procureScaling-h,high,Russia,regional biomassOil,missing,missing,missing,missing,missing,missing,missing,missing,missing,MTC
986,0.0,0.0,-0.848109,-1.10496,-1.53843,-1.99214,-2.32166,-2.41413,-2.46173,s1-procureScaling-h,high,Russia,regional corn for ethanol,missing,missing,missing,missing,missing,missing,missing,missing,missing,MTC
987,19.57841,12.314881,13.341227,13.194621,13.43066,13.58026,15.488938999999998,15.861092,15.780205,s1-procureScaling-h,high,Russia,resid heating,missing,missing,missing,missing,missing,missing,missing,missing,missing,MTC
988,35.481301,19.870778,19.490248,18.2420321,16.9311458,16.0448078,14.0244729,12.2852216,10.6519253,s1-procureScaling-h,high,Russia,resid others,missing,missing,missing,missing,missing,missing,missing,missing,missing,MTC
989,5.13209,2.92491,2.94418,3.10932,3.39816,3.62976,3.72519,3.777,3.78924,s1-procureScaling-h,high,Russia,trn_aviation_intl,missing,missing,missing,missing,missing,missing,missing,missing,missing,MTC
990,5.749689999999999,2.36904,2.331447,2.480028,2.756907,3.002536,2.998082,3.035911,3.0571460000000004,s1-procureScaling-h,high,Russia,trn_freight,missing,missing,missing,missing,missing,missing,missing,missing,missing,MTC
991,12.0918009,8.11081266,10.82481663,11.21319916,11.405996699999998,11.21142148,11.298161260000002,10.994057799999998,10.666689899999998,s1-procureScaling-h,high,Russia,trn_freight_road,missing,missing,missing,missing,missing,missing,missing,missing,missing,MTC
992,10.413916,6.0173250000000005,6.704897,7.515966,8.788057,9.948325,10.294457,10.542093,10.678043,s1-procureScaling-h,high,Russia,trn_pass,missing,missing,missing,missing,missing,missing,missing,missing,missing,MTC
993,4.665830000000001,3.13935411,5.97929414,6.762362459999999,5.766576899999999,5.267891,5.126097,5.213363,5.330030000000001,s1-procureScaling-h,high,Russia,trn_pass_road,missing,missing,missing,missing,missing,missing,missing,missing,missing,MTC
994,1.88164,1.30978,1.31265,0.999005,0.839842,0.689543,0.538566,0.414093,0.318199,s1-procureScaling-h,high,Russia,trn_pass_road_LDV,missing,missing,missing,missing,missing,missing,missing,missing,missing,MTC
995,27.82061937,19.343861295000004,22.705808289,20.353279629,16.9527621579,14.5130485545,12.288022623000009,11.685366790000002,11.197905709999995,s1-procureScaling-h,high,Russia,trn_pass_road_LDV_4W,missing,missing,missing,missing,missing,missing,missing,missing,missing,MTC
996,3.42634,19.6456,17.0202,17.6087,18.5646,19.4421,19.3911,19.3787,19.3229,s1-procureScaling-h,high,Russia,trn_shipping_intl,missing,missing,missing,missing,missing,missing,missing,missing,missing,MTC
997,0.0,0.0,0.0,0.0,0.0,0.0,-0.0917462,-0.1070735999999999,-0.1186170999999999,s1-procureScaling-h,high,South Africa,CDR_regional,missing,missing,missing,missing,missing,missing,missing,missing,missing,MTC
998,0.0,0.0,0.008857765,0.01825013,0.02983251,0.04501517,0.0254773609,0.022190257,0.0220384579999999,s1-procureScaling-h,high,South Africa,H2 central production,missing,missing,missing,missing,missing,missing,missing,missing,missing,MTC
999,0.0,0.0,0.00242683,0.00486585,0.00830181,0.0128809,0.0234674,0.0355346,0.0465112,s1-procureScaling-h,high,South Africa,H2 forecourt production,missing,missing,missing,missing,missing,missing,missing,missing,missing,MTC
1000,0.2801026,0.139845,0.1332654999999999,0.1479618,0.1662661,0.1788459,0.181751,0.1818734699999999,0.1759277799999999,s1-procureScaling-h,high,South Africa,N fertilizer,missing,missing,missing,missing,missing,missing,missing,missing,missing,MTC
1001,0.0,0.0,0.0142817,0.0538383,0.200617,0.406247,0.906237,1.45058,1.93273,s1-procureScaling-h,high,South Africa,backup_electricity,missing,missing,missing,missing,missing,missing,missing,missing,missing,MTC
1002,0.0,0.0,0.0229741,0.025943,0.0290978,0.0337638,0.055377,0.0640088,0.0721887,s1-procureScaling-h,high,South Africa,biogas processing,missing,missing,missing,missing,missing,missing,missing,missing,missing,MTC
1003,0.0,0.0,0.8498721,1.68782504,2.9871982700000004,4.170636440000001,5.40913481,6.00981337,6.415722589999998,s1-procureScaling-h,high,South Africa,biorefining,missing,missing,missing,missing,missing,missing,missing,missing,missing,MTC
1004,1.062,1.559,1.46933,1.62927,1.86368,2.06164,1.441713,1.2273489,1.089078,s1-procureScaling-h,high,South Africa,cement,missing,missing,missing,missing,missing,missing,missing,missing,missing,MTC
1005,0.219202,0.4013341,0.6434679999999999,0.756903,0.979365,1.172449,1.123063,1.209186,1.3030117,s1-procureScaling-h,high,South Africa,comm heating,missing,missing,missing,missing,missing,missing,missing,missing,missing,MTC
1006,0.82363374,1.47636732,2.0485579,2.0132595,2.2223509,2.5139248000000003,1.6425771,1.3205435,1.1104224,s1-procureScaling-h,high,South Africa,comm others,missing,missing,missing,missing,missing,missing,missing,missing,missing,MTC
1007,0.0,0.0,0.000206728,0.000442729,0.00113572,0.0017283,0.00248334,0.0,0.0,s1-procureScaling-h,high,South Africa,csp_backup,missing,missing,missing,missing,missing,missing,missing,missing,missing,MTC
1008,0.04559208,0.0408911,0.0620352,0.0806739,0.1065044,0.1300309,0.1345361,0.1390309,0.1390963,s1-procureScaling-h,high,South Africa,desalinated water,missing,missing,missing,missing,missing,missing,missing,missing,missing,MTC
1009,0.0,0.0,0.0,0.0,0.0,0.0,0.0226530334,0.0467090601,0.0642421259,s1-procureScaling-h,high,South Africa,elec_biomass (IGCC CCS),missing,missing,missing,missing,missing,missing,missing,missing,missing,MTC
1010,0.0,0.0,0.0,0.021170854,0.0551518879999999,0.0813986569999999,0.121308393,0.1746451239999999,0.2251970569999999,s1-procureScaling-h,high,South Africa,elec_biomass (IGCC),missing,missing,missing,missing,missing,missing,missing,missing,missing,MTC
1011,0.0,0.0,0.0,0.0,0.0,0.0,0.003677295,0.014871941,0.033387291,s1-procureScaling-h,high,South Africa,elec_biomass (conv CCS),missing,missing,missing,missing,missing,missing,missing,missing,missing,MTC
1012,0.0,0.08568637,0.13015851,0.173731731,0.265799063,0.3067023909999999,0.4049332119999999,0.45162302,0.460710828,s1-procureScaling-h,high,South Africa,elec_biomass (conv),missing,missing,missing,missing,missing,missing,missing,missing,missing,MTC
1013,0.0,0.0,0.0,0.0,0.0,0.0,0.0221543959,0.0754577459,0.1431307528,s1-procureScaling-h,high,South Africa,elec_coal (IGCC CCS),missing,missing,missing,missing,missing,missing,missing,missing,missing,MTC
1014,0.0,0.0,0.0,1.3897466,3.1244638,4.28744753,5.613671519999999,6.73600875,7.401895390000001,s1-procureScaling-h,high,South Africa,elec_coal (IGCC),missing,missing,missing,missing,missing,missing,missing,missing,missing,MTC
1015,0.0,0.0,0.0,0.0,0.0,0.0,0.027901794,0.0854163519999999,0.150379181,s1-procureScaling-h,high,South Africa,elec_coal (conv pul CCS),missing,missing,missing,missing,missing,missing,missing,missing,missing,MTC
1016,41.31974,60.67618,69.52251,71.3471592,72.4289068,69.95588262,64.36764945000002,55.24964074,44.532361480000006,s1-procureScaling-h,high,South Africa,elec_coal (conv pul),missing,missing,missing,missing,missing,missing,missing,missing,missing,MTC
1017,0.0,0.0,0.0,0.0,0.0,0.0,0.00225154019,0.0060620662999999,0.0101548747,s1-procureScaling-h,high,South Africa,elec_gas (CC CCS),missing,missing,missing,missing,missing,missing,missing,missing,missing,MTC
1018,0.0,0.0,0.0236321782,0.043440196671,0.07554308014,0.099895535397,0.11953752825,0.15037216368,0.18242325292,s1-procureScaling-h,high,South Africa,elec_gas (CC),missing,missing,missing,missing,missing,missing,missing,missing,missing,MTC
1019,0.0,0.0,0.00097818044,0.00128579481168,0.00206834517689,0.0024829383448199,0.0029580482990699,0.0038248394637099,0.00435398048792,s1-procureScaling-h,high,South Africa,elec_gas (steam/CT),missing,missing,missing,missing,missing,missing,missing,missing,missing,MTC
1020,0.0,0.0,0.0,0.0,0.0,0.0,0.0009150666,0.00150753533,0.0017383501399999,s1-procureScaling-h,high,South Africa,elec_refined liquids (CC CCS),missing,missing,missing,missing,missing,missing,missing,missing,missing,MTC
1021,0.0,0.0,0.003164829,0.0048560279,0.0095173395,0.0109599877,0.0115332716,0.0147994642999999,0.0160208299999999,s1-procureScaling-h,high,South Africa,elec_refined liquids (CC),missing,missing,missing,missing,missing,missing,missing,missing,missing,MTC
1022,0.0,0.0,0.016489194,0.0137719784,0.0148887663,0.0157416624,0.0155479873,0.0137889765,0.0114451978,s1-procureScaling-h,high,South Africa,elec_refined liquids (steam/CT),missing,missing,missing,missing,missing,missing,missing,missing,missing,MTC
1023,0.44872,1.68653,0.567624,0.685168,0.859524,1.1116,0.995758,0.82345,0.75139,s1-procureScaling-h,high,South Africa,gas processing,missing,missing,missing,missing,missing,missing,missing,missing,missing,MTC
1024,27.58132,31.333348,28.908382499999995,28.46847293,29.252790610000005,31.19473567,28.2312415,25.5554233,23.403335,s1-procureScaling-h,high,South Africa,industrial energy use,missing,missing,missing,missing,missing,missing,missing,missing,missing,MTC
1025,3.18149,1.61817,1.48354,1.74046,2.01302,2.28894,1.47852,1.27223,1.20501,s1-procureScaling-h,high,South Africa,industrial feedstocks,missing,missing,missing,missing,missing,missing,missing,missing,missing,MTC
1026,0.6266256,0.8313793,0.959044,1.0489268,1.1730713000000002,1.2751284,1.1674407,1.1659665,1.1821429,s1-procureScaling-h,high,South Africa,process heat cement,missing,missing,missing,missing,missing,missing,missing,missing,missing,MTC
1027,9.980589,7.425501,9.901391,9.75377763,9.336506110000002,8.37156819,6.50510248,4.56689852,3.1524414489999995,s1-procureScaling-h,high,South Africa,refining,missing,missing,missing,missing,missing,missing,missing,missing,missing,MTC
1028,-4.64542,-3.40727,-4.91458,-6.26167,-8.56526,-10.7165,-16.1573,-18.7933,-21.0976,s1-procureScaling-h,high,South Africa,regional biomass,missing,missing,missing,missing,missing,missing,missing,missing,missing,MTC
1029,0.0,0.0,-0.392088,-0.476734,-0.60307,-0.717306,-0.782877,-0.785577,-0.734746,s1-procureScaling-h,high,South Africa,regional biomassOil,missing,missing,missing,missing,missing,missing,missing,missing,missing,MTC
1030,0.0,0.0,-0.0965798,-0.134454,-0.216894,-0.309325,-0.375452,-0.417478,-0.460136,s1-procureScaling-h,high,South Africa,regional corn for ethanol,missing,missing,missing,missing,missing,missing,missing,missing,missing,MTC
1031,2.92285866,5.070662,4.751549000000001,4.339457,4.174697999999999,4.267414,2.410122,1.7417379999999998,1.366872,s1-procureScaling-h,high,South Africa,resid others,missing,missing,missing,missing,missing,missing,missing,missing,missing,MTC
1032,0.342088,0.782436,0.961363,1.04082,1.18488,1.32194,1.41436,1.50597,1.591,s1-procureScaling-h,high,South Africa,trn_aviation_intl,missing,missing,missing,missing,missing,missing,missing,missing,missing,MTC
1033,0.0942601,0.057496,0.0789547199999999,0.0860169799999999,0.09751477,0.1072897199999999,0.11254972,0.1216509,0.13125015,s1-procureScaling-h,high,South Africa,trn_freight,missing,missing,missing,missing,missing,missing,missing,missing,missing,MTC
1034,3.901409,5.531509,7.488552769999998,7.78622736,8.218407430000001,8.351140684,8.619171800000002,8.868029899999998,9.15726027,s1-procureScaling-h,high,South Africa,trn_freight_road,missing,missing,missing,missing,missing,missing,missing,missing,missing,MTC
1035,0.279366,0.63505558,0.86258655,0.99083166,1.22638968,1.4789432,1.61936714,1.77080407,1.92403758,s1-procureScaling-h,high,South Africa,trn_pass,missing,missing,missing,missing,missing,missing,missing,missing,missing,MTC
1036,0.900726,1.27707,2.0280229,2.0798833,1.6157317000000002,1.436401,1.3823367000000002,1.3698508,1.3729576000000003,s1-procureScaling-h,high,South Africa,trn_pass_road,missing,missing,missing,missing,missing,missing,missing,missing,missing,MTC
1037,0.112385,0.159342,0.10716822,0.06791573,0.06479045,0.0557879899999999,0.04393201,0.03492741,0.02939967,s1-procureScaling-h,high,South Africa,trn_pass_road_LDV,missing,missing,missing,missing,missing,missing,missing,missing,missing,MTC
1038,2.8566700000000003,4.050249999999999,3.67599,3.204806195,3.297020172,3.1791321839,2.993057956999999,3.130564449100001,3.227910408,s1-procureScaling-h,high,South Africa,trn_pass_road_LDV_4W,missing,missing,missing,missing,missing,missing,missing,missing,missing,MTC
1039,2.59007,2.51164,3.00967,3.12851,3.33041,3.52664,3.56181,3.62468,3.69372,s1-procureScaling-h,high,South Africa,trn_shipping_intl,missing,missing,missing,missing,missing,missing,missing,missing,missing,MTC
1040,0.0,0.0,0.0,0.0,0.0,0.0,-0.02443055,-0.03175457,-0.03939198,s1-procureScaling-h,high,South America_Northern,CDR_regional,missing,missing,missing,missing,missing,missing,missing,missing,missing,MTC
1041,0.0,0.0,0.00325676,0.006244072,0.0092791119999999,0.01334514,0.00614316283,0.0049879804,0.0048738960999999,s1-procureScaling-h,high,South America_Northern,H2 central production,missing,missing,missing,missing,missing,missing,missing,missing,missing,MTC
1042,0.0,0.0,0.00169289,0.00317739,0.00485928,0.00715676,0.00997723,0.0130919,0.0167475,s1-procureScaling-h,high,South America_Northern,H2 forecourt production,missing,missing,missing,missing,missing,missing,missing,missing,missing,MTC
1043,0.207794,0.377977,0.260512,0.264549,0.2674619,0.2657517,0.24607377,0.22834608,0.2111939699999999,s1-procureScaling-h,high,South America_Northern,N fertilizer,missing,missing,missing,missing,missing,missing,missing,missing,missing,MTC
1044,0.0,0.0,0.00721008,0.0444842,0.0798335,0.126863,0.196989,0.267195,0.343716,s1-procureScaling-h,high,South America_Northern,backup_electricity,missing,missing,missing,missing,missing,missing,missing,missing,missing,MTC
1045,0.0,0.0,0.00941612,0.0110902,0.0100422,0.011084,0.0212228,0.0294805,0.0317759,s1-procureScaling-h,high,South America_Northern,biogas processing,missing,missing,missing,missing,missing,missing,missing,missing,missing,MTC
1046,0.0,0.0,0.062485962,0.202035204,0.24477965,0.275089526,0.4722367549999999,0.492484004,0.5158225102000003,s1-procureScaling-h,high,South America_Northern,biorefining,missing,missing,missing,missing,missing,missing,missing,missing,missing,MTC
1047,0.718,0.806,0.449776,0.438566,0.525854,0.610011,0.4246782,0.3594792,0.3140653,s1-procureScaling-h,high,South America_Northern,cement,missing,missing,missing,missing,missing,missing,missing,missing,missing,MTC
1048,0.100033,0.0886336,0.0364428,0.0286342,0.0256757,0.0238213,0.0194511,0.0173115,0.0156156,s1-procureScaling-h,high,South America_Northern,comm cooling,missing,missing,missing,missing,missing,missing,missing,missing,missing,MTC
1049,0.001291989,0.0011128813,0.0005160065999999999,0.0004240846,0.0003618868,0.0003442672,0.0002904033,0.0002459594,0.0002191764,s1-procureScaling-h,high,South America_Northern,comm heating,missing,missing,missing,missing,missing,missing,missing,missing,missing,MTC
1050,0.519945981,0.2116016889999999,0.16249458,0.139914218,0.1304668061,0.1342792676,0.1137058168999999,0.1038860953999999,0.0962641589,s1-procureScaling-h,high,South America_Northern,comm others,missing,missing,missing,missing,missing,missing,missing,missing,missing,MTC
1051,0.0023484179999999,0.002309349,0.00147197,0.001371691,0.001432358,0.001529424,0.001441916,0.001466812,0.001504805,s1-procureScaling-h,high,South America_Northern,desalinated water,missing,missing,missing,missing,missing,missing,missing,missing,missing,MTC
1052,0.0,0.0,0.0,0.0,0.0,0.0,0.00110858206,0.00347599998,0.00530078564,s1-procureScaling-h,high,South America_Northern,elec_biomass (IGCC CCS),missing,missing,missing,missing,missing,missing,missing,missing,missing,MTC
1053,0.0,0.0,0.0,0.0,0.0,0.0,0.0016089785999999,0.0063508876,0.0106036034,s1-procureScaling-h,high,South America_Northern,elec_biomass (IGCC),missing,missing,missing,missing,missing,missing,missing,missing,missing,MTC
1054,0.0,0.0,0.0,0.0,0.0,0.0,0.0001968208,0.0014583937,0.0037071222,s1-procureScaling-h,high,South America_Northern,elec_biomass (conv CCS),missing,missing,missing,missing,missing,missing,missing,missing,missing,MTC
1055,0.009287046,0.0139588069999999,0.0025396439999999,0.0018152521,0.0009685185,0.0006905020999999999,0.0055488221999999,0.0160055670799999,0.02070005018,s1-procureScaling-h,high,South America_Northern,elec_biomass (conv),missing,missing,missing,missing,missing,missing,missing,missing,missing,MTC
1056,0.0,0.0,0.0,0.0,0.0,0.0,1.7184003000000002e-05,0.000113074281,0.00026528208000000005,s1-procureScaling-h,high,South America_Northern,elec_coal (IGCC CCS),missing,missing,missing,missing,missing,missing,missing,missing,missing,MTC
1057,0.0,0.0,0.0,0.0,0.0,0.0,0.0007688917,0.0023061907,0.0035080341999999,s1-procureScaling-h,high,South America_Northern,elec_coal (IGCC),missing,missing,missing,missing,missing,missing,missing,missing,missing,MTC
1058,0.0,0.0,0.0,0.0,0.0,0.0,2.205244e-05,0.00012674371,0.00027550008,s1-procureScaling-h,high,South America_Northern,elec_coal (conv pul CCS),missing,missing,missing,missing,missing,missing,missing,missing,missing,MTC
1059,0.0,0.0,0.0,0.0,0.0,0.0,0.0015217625999999,0.0040179163,0.0056498526,s1-procureScaling-h,high,South America_Northern,elec_coal (conv pul),missing,missing,missing,missing,missing,missing,missing,missing,missing,MTC
1060,0.0,0.0,0.0,0.0,0.0,0.0,0.0097164295999999,0.04126496526,0.0744600497939999,s1-procureScaling-h,high,South America_Northern,elec_gas (CC CCS),missing,missing,missing,missing,missing,missing,missing,missing,missing,MTC
1061,0.0,0.0,0.0,0.0,0.0,0.0,0.126037533,0.41689557896,0.68587093618,s1-procureScaling-h,high,South America_Northern,elec_gas (CC),missing,missing,missing,missing,missing,missing,missing,missing,missing,MTC
1062,2.679631,2.498373,1.8863181,1.6885669,2.0227345000000003,2.0699584,1.7389003240999996,1.1943133684609997,0.7834139232379999,s1-procureScaling-h,high,South America_Northern,elec_gas (steam/CT),missing,missing,missing,missing,missing,missing,missing,missing,missing,MTC
1063,0.0,0.0,0.0,0.0,0.0,0.0,0.0205932609999999,0.06008241,0.067862918,s1-procureScaling-h,high,South America_Northern,elec_refined liquids (CC CCS),missing,missing,missing,missing,missing,missing,missing,missing,missing,MTC
1064,0.0,0.0,0.0,0.0,0.0,0.0,0.1346831,0.361537933,0.3947935699999999,s1-procureScaling-h,high,South America_Northern,elec_refined liquids (CC),missing,missing,missing,missing,missing,missing,missing,missing,missing,MTC
1065,1.9599259,3.875013,1.8072274,1.5275889,1.4099708,1.3415589999999995,0.8602244800000001,0.491297968,0.271148101,s1-procureScaling-h,high,South America_Northern,elec_refined liquids (steam/CT),missing,missing,missing,missing,missing,missing,missing,missing,missing,MTC
1066,0.000716459,0.000171876,0.0,0.0,0.0,0.0,0.0,0.0,0.0,s1-procureScaling-h,high,South America_Northern,gas pipeline,missing,missing,missing,missing,missing,missing,missing,missing,missing,MTC
1067,0.0,0.0,0.000291749,0.00102368,0.0013092,0.00202236,0.0012541,0.000809976,0.000659102,s1-procureScaling-h,high,South America_Northern,gas processing,missing,missing,missing,missing,missing,missing,missing,missing,missing,MTC
1068,8.828675,11.929268,3.5338242,3.18945298,3.29244086,3.5327240000000004,3.4006224899999995,3.3751444900000003,3.3556133900000003,s1-procureScaling-h,high,South America_Northern,industrial energy use,missing,missing,missing,missing,missing,missing,missing,missing,missing,MTC
1069,0.4387393,0.4432027,0.2886608,0.2800724,0.3258842,0.3705343,0.3678794999999999,0.3861145,0.4058079,s1-procureScaling-h,high,South America_Northern,process heat cement,missing,missing,missing,missing,missing,missing,missing,missing,missing,MTC
1070,3.3785,4.38479,1.2428,1.15324,1.15895,1.11177,1.05186,1.11619,0.97900324,s1-procureScaling-h,high,South America_Northern,refining,missing,missing,missing,missing,missing,missing,missing,missing,missing,MTC
1071,-0.423865,-0.578476,-0.346727,-0.579841,-0.642976,-0.702839,-1.46231,-1.60985,-1.8123,s1-procureScaling-h,high,South America_Northern,regional biomass,missing,missing,missing,missing,missing,missing,missing,missing,missing,MTC
1072,0.0,0.0,-0.0123876,-0.0197669,-0.0219671,-0.0234038,-0.0291774,-0.028384,-0.0256959,s1-procureScaling-h,high,South America_Northern,regional biomassOil,missing,missing,missing,missing,missing,missing,missing,missing,missing,MTC
1073,0.0,0.0,-0.000279328,-0.000534038,-0.000573944,-0.000656183,-0.00116503,-0.00102315,-0.00126301,s1-procureScaling-h,high,South America_Northern,regional sugar for ethanol,missing,missing,missing,missing,missing,missing,missing,missing,missing,MTC
1074,0.0036740154,0.004562544,0.0007901401,0.0006531865,0.0006650404,0.0007256857,0.0006545030000000001,0.0006427159,0.0006354808000000001,s1-procureScaling-h,high,South America_Northern,resid heating,missing,missing,missing,missing,missing,missing,missing,missing,missing,MTC
1075,1.28372556,1.88634312,0.496160773,0.426884852,0.40797554,0.420741573,0.3560603333,0.3292386700999999,0.3067737559,s1-procureScaling-h,high,South America_Northern,resid others,missing,missing,missing,missing,missing,missing,missing,missing,missing,MTC
1076,0.268892,0.46693,0.212302,0.206362,0.236289,0.268359,0.288796,0.314292,0.340259,s1-procureScaling-h,high,South America_Northern,trn_aviation_intl,missing,missing,missing,missing,missing,missing,missing,missing,missing,MTC
1077,0.053422856,0.08176977,0.043550143,0.0419057419999999,0.046514902,0.05080453,0.05511102,0.06060635,0.0662074,s1-procureScaling-h,high,South America_Northern,trn_freight,missing,missing,missing,missing,missing,missing,missing,missing,missing,MTC
1078,3.783205,5.69908,3.216625,3.201266722,3.225975202,3.088896016,3.261623091,3.42338958,3.55644685,s1-procureScaling-h,high,South America_Northern,trn_freight_road,missing,missing,missing,missing,missing,missing,missing,missing,missing,MTC
1079,0.12855788,0.2225969599999999,0.07787887,0.0765555899999999,0.0950806,0.1169535199999999,0.1272750899999999,0.14269327,0.15946749,s1-procureScaling-h,high,South America_Northern,trn_pass,missing,missing,missing,missing,missing,missing,missing,missing,missing,MTC
1080,0.631307,0.95940589,1.3924880899999998,1.468454068,1.2321344,1.1811029,1.2195040999999998,1.2894133,1.3605956,s1-procureScaling-h,high,South America_Northern,trn_pass_road,missing,missing,missing,missing,missing,missing,missing,missing,missing,MTC
1081,0.23121,0.348298,0.0973054,0.0553279,0.0499865,0.0416703,0.030672,0.0236115,0.0182762,s1-procureScaling-h,high,South America_Northern,trn_pass_road_LDV,missing,missing,missing,missing,missing,missing,missing,missing,missing,MTC
1082,3.399775,5.176672709999999,1.764914089,1.405744916,1.685973992,1.2066032671,0.8397334675,0.9234404239,1.0048928673999995,s1-procureScaling-h,high,South America_Northern,trn_pass_road_LDV_4W,missing,missing,missing,missing,missing,missing,missing,missing,missing,MTC
1083,0.664646,0.576791,0.911949,0.9038,0.964695,1.02898,1.0352,1.06325,1.09161,s1-procureScaling-h,high,South America_Northern,trn_shipping_intl,missing,missing,missing,missing,missing,missing,missing,missing,missing,MTC
1084,0.0,0.0,0.0,0.0,0.0,0.0,-0.2340074,-0.2801995,-0.3275347,s1-procureScaling-h,high,South America_Southern,CDR_regional,missing,missing,missing,missing,missing,missing,missing,missing,missing,MTC
1085,0.0,0.0,0.2410845,0.5184818999999999,0.851725,1.262308,0.5671881900000001,0.45699904,0.4331681,s1-procureScaling-h,high,South America_Southern,H2 central production,missing,missing,missing,missing,missing,missing,missing,missing,missing,MTC
1086,0.0,0.0,0.10721,0.224845,0.370509,0.551443,0.746887,0.941682,1.11279,s1-procureScaling-h,high,South America_Southern,H2 forecourt production,missing,missing,missing,missing,missing,missing,missing,missing,missing,MTC
1087,0.0848539,0.0845574,0.134436,0.1849158,0.2460272,0.3023111,0.33303508,0.36016073,0.36734458,s1-procureScaling-h,high,South America_Southern,N fertilizer,missing,missing,missing,missing,missing,missing,missing,missing,missing,MTC
1088,0.0,0.0,0.0168129,0.079248,0.23418,0.421801,0.750293,1.03404,1.28147,s1-procureScaling-h,high,South America_Southern,backup_electricity,missing,missing,missing,missing,missing,missing,missing,missing,missing,MTC
1089,0.0,0.0,0.000134791,0.000153053,0.000192423,0.000179019,0.000244375,0.000354627,0.000401831,s1-procureScaling-h,high,South America_Southern,biogas pipeline,missing,missing,missing,missing,missing,missing,missing,missing,missing,MTC
1090,0.0,0.0,0.0516981,0.0581158,0.0723276,0.0666032,0.0899824,0.129219,0.14488,s1-procureScaling-h,high,South America_Southern,biogas processing,missing,missing,missing,missing,missing,missing,missing,missing,missing,MTC
1091,0.0,0.0,0.7840208000000001,1.4518547000000002,2.6470345,3.7836836,5.335210700000001,6.073302799999999,6.810639699999998,s1-procureScaling-h,high,South America_Southern,biorefining,missing,missing,missing,missing,missing,missing,missing,missing,missing,MTC
1092,1.08,2.096,2.80079,3.15284,3.53419,3.86361,2.540067,2.060967,1.7552530000000002,s1-procureScaling-h,high,South America_Southern,cement,missing,missing,missing,missing,missing,missing,missing,missing,missing,MTC
1093,0.000898838,0.0033001,0.00875406,0.00766054,0.0070546,0.00663398,0.00561748,0.0047759,0.00403442,s1-procureScaling-h,high,South America_Southern,comm cooling,missing,missing,missing,missing,missing,missing,missing,missing,missing,MTC
1094,0.4730125,0.7279686,1.2160957,1.2312551,1.2634191,1.3284473,1.3190135,1.24153,1.1603039,s1-procureScaling-h,high,South America_Southern,comm heating,missing,missing,missing,missing,missing,missing,missing,missing,missing,MTC
1095,0.15540534,0.35996667,0.53452471,0.50117737,0.48059444,0.48786844,0.44527324,0.390157198,0.346482496,s1-procureScaling-h,high,South America_Southern,comm others,missing,missing,missing,missing,missing,missing,missing,missing,missing,MTC
1096,0.0063378639999999,0.01981493,0.0733239,0.0946464,0.1161917,0.1364398,0.1415596,0.1468157,0.1514679,s1-procureScaling-h,high,South America_Southern,desalinated water,missing,missing,missing,missing,missing,missing,missing,missing,missing,MTC
1097,0.0,0.0,0.0,0.0,0.0,0.0,0.050520508,0.1127501143,0.1533656441,s1-procureScaling-h,high,South America_Southern,elec_biomass (IGCC CCS),missing,missing,missing,missing,missing,missing,missing,missing,missing,MTC
1098,0.0,0.0,0.0,0.18883125,0.41051244,0.5452632000000001,0.6035721799999999,0.6831509899999999,0.7285627499999999,s1-procureScaling-h,high,South America_Southern,elec_biomass (IGCC),missing,missing,missing,missing,missing,missing,missing,missing,missing,MTC
1099,0.0,0.0,0.0,0.0,0.0,0.0,0.008237472,0.038916868,0.085809604,s1-procureScaling-h,high,South America_Southern,elec_biomass (conv CCS),missing,missing,missing,missing,missing,missing,missing,missing,missing,MTC
1100,0.10782879,0.4399251,1.53580038,2.189707697,2.8268524220000004,3.0070214990000004,3.0473123770000003,2.6699747392999997,2.2190786377000005,s1-procureScaling-h,high,South America_Southern,elec_biomass (conv),missing,missing,missing,missing,missing,missing,missing,missing,missing,MTC
1101,0.0,0.0,0.0,0.0,0.0,0.0,0.0074184228,0.0323276361,0.0662421732,s1-procureScaling-h,high,South America_Southern,elec_coal (IGCC CCS),missing,missing,missing,missing,missing,missing,missing,missing,missing,MTC
1102,0.0,0.0,0.0,0.63559977,1.45023097,2.02011503,2.3480732,2.72871957,2.93456354,s1-procureScaling-h,high,South America_Southern,elec_coal (IGCC),missing,missing,missing,missing,missing,missing,missing,missing,missing,MTC
1103,0.0,0.0,0.0,0.0,0.0,0.0,0.009236995,0.0358462779999999,0.068331198,s1-procureScaling-h,high,South America_Southern,elec_coal (conv pul CCS),missing,missing,missing,missing,missing,missing,missing,missing,missing,MTC
1104,1.9175399,2.2223747,10.4733336,12.1810347,14.0825269,14.9673004,14.6707681,13.930151499999996,12.494195,s1-procureScaling-h,high,South America_Southern,elec_coal (conv pul),missing,missing,missing,missing,missing,missing,missing,missing,missing,MTC
1105,0.0,0.0,0.0,0.0,0.0,0.0,0.0446087569999999,0.1384629051999999,0.2303270233999999,s1-procureScaling-h,high,South America_Southern,elec_gas (CC CCS),missing,missing,missing,missing,missing,missing,missing,missing,missing,MTC
1106,0.03122283,1.2900128,2.346975879,3.281480708,4.732731513700001,5.817872072799998,6.0847685896,6.606492546900001,7.012986824199997,s1-procureScaling-h,high,South America_Southern,elec_gas (CC),missing,missing,missing,missing,missing,missing,missing,missing,missing,MTC
1107,0.17859968,1.5151986,4.1894043,4.769508183249998,5.33088458447,5.35905109004,4.609730961799999,3.8513696355500016,3.05013836359,s1-procureScaling-h,high,South America_Southern,elec_gas (steam/CT),missing,missing,missing,missing,missing,missing,missing,missing,missing,MTC
1108,0.0,0.0,0.0,0.0,0.0,0.0,0.07575528,0.1592440869999999,0.179530514,s1-procureScaling-h,high,South America_Southern,elec_refined liquids (CC CCS),missing,missing,missing,missing,missing,missing,missing,missing,missing,MTC
1109,0.0,0.0,0.5532913,0.96704297,1.7940278000000005,2.12532637,1.54966383,1.70457089,1.62288016,s1-procureScaling-h,high,South America_Southern,elec_refined liquids (CC),missing,missing,missing,missing,missing,missing,missing,missing,missing,MTC
1110,1.4521749,2.511041,2.6512521,2.7432748000000005,2.9464576,2.9213886000000007,2.3914891700000003,1.8605404700000003,1.4158580199999995,s1-procureScaling-h,high,South America_Southern,elec_refined liquids (steam/CT),missing,missing,missing,missing,missing,missing,missing,missing,missing,MTC
1111,0.00178318,0.00951019,0.0360758,0.0425582,0.0517302,0.0587455,0.0601783,0.0646824,0.0687701,s1-procureScaling-h,high,South America_Southern,gas pipeline,missing,missing,missing,missing,missing,missing,missing,missing,missing,MTC
1112,0.0125751,0.0,0.00199428,0.00693152,0.0142975,0.0263373,0.0237919,0.0230777,0.0254062,s1-procureScaling-h,high,South America_Southern,gas processing,missing,missing,missing,missing,missing,missing,missing,missing,missing,MTC
1113,7.015594,10.923258,17.52926958,17.64694055,17.73621382,18.40331907,19.4375518,18.251956,17.0704025,s1-procureScaling-h,high,South America_Southern,industrial energy use,missing,missing,missing,missing,missing,missing,missing,missing,missing,MTC
1114,0.39228687,1.29596387,0.06948712,0.09905886,0.13747681,0.17663657,0.17835355,0.19985089,0.22363863,s1-procureScaling-h,high,South America_Southern,industrial feedstocks,missing,missing,missing,missing,missing,missing,missing,missing,missing,MTC
1115,0.6446635000000001,1.1604839999999998,1.845394,2.0568980000000003,2.265431,2.439316,2.248018,2.238366,2.257019,s1-procureScaling-h,high,South America_Southern,process heat cement,missing,missing,missing,missing,missing,missing,missing,missing,missing,MTC
1116,1.31112517,1.93904226,1.8181831,1.96525687,2.04071585,2.17338486,2.2028418,2.4006343400000003,2.55109676,s1-procureScaling-h,high,South America_Southern,refining,missing,missing,missing,missing,missing,missing,missing,missing,missing,MTC
1117,-3.51528,-4.45183,-12.3889,-13.9141,-16.2352,-18.3233,-26.6356,-28.8886,-31.6263,s1-procureScaling-h,high,South America_Southern,regional biomass,missing,missing,missing,missing,missing,missing,missing,missing,missing,MTC
1118,0.0,0.0,-0.759187,-0.953236,-1.26569,-1.54753,-1.75859,-1.80225,-1.76919,s1-procureScaling-h,high,South America_Southern,regional biomassOil,missing,missing,missing,missing,missing,missing,missing,missing,missing,MTC
1119,-0.0123061,-0.0147675,-1.24532,-1.52278,-1.95774,-2.31236,-2.50161,-2.48583,-2.26944,s1-procureScaling-h,high,South America_Southern,regional corn for ethanol,missing,missing,missing,missing,missing,missing,missing,missing,missing,MTC
1120,1.8780836,2.133339,2.598334,2.7705330000000004,2.979226,3.218827,3.258472,3.192971,3.11216,s1-procureScaling-h,high,South America_Southern,resid heating,missing,missing,missing,missing,missing,missing,missing,missing,missing,MTC
1121,0.6316599,0.71055777,0.8235375,0.7683403,0.7375241,0.7447781,0.6820630000000001,0.5980386,0.5288317,s1-procureScaling-h,high,South America_Southern,resid others,missing,missing,missing,missing,missing,missing,missing,missing,missing,MTC
1122,0.434977,0.848325,1.6289,1.84637,2.10489,2.35038,2.52232,2.70273,2.88001,s1-procureScaling-h,high,South America_Southern,trn_aviation_intl,missing,missing,missing,missing,missing,missing,missing,missing,missing,MTC
1123,0.6922203,0.6728558,0.659511,0.72378,0.811639,0.894408,0.893931,0.932851,0.981499,s1-procureScaling-h,high,South America_Southern,trn_freight,missing,missing,missing,missing,missing,missing,missing,missing,missing,MTC
1124,3.3607249999999995,5.507072,10.16144624,11.08975029,11.77118002,12.068909090000002,12.55824319,13.01933181,13.605012800000004,s1-procureScaling-h,high,South America_Southern,trn_freight_road,missing,missing,missing,missing,missing,missing,missing,missing,missing,MTC
1125,0.20592128,0.40083283,0.83079294,1.01013495,1.2365374,1.4743334,1.6006135,1.7476443,1.9046549,s1-procureScaling-h,high,South America_Southern,trn_pass,missing,missing,missing,missing,missing,missing,missing,missing,missing,MTC
1126,0.561300012,0.9307613,2.3708913,2.6455147,2.1966947,1.9580198,1.8513165,1.8294156,1.8107504,s1-procureScaling-h,high,South America_Southern,trn_pass_road,missing,missing,missing,missing,missing,missing,missing,missing,missing,MTC
1127,0.205397,0.336571,0.413064,0.302534,0.241767,0.191528,0.141835,0.105079,0.0783338,s1-procureScaling-h,high,South America_Southern,trn_pass_road_LDV,missing,missing,missing,missing,missing,missing,missing,missing,missing,MTC
1128,3.023328233,5.0264347,8.550830699999999,7.965739400000002,6.839153740000001,6.072380610000001,5.423342009999998,5.44455185,5.538914970000002,s1-procureScaling-h,high,South America_Southern,trn_pass_road_LDV_4W,missing,missing,missing,missing,missing,missing,missing,missing,missing,MTC
1129,0.294088,0.820249,1.88305,1.99461,2.12373,2.25108,2.27866,2.3285,2.38957,s1-procureScaling-h,high,South America_Southern,trn_shipping_intl,missing,missing,missing,missing,missing,missing,missing,missing,missing,MTC
1130,0.0,0.0,0.0,0.0,0.0,0.0,-0.1298437,-0.1586598,-0.1856322,s1-procureScaling-h,high,South Asia,CDR_regional,missing,missing,missing,missing,missing,missing,missing,missing,missing,MTC
1131,0.0,0.0,0.006154248,0.01663766,0.0324298,0.05604877,0.032731037,0.0315815069999999,0.03509736,s1-procureScaling-h,high,South Asia,H2 central production,missing,missing,missing,missing,missing,missing,missing,missing,missing,MTC
1132,0.0,0.0,0.0025186,0.0063307,0.0122075,0.0212216,0.0349813,0.0534566,0.0746494,s1-procureScaling-h,high,South Asia,H2 forecourt production,missing,missing,missing,missing,missing,missing,missing,missing,missing,MTC
1133,0.468387,0.553608,0.3053492,0.3430927,0.3803032,0.4126405,0.4151392,0.41526168,0.4054205900000001,s1-procureScaling-h,high,South Asia,N fertilizer,missing,missing,missing,missing,missing,missing,missing,missing,missing,MTC
1134,0.0,0.0,0.0130276,0.0979048,0.286344,0.545403,1.07772,1.66251,2.226,s1-procureScaling-h,high,South Asia,backup_electricity,missing,missing,missing,missing,missing,missing,missing,missing,missing,MTC
1135,0.0,0.0,0.00245159,0.00310975,0.0037176,0.00390426,0.00684266,0.00804755,0.00970849,s1-procureScaling-h,high,South Asia,biogas pipeline,missing,missing,missing,missing,missing,missing,missing,missing,missing,MTC
1136,0.0,0.0,0.134186,0.168509,0.199414,0.207291,0.359559,0.418471,0.49953,s1-procureScaling-h,high,South Asia,biogas processing,missing,missing,missing,missing,missing,missing,missing,missing,missing,MTC
1137,0.0,0.0,0.83654457,1.96729765,3.3376163200000004,4.805189820000001,6.25561463,7.108634229999998,7.842789020000001,s1-procureScaling-h,high,South Asia,biorefining,missing,missing,missing,missing,missing,missing,missing,missing,missing,MTC
1138,0.13,0.968,1.37117,1.91216,2.55908,3.29241,2.6955653,2.521322,2.535435,s1-procureScaling-h,high,South Asia,cement,missing,missing,missing,missing,missing,missing,missing,missing,missing,MTC
1139,0.2489549,0.2128918,0.3167624,0.4185504,0.540611,0.680798,0.7947580000000001,0.939387,1.106968,s1-procureScaling-h,high,South Asia,comm heating,missing,missing,missing,missing,missing,missing,missing,missing,missing,MTC
1140,0.3544713,0.4121258,0.6390941,0.6405577,0.6457419999999999,0.6812400000000001,0.5523983,0.5056975,0.485392,s1-procureScaling-h,high,South Asia,comm others,missing,missing,missing,missing,missing,missing,missing,missing,missing,MTC
1141,0.0002139201,0.000677264,0.0006012000000000001,0.0006081680000000001,0.000649253,0.0007080739999999999,0.000699101,0.000722303,0.000744703,s1-procureScaling-h,high,South Asia,desalinated water,missing,missing,missing,missing,missing,missing,missing,missing,missing,MTC
1142,0.0,0.0,0.0,0.0,0.0,0.0,0.0385820312,0.069278793783,0.093989202102,s1-procureScaling-h,high,South Asia,elec_biomass (IGCC CCS),missing,missing,missing,missing,missing,missing,missing,missing,missing,MTC
1143,0.0,0.0,0.0,0.04287742,0.100271168,0.15779035,0.217729025,0.2758702010000001,0.3425897579999999,s1-procureScaling-h,high,South Asia,elec_biomass (IGCC),missing,missing,missing,missing,missing,missing,missing,missing,missing,MTC
1144,0.0,0.0,0.0,0.0,0.0,0.0,0.006201819,0.0206449201,0.0474496371,s1-procureScaling-h,high,South Asia,elec_biomass (conv CCS),missing,missing,missing,missing,missing,missing,missing,missing,missing,MTC
1145,0.004084749,0.003851093,0.1956012651999999,0.3664401705999999,0.5455725126,0.6783879501599999,0.7919575023100001,0.7745320089900003,0.75710553551,s1-procureScaling-h,high,South Asia,elec_biomass (conv),missing,missing,missing,missing,missing,missing,missing,missing,missing,MTC
1146,0.0,0.0,0.0,0.0,0.0,0.0,0.00613349355,0.0174379604499999,0.03359439426,s1-procureScaling-h,high,South Asia,elec_coal (IGCC CCS),missing,missing,missing,missing,missing,missing,missing,missing,missing,MTC
1147,0.0,0.0,0.0,0.43313964,0.8774037800000001,1.246338619,1.6077375899999995,1.8315596910000005,1.958459494,s1-procureScaling-h,high,South Asia,elec_coal (IGCC),missing,missing,missing,missing,missing,missing,missing,missing,missing,MTC
1148,0.0,0.0,0.0,0.0,0.0,0.0,0.0071516353,0.0184575216,0.0328401656,s1-procureScaling-h,high,South Asia,elec_coal (conv pul CCS),missing,missing,missing,missing,missing,missing,missing,missing,missing,MTC
1149,0.0,0.13132119,5.038781999999999,6.3176992,7.439292429999999,8.1828345,8.18991567,7.579691281999998,6.926979639000002,s1-procureScaling-h,high,South Asia,elec_coal (conv pul),missing,missing,missing,missing,missing,missing,missing,missing,missing,MTC
1150,0.0,0.0,0.0,0.0,0.0,0.0,0.1982124209999999,0.4027916667999999,0.6073798651,s1-procureScaling-h,high,South Asia,elec_gas (CC CCS),missing,missing,missing,missing,missing,missing,missing,missing,missing,MTC
1151,0.2242633399999999,0.8538607,1.18347734,2.7690081711,5.157418090200002,7.786999615700001,9.4046045556,10.807112142400005,12.1354398572,s1-procureScaling-h,high,South Asia,elec_gas (CC),missing,missing,missing,missing,missing,missing,missing,missing,missing,MTC
1152,0.7736934,2.473155,9.756067430000002,10.7103217975,11.058071397600004,11.03004140055,8.545610820899999,6.937233506519999,5.435825987069999,s1-procureScaling-h,high,South Asia,elec_gas (steam/CT),missing,missing,missing,missing,missing,missing,missing,missing,missing,MTC
1153,0.0,0.0,0.0,0.0,0.0,0.0,0.08481919,0.1002014688,0.110688476,s1-procureScaling-h,high,South Asia,elec_refined liquids (CC CCS),missing,missing,missing,missing,missing,missing,missing,missing,missing,MTC
1154,0.0,0.0,0.443598,0.74883485,1.1164264899999998,1.3657167999999995,1.093334781,1.083340721,1.121324742,s1-procureScaling-h,high,South Asia,elec_refined liquids (CC),missing,missing,missing,missing,missing,missing,missing,missing,missing,MTC
1155,0.5031556,2.5489187,2.8665462,2.8191061,2.5609891799999995,2.3585649300000004,1.79603006,1.414024496,1.0943861629999998,s1-procureScaling-h,high,South Asia,elec_refined liquids (steam/CT),missing,missing,missing,missing,missing,missing,missing,missing,missing,MTC
1156,0.115313,0.172973,0.40091,0.496563,0.613763,0.74274,0.816617,0.928459,1.04456,s1-procureScaling-h,high,South Asia,gas pipeline,missing,missing,missing,missing,missing,missing,missing,missing,missing,MTC
1157,0.00209608,0.0349299,0.00571215,0.027555,0.061721,0.1148,0.102975,0.0992144,0.108851,s1-procureScaling-h,high,South Asia,gas processing,missing,missing,missing,missing,missing,missing,missing,missing,missing,MTC
1158,1.833299,4.115429,12.40030369,16.1014932,19.6318722,23.892659,25.9859434,27.709698900000003,29.2804212,s1-procureScaling-h,high,South Asia,industrial energy use,missing,missing,missing,missing,missing,missing,missing,missing,missing,MTC
1159,0.453838,0.923687,0.997589,1.58294,2.37971,3.37588,4.37777,5.6469,7.12842,s1-procureScaling-h,high,South Asia,industrial feedstocks,missing,missing,missing,missing,missing,missing,missing,missing,missing,MTC
1160,0.099359965,0.68356238,1.1394463,1.5733412999999998,2.0731831,2.6245011,2.6777416,3.0064295000000003,3.4676456,s1-procureScaling-h,high,South Asia,process heat cement,missing,missing,missing,missing,missing,missing,missing,missing,missing,MTC
1161,0.202639,0.230482,0.2429325,0.4201704,0.5787351399999999,0.7974864800000001,1.00692291,1.2945291800000007,1.58330729,s1-procureScaling-h,high,South Asia,refining,missing,missing,missing,missing,missing,missing,missing,missing,missing,MTC
1162,-1.04061,-2.25927,-5.46731,-8.51752,-11.8364,-15.3417,-22.9123,-27.2039,-31.5705,s1-procureScaling-h,high,South Asia,regional biomass,missing,missing,missing,missing,missing,missing,missing,missing,missing,MTC
1163,0.0,0.0,-0.122313,-0.155996,-0.195108,-0.238846,-0.263349,-0.271226,-0.271311,s1-procureScaling-h,high,South Asia,regional biomassOil,missing,missing,missing,missing,missing,missing,missing,missing,missing,MTC
1164,0.0,0.0,-0.0382839,-0.0572416,-0.0918053,-0.144785,-0.182637,-0.220331,-0.278321,s1-procureScaling-h,high,South Asia,regional corn for ethanol,missing,missing,missing,missing,missing,missing,missing,missing,missing,MTC
1165,0.17451782,0.3045659,0.403059,0.5519259999999999,0.7367539999999999,0.950321,1.119242,1.343171,1.607784,s1-procureScaling-h,high,South Asia,resid heating,missing,missing,missing,missing,missing,missing,missing,missing,missing,MTC
1166,0.6272161,1.5035258699999998,2.7522456900000005,3.21102955,3.81339704,4.54627125,4.752986476999999,5.133843827,5.484068355,s1-procureScaling-h,high,South Asia,resid others,missing,missing,missing,missing,missing,missing,missing,missing,missing,MTC
1167,0.2968,0.838193,1.16816,1.51816,1.90865,2.33847,2.73047,3.18414,3.69066,s1-procureScaling-h,high,South Asia,trn_aviation_intl,missing,missing,missing,missing,missing,missing,missing,missing,missing,MTC
1168,0.1151839799999999,0.3700729,0.6201475,0.7517096,0.8900939,1.0390271,1.0816327,1.175425,1.2891967999999998,s1-procureScaling-h,high,South Asia,trn_freight,missing,missing,missing,missing,missing,missing,missing,missing,missing,MTC
1169,0.5272415,1.325503,3.1066131999999995,3.68639431,4.175555968,4.557020971,5.094323172,5.659007500000001,6.31932059,s1-procureScaling-h,high,South Asia,trn_freight_road,missing,missing,missing,missing,missing,missing,missing,missing,missing,MTC
1170,0.02685193,0.0732294,0.1330728,0.1836581,0.2441711,0.3165352999999999,0.3755531,0.4488672,0.537065,s1-procureScaling-h,high,South Asia,trn_pass,missing,missing,missing,missing,missing,missing,missing,missing,missing,MTC
1171,0.167295,0.4443635,1.590682,1.874493,1.779316,1.818952,1.921949,2.05501,2.181996,s1-procureScaling-h,high,South Asia,trn_pass_road,missing,missing,missing,missing,missing,missing,missing,missing,missing,MTC
1172,0.331491,0.8356806,1.3602429,1.1982482,1.2451704,1.1853224999999998,1.0112137,0.886075,0.774928,s1-procureScaling-h,high,South Asia,trn_pass_road_LDV,missing,missing,missing,missing,missing,missing,missing,missing,missing,MTC
1173,0.3231862,0.83397257,1.7282532900000005,1.86006927,2.0842975,2.2581277300000004,2.40709447,2.7386714000000003,3.12859933,s1-procureScaling-h,high,South Asia,trn_pass_road_LDV_4W,missing,missing,missing,missing,missing,missing,missing,missing,missing,MTC
1174,0.295244,0.247483,1.3555,1.50555,1.65145,1.79953,1.8744,1.97089,2.07743,s1-procureScaling-h,high,South Asia,trn_shipping_intl,missing,missing,missing,missing,missing,missing,missing,missing,missing,MTC
1175,0.0,0.0,0.0,0.0,0.0,0.0,-0.0917783,-0.0976333,-0.0984424999999999,s1-procureScaling-h,high,South Korea,CDR_regional,missing,missing,missing,missing,missing,missing,missing,missing,missing,MTC
1176,0.0,0.0,0.3674733,0.7651600000000001,1.162432,1.593685,1.67643141,1.76617461,1.79342472,s1-procureScaling-h,high,South Korea,H2 central production,missing,missing,missing,missing,missing,missing,missing,missing,missing,MTC
1177,0.0,0.0,0.153281,0.32106,0.495822,0.69123,1.00242,1.27573,1.48642,s1-procureScaling-h,high,South Korea,H2 forecourt production,missing,missing,missing,missing,missing,missing,missing,missing,missing,MTC
1178,0.5802934999999999,0.220551,0.0933089999999999,0.09337242,0.09146981,0.08716818,0.081123883,0.075195915,0.06947993,s1-procureScaling-h,high,South Korea,N fertilizer,missing,missing,missing,missing,missing,missing,missing,missing,missing,MTC
1179,0.0,0.0,0.0242892,0.0518537,0.163506,0.324572,0.610931,0.842355,1.03272,s1-procureScaling-h,high,South Korea,backup_electricity,missing,missing,missing,missing,missing,missing,missing,missing,missing,MTC
1180,0.0,0.0,0.0813328,0.0817833,0.0825397,0.0763821,0.120944,0.126454,0.129043,s1-procureScaling-h,high,South Korea,biogas processing,missing,missing,missing,missing,missing,missing,missing,missing,missing,MTC
1181,0.0,0.0,1.1539157999999998,2.4546146,4.3863639,5.849225600000001,6.972625889999999,7.725037949999999,8.27808791,s1-procureScaling-h,high,South Korea,biorefining,missing,missing,missing,missing,missing,missing,missing,missing,missing,MTC
1182,4.57,6.989,5.82402,5.6798,5.53724,5.37328,4.36191359,3.7826218,3.3206171,s1-procureScaling-h,high,South Korea,cement,missing,missing,missing,missing,missing,missing,missing,missing,missing,MTC
1183,0.00606061,0.133285,0.138751,0.11245,0.08972,0.0746686,0.0586058,0.0466934,0.0365382,s1-procureScaling-h,high,South Korea,comm cooling,missing,missing,missing,missing,missing,missing,missing,missing,missing,MTC
1184,3.1449873,3.979719,4.01382,4.000237,3.840744,3.702255,3.4920660000000003,3.200861,2.914598,s1-procureScaling-h,high,South Korea,comm heating,missing,missing,missing,missing,missing,missing,missing,missing,missing,MTC
1185,3.6731917,3.8322008,2.616061,2.458621,2.185205,2.0277293,1.7222703,1.4653988,1.228989,s1-procureScaling-h,high,South Korea,comm others,missing,missing,missing,missing,missing,missing,missing,missing,missing,MTC
1186,5.9721452e-05,0.0001202,0.0001719655,0.000230432,0.00026127,0.000288713,0.000268086,0.000255869,0.000241293,s1-procureScaling-h,high,South Korea,desalinated water,missing,missing,missing,missing,missing,missing,missing,missing,missing,MTC
1187,0.0,0.0,0.0,0.0,0.0,0.0,0.0017698116999999,0.003041019,0.0036986516,s1-procureScaling-h,high,South Korea,elec_biomass (IGCC CCS),missing,missing,missing,missing,missing,missing,missing,missing,missing,MTC
1188,0.0,0.0,0.0,0.029021592,0.067040519,0.094636157,0.157482624,0.2074653219999999,0.245178341,s1-procureScaling-h,high,South Korea,elec_biomass (IGCC),missing,missing,missing,missing,missing,missing,missing,missing,missing,MTC
1189,0.0,0.0,0.0,0.0,0.0,0.0,0.0002642636,0.00061956939,0.00103375144,s1-procureScaling-h,high,South Korea,elec_biomass (conv CCS),missing,missing,missing,missing,missing,missing,missing,missing,missing,MTC
1190,0.0,0.0096280575,0.64074193,0.69147424,0.72120081,0.6858345929999999,0.7713017869999997,0.6832145279999999,0.5825234069999998,s1-procureScaling-h,high,South Korea,elec_biomass (conv),missing,missing,missing,missing,missing,missing,missing,missing,missing,MTC
1191,0.0,0.0,0.0,0.0,0.0,0.0,0.0006305804,0.0019251069,0.0036813189999999,s1-procureScaling-h,high,South Korea,elec_coal (IGCC CCS),missing,missing,missing,missing,missing,missing,missing,missing,missing,MTC
1192,0.0,0.0,0.0,1.4032507,2.9182823,3.9552031,5.0878269,5.8398328,6.226614800000001,s1-procureScaling-h,high,South Korea,elec_coal (IGCC),missing,missing,missing,missing,missing,missing,missing,missing,missing,MTC
1193,0.0,0.0,0.0,0.0,0.0,0.0,0.0004521779,0.0012224907699999,0.00214209884,s1-procureScaling-h,high,South Korea,elec_coal (conv pul CCS),missing,missing,missing,missing,missing,missing,missing,missing,missing,MTC
1194,4.484413099999999,37.065909000000005,61.535889,63.5600445,64.38599030000002,62.2882633,57.70311490000001,49.865311,40.41531380000001,s1-procureScaling-h,high,South Korea,elec_coal (conv pul),missing,missing,missing,missing,missing,missing,missing,missing,missing,MTC
1195,0.0,0.0,0.0,0.0,0.0,0.0,0.0008931092200000001,0.0023286855379999,0.0040640209269999,s1-procureScaling-h,high,South Korea,elec_gas (CC CCS),missing,missing,missing,missing,missing,missing,missing,missing,missing,MTC
1196,0.8514367,5.7574689,11.11390316,11.686465453,12.142094834999996,11.9008588783,11.5299021627,10.9959172067,10.384621575800002,s1-procureScaling-h,high,South Korea,elec_gas (CC),missing,missing,missing,missing,missing,missing,missing,missing,missing,MTC
1197,0.35942035,0.4447912599999999,0.1291373699,0.1300815104213999,0.1291638751763,0.1230518402661999,0.1072252525957999,0.094837523807,0.0820513501011,s1-procureScaling-h,high,South Korea,elec_gas (steam/CT),missing,missing,missing,missing,missing,missing,missing,missing,missing,MTC
1198,0.0,0.0,0.0,0.0,0.0,0.0,0.006060236,0.0065980924,0.0058487394399999,s1-procureScaling-h,high,South Korea,elec_refined liquids (CC CCS),missing,missing,missing,missing,missing,missing,missing,missing,missing,MTC
1199,0.0,0.0,0.10972578,0.1602371889999999,0.2718719899999999,0.320097883,0.384219794,0.39728531,0.3818838169999999,s1-procureScaling-h,high,South Korea,elec_refined liquids (CC),missing,missing,missing,missing,missing,missing,missing,missing,missing,MTC
1200,3.7011996,4.1294676,1.28354545,1.1558805600000002,1.0180436300000002,0.91580447,0.731598178,0.555652956,0.4128653610000001,s1-procureScaling-h,high,South Korea,elec_refined liquids (steam/CT),missing,missing,missing,missing,missing,missing,missing,missing,missing,MTC
1201,0.0125755,0.056588,0.00666565,0.0169553,0.0273716,0.0410023,0.0319366,0.0256987,0.0252916,s1-procureScaling-h,high,South Korea,gas processing,missing,missing,missing,missing,missing,missing,missing,missing,missing,MTC
1202,22.252071,32.392189,43.12716982,40.77984319999999,37.13512723,35.75040443,28.121754400000004,23.2525652,19.808514700000003,s1-procureScaling-h,high,South Korea,industrial energy use,missing,missing,missing,missing,missing,missing,missing,missing,missing,MTC
1203,0.0,0.0,0.588374,0.576356,0.552939,0.526545,0.264076,0.189136,0.151382,s1-procureScaling-h,high,South Korea,industrial feedstocks,missing,missing,missing,missing,missing,missing,missing,missing,missing,MTC
1204,3.6622048,4.7155262,4.9495666,4.7535967,4.5559311,4.3433682000000005,3.3923796,2.8986403,2.5535269,s1-procureScaling-h,high,South Korea,process heat cement,missing,missing,missing,missing,missing,missing,missing,missing,missing,MTC
1205,0.552146,4.1093159770000005,8.076424,7.980349707,7.519989972999999,7.114293483,6.482671316,5.661283226999999,4.7848434090000005,s1-procureScaling-h,high,South Korea,refining,missing,missing,missing,missing,missing,missing,missing,missing,missing,MTC
1206,-0.708772,-2.08036,-7.3195,-9.32325,-12.105,-14.1877,-17.6185,-19.2645,-20.7501,s1-procureScaling-h,high,South Korea,regional biomass,missing,missing,missing,missing,missing,missing,missing,missing,missing,MTC
1207,0.0,-0.00930427,-0.958694,-1.16883,-1.43069,-1.61357,-1.68247,-1.64002,-1.43712,s1-procureScaling-h,high,South Korea,regional biomassOil,missing,missing,missing,missing,missing,missing,missing,missing,missing,MTC
1208,0.0,0.0,-0.235538,-0.344637,-0.567614,-0.77793,-0.907732,-1.01751,-1.14122,s1-procureScaling-h,high,South Korea,regional corn for ethanol,missing,missing,missing,missing,missing,missing,missing,missing,missing,MTC
1209,4.609191000000001,5.4890521,5.646458,5.951372,6.050579000000001,6.060398,5.8059133,5.5212861,5.1825344,s1-procureScaling-h,high,South Korea,resid heating,missing,missing,missing,missing,missing,missing,missing,missing,missing,MTC
1210,7.487928699999999,3.4909077,3.4873708,3.6595427,3.6392324,3.6423336,3.1334598,2.8368332000000005,2.5221319,s1-procureScaling-h,high,South Korea,resid others,missing,missing,missing,missing,missing,missing,missing,missing,missing,MTC
1211,0.153014,0.255601,0.420781,0.454493,0.480793,0.496614,0.495278,0.491876,0.483906,s1-procureScaling-h,high,South Korea,trn_aviation_intl,missing,missing,missing,missing,missing,missing,missing,missing,missing,MTC
1212,1.3795133,0.7939514999999999,0.2917304,0.3189929999999999,0.346367,0.368732,0.349523,0.346471,0.344617,s1-procureScaling-h,high,South Korea,trn_freight,missing,missing,missing,missing,missing,missing,missing,missing,missing,MTC
1213,2.56769,6.23708,8.075259,8.744929,9.0317156,8.9516952,9.0236552,9.011052,9.01855,s1-procureScaling-h,high,South Korea,trn_freight_road,missing,missing,missing,missing,missing,missing,missing,missing,missing,MTC
1214,1.7187228,2.916079,4.981174,5.486333,5.884157,6.139284,6.007871,5.897514999999999,5.748912,s1-procureScaling-h,high,South Korea,trn_pass,missing,missing,missing,missing,missing,missing,missing,missing,missing,MTC
1215,1.66828,4.242344,7.128509,7.537380000000001,5.9216370000000005,5.130381999999999,4.740313,4.494078,4.285571,s1-procureScaling-h,high,South Korea,trn_pass_road,missing,missing,missing,missing,missing,missing,missing,missing,missing,MTC
1216,0.133255,0.323685,0.259359,0.198855,0.189923,0.169093,0.144909,0.126526,0.110778,s1-procureScaling-h,high,South Korea,trn_pass_road_LDV,missing,missing,missing,missing,missing,missing,missing,missing,missing,MTC
1217,4.49544,10.92218563,10.263457209,8.680471371000001,7.23974639,6.063090045999998,4.968166105999999,4.7579028800000005,4.495163930000001,s1-procureScaling-h,high,South Korea,trn_pass_road_LDV_4W,missing,missing,missing,missing,missing,missing,missing,missing,missing,MTC
1218,1.29427,8.15943,6.99139,7.36779,7.7039,7.99488,7.83741,7.7923,7.7566,s1-procureScaling-h,high,South Korea,trn_shipping_intl,missing,missing,missing,missing,missing,missing,missing,missing,missing,MTC
1219,0.0,0.0,0.0,0.0,0.0,0.0,-0.712609,-0.838983,-0.955203,s1-procureScaling-h,high,Southeast Asia,CDR_regional,missing,missing,missing,missing,missing,missing,missing,missing,missing,MTC
1220,0.0,0.0,0.04015797,0.0983269,0.1729248,0.2679392,0.143377501,0.12663578,0.1290388999999999,s1-procureScaling-h,high,Southeast Asia,H2 central production,missing,missing,missing,missing,missing,missing,missing,missing,missing,MTC
1221,0.0,0.0,0.0163237,0.0384473,0.0685541,0.106906,0.16345,0.231306,0.300542,s1-procureScaling-h,high,Southeast Asia,H2 forecourt production,missing,missing,missing,missing,missing,missing,missing,missing,missing,MTC
1222,1.43074132,1.0195556,2.1648541000000003,2.4339227999999995,2.698678899999999,2.9411632,2.8641924,2.74010608,2.52145496,s1-procureScaling-h,high,Southeast Asia,N fertilizer,missing,missing,missing,missing,missing,missing,missing,missing,missing,MTC
1223,0.0,0.0,0.0418117,0.198056,0.683449,1.31462,2.58585,4.02277,5.51018,s1-procureScaling-h,high,Southeast Asia,backup_electricity,missing,missing,missing,missing,missing,missing,missing,missing,missing,MTC
1224,0.0,0.0,0.00765734,0.00862246,0.0101663,0.0105643,0.0178467,0.0231958,0.0274943,s1-procureScaling-h,high,Southeast Asia,biogas pipeline,missing,missing,missing,missing,missing,missing,missing,missing,missing,MTC
1225,0.0,0.0,0.365664,0.407637,0.475773,0.48936,0.81818,1.05234,1.23424,s1-procureScaling-h,high,Southeast Asia,biogas processing,missing,missing,missing,missing,missing,missing,missing,missing,missing,MTC
1226,0.0,0.0,2.8807280000000004,7.650925000000001,15.566329,23.484174000000003,32.737328999999995,38.0683878,43.17596370000001,s1-procureScaling-h,high,Southeast Asia,biorefining,missing,missing,missing,missing,missing,missing,missing,missing,missing,MTC
1227,6.971,14.831,17.8728,19.9322,21.7745,23.3701,15.855516,12.10243,9.79217,s1-procureScaling-h,high,Southeast Asia,cement,missing,missing,missing,missing,missing,missing,missing,missing,missing,MTC
1228,3.796645,3.63103102,1.512052761,1.5899301519999998,1.6002605739999998,1.631669106,0.7172503000000001,0.4806425,0.3835494,s1-procureScaling-h,high,Southeast Asia,comm heating,missing,missing,missing,missing,missing,missing,missing,missing,missing,MTC
1229,3.4070096,4.3785983,6.1033257,6.400097,6.342142,6.411220999999999,5.859682,5.2597992,4.7532364,s1-procureScaling-h,high,Southeast Asia,comm others,missing,missing,missing,missing,missing,missing,missing,missing,missing,MTC
1230,0.008548438,0.03637159,0.0575623,0.0758932,0.0961007,0.1227551,0.1313412,0.1438517,0.1548733,s1-procureScaling-h,high,Southeast Asia,desalinated water,missing,missing,missing,missing,missing,missing,missing,missing,missing,MTC
1231,0.0,0.0,0.0,0.0,0.0,0.0,0.15877356,0.30052947,0.40211678,s1-procureScaling-h,high,Southeast Asia,elec_biomass (IGCC CCS),missing,missing,missing,missing,missing,missing,missing,missing,missing,MTC
1232,0.0,0.0,0.0,0.39136435,0.7977184599999999,1.1107517999999998,1.3442857499999996,1.56705295,1.75642003,s1-procureScaling-h,high,Southeast Asia,elec_biomass (IGCC),missing,missing,missing,missing,missing,missing,missing,missing,missing,MTC
1233,0.0,0.0,0.0,0.0,0.0,0.0,0.02598864,0.09348845,0.2052293399999999,s1-procureScaling-h,high,Southeast Asia,elec_biomass (conv CCS),missing,missing,missing,missing,missing,missing,missing,missing,missing,MTC
1234,0.25767948,1.56445688,3.88524774,4.599076878999999,5.34087627,5.597570113000001,5.9723349592,5.391754711400002,4.813112607300001,s1-procureScaling-h,high,Southeast Asia,elec_biomass (conv),missing,missing,missing,missing,missing,missing,missing,missing,missing,MTC
1235,0.0,0.0,0.0,0.0,0.0,0.0,0.053697255,0.1823265059999999,0.367693493,s1-procureScaling-h,high,Southeast Asia,elec_coal (IGCC CCS),missing,missing,missing,missing,missing,missing,missing,missing,missing,MTC
1236,0.0,0.0,0.0,3.8912999,8.368186,12.1581136,15.1771501,17.549054299999998,18.935884800000004,s1-procureScaling-h,high,Southeast Asia,elec_coal (IGCC),missing,missing,missing,missing,missing,missing,missing,missing,missing,MTC
1237,0.0,0.0,0.0,0.0,0.0,0.0,0.06292047,0.19307017,0.36210159,s1-procureScaling-h,high,Southeast Asia,elec_coal (conv pul CCS),missing,missing,missing,missing,missing,missing,missing,missing,missing,MTC
1238,9.672327,23.775956,76.47675499999998,86.946485,96.909088,102.65471,101.42384800000002,94.7130999,84.52809299999998,s1-procureScaling-h,high,Southeast Asia,elec_coal (conv pul),missing,missing,missing,missing,missing,missing,missing,missing,missing,MTC
1239,0.0,0.0,0.0,0.0,0.0,0.0,0.0509016059999999,0.1631032394,0.3262155419999999,s1-procureScaling-h,high,Southeast Asia,elec_gas (CC CCS),missing,missing,missing,missing,missing,missing,missing,missing,missing,MTC
1240,1.4401835439,15.149339,20.27255577,24.306279109,29.0059970864,32.35048410670001,34.668896876,37.19649519499999,39.10291883599997,s1-procureScaling-h,high,Southeast Asia,elec_gas (CC),missing,missing,missing,missing,missing,missing,missing,missing,missing,MTC
1241,2.1761409659,11.7429113,24.620769200000005,26.2318711619,28.5405168451,29.28380530389999,26.467095821000004,24.2031098177,21.0155210718,s1-procureScaling-h,high,Southeast Asia,elec_gas (steam/CT),missing,missing,missing,missing,missing,missing,missing,missing,missing,MTC
1242,0.0,0.0,0.0,0.0,0.0,0.0,0.10301426,0.155333399,0.180958663,s1-procureScaling-h,high,Southeast Asia,elec_refined liquids (CC CCS),missing,missing,missing,missing,missing,missing,missing,missing,missing,MTC
1243,0.0,0.0,0.6001871,0.87283214,1.5118375700000002,1.94357392,1.5319230600000002,1.70634327,1.76235986,s1-procureScaling-h,high,Southeast Asia,elec_refined liquids (CC),missing,missing,missing,missing,missing,missing,missing,missing,missing,MTC
1244,11.0286081,6.7762283,2.07471362,2.10651214,2.2800814,2.309885590000001,1.9760607000000003,1.7351564799999994,1.4927563999999998,s1-procureScaling-h,high,Southeast Asia,elec_refined liquids (steam/CT),missing,missing,missing,missing,missing,missing,missing,missing,missing,MTC
1245,2.27657,0.781039,1.86762,2.09786,2.40961,2.64555,2.70829,2.85651,2.95543,s1-procureScaling-h,high,Southeast Asia,gas pipeline,missing,missing,missing,missing,missing,missing,missing,missing,missing,MTC
1246,0.0,0.000699252,0.0153303,0.0616201,0.116127,0.202116,0.170037,0.161516,0.181801,s1-procureScaling-h,high,Southeast Asia,gas processing,missing,missing,missing,missing,missing,missing,missing,missing,missing,MTC
1247,49.14790000000001,66.9243725,97.4744782343,113.103477982,124.57644384450002,135.8968238953,140.725125237,141.634409681,141.841468991,s1-procureScaling-h,high,Southeast Asia,industrial energy use,missing,missing,missing,missing,missing,missing,missing,missing,missing,MTC
1248,0.243425,0.647663,4.31608,4.85167,5.56973,6.1311,5.62269,5.60033,5.59031,s1-procureScaling-h,high,Southeast Asia,industrial feedstocks,missing,missing,missing,missing,missing,missing,missing,missing,missing,MTC
1249,5.277255,10.652685000000002,14.880291,16.394843,17.605413,18.592878,15.84975,14.978174,14.562678000000002,s1-procureScaling-h,high,Southeast Asia,process heat cement,missing,missing,missing,missing,missing,missing,missing,missing,missing,MTC
1250,3.03445,8.512588000000001,7.4151019,8.890921,9.9773889,11.448167799999998,12.454712799999996,14.0248485,15.4033927,s1-procureScaling-h,high,Southeast Asia,refining,missing,missing,missing,missing,missing,missing,missing,missing,missing,MTC
1251,-22.0697,-25.3418,-50.599,-65.2064,-82.0514,-98.0859,-141.325,-162.91,-185.269,s1-procureScaling-h,high,Southeast Asia,regional biomass,missing,missing,missing,missing,missing,missing,missing,missing,missing,MTC
1252,0.0,0.0,-4.2835,-5.7487,-7.97108,-10.2178,-11.8294,-12.5631,-12.8297,s1-procureScaling-h,high,Southeast Asia,regional biomassOil,missing,missing,missing,missing,missing,missing,missing,missing,missing,MTC
1253,0.0,-0.028714,-2.16468,-2.82531,-3.8412,-4.70823,-5.12918,-5.26905,-5.06468,s1-procureScaling-h,high,Southeast Asia,regional sugar for ethanol,missing,missing,missing,missing,missing,missing,missing,missing,missing,MTC
1254,0.16625158002,0.18821779998,0.2660101439,0.3032461663999999,0.3317959890999999,0.3581112048,0.3341982773,0.3289624988,0.3360521851,s1-procureScaling-h,high,Southeast Asia,resid heating,missing,missing,missing,missing,missing,missing,missing,missing,missing,MTC
1255,7.047524200000001,8.658873499999999,11.9417513,12.9426598,13.061898,13.238183,11.796759,10.32437,9.203934,s1-procureScaling-h,high,Southeast Asia,resid others,missing,missing,missing,missing,missing,missing,missing,missing,missing,MTC
1256,4.01965,8.76289,16.564,20.1929,23.8425,27.4821,30.2173,33.1471,36.0743,s1-procureScaling-h,high,Southeast Asia,trn_aviation_intl,missing,missing,missing,missing,missing,missing,missing,missing,missing,MTC
1257,1.1087221,1.614122,2.79837,3.28362,3.77349,4.25179,4.30697,4.53549,4.80702,s1-procureScaling-h,high,Southeast Asia,trn_freight,missing,missing,missing,missing,missing,missing,missing,missing,missing,MTC
1258,7.21331,16.01026,25.15097064312,28.612948996890005,31.02700775071,32.41798420000001,34.491168800000004,36.5564086,38.9280678,s1-procureScaling-h,high,Southeast Asia,trn_freight_road,missing,missing,missing,missing,missing,missing,missing,missing,missing,MTC
1259,0.452957,1.124495,2.819273,3.712596,4.715384,5.836713,6.579415,7.442666,8.377538,s1-procureScaling-h,high,Southeast Asia,trn_pass,missing,missing,missing,missing,missing,missing,missing,missing,missing,MTC
1260,2.48107677,5.6114462,11.610212,12.73912,10.627576,9.759762,9.510018,9.559213,9.614668,s1-procureScaling-h,high,Southeast Asia,trn_pass_road,missing,missing,missing,missing,missing,missing,missing,missing,missing,MTC
1261,4.147168397500001,9.09421003,9.691889,8.012468,7.750748,7.062697,5.9418750000000005,5.067912,4.339465000000001,s1-procureScaling-h,high,Southeast Asia,trn_pass_road_LDV,missing,missing,missing,missing,missing,missing,missing,missing,missing,MTC
1262,4.1341763309,9.133179549999998,11.580900900000003,11.316837299999998,11.21252332,11.01214819,10.66312777,11.072597710000002,11.533277089999997,s1-procureScaling-h,high,Southeast Asia,trn_pass_road_LDV_4W,missing,missing,missing,missing,missing,missing,missing,missing,missing,MTC
1263,10.8921,26.435,51.8179,56.5045,60.8501,65.0464,66.2757,68.1664,70.2591,s1-procureScaling-h,high,Southeast Asia,trn_shipping_intl,missing,missing,missing,missing,missing,missing,missing,missing,missing,MTC
1264,0.0,0.0,0.0,0.0,0.0,0.0,-0.1462465,-0.1197636,-0.092087,s1-procureScaling-h,high,Taiwan,CDR_regional,missing,missing,missing,missing,missing,missing,missing,missing,missing,MTC
1265,0.0,0.0,0.004045686,0.008582249,0.01338439,0.01871871,0.01393275,0.0170721999999999,0.020894016,s1-procureScaling-h,high,Taiwan,H2 central production,missing,missing,missing,missing,missing,missing,missing,missing,missing,MTC
1266,0.0,0.0,0.0016101,0.00344258,0.00546764,0.0077835,0.0125072,0.0166747,0.019434,s1-procureScaling-h,high,Taiwan,H2 forecourt production,missing,missing,missing,missing,missing,missing,missing,missing,missing,MTC
1267,0.0562588,0.0609838,0.0584678999999999,0.06059833,0.06275296,0.06252622,0.06042619,0.0579231189999999,0.054994602,s1-procureScaling-h,high,Taiwan,N fertilizer,missing,missing,missing,missing,missing,missing,missing,missing,missing,MTC
1268,0.0,0.0,0.0137425,0.028978,0.0878611,0.169758,0.343358,0.49169,0.589043,s1-procureScaling-h,high,Taiwan,backup_electricity,missing,missing,missing,missing,missing,missing,missing,missing,missing,MTC
1269,0.0,0.0,0.0714993,0.0448509,0.0423228,0.032625,0.0636012,0.0732635,0.0766568,s1-procureScaling-h,high,Taiwan,biogas processing,missing,missing,missing,missing,missing,missing,missing,missing,missing,MTC
1270,0.0,0.0,0.3162825,0.77969812,1.49312974,2.02562451,2.6496176199999995,2.8520775200000004,3.0055488999999995,s1-procureScaling-h,high,Taiwan,biorefining,missing,missing,missing,missing,missing,missing,missing,missing,missing,MTC
1271,2.516,2.705,1.91496,1.91285,1.91645,1.91711,1.4102592,1.2892277,1.2592660999999998,s1-procureScaling-h,high,Taiwan,cement,missing,missing,missing,missing,missing,missing,missing,missing,missing,MTC
1272,0.3309920999999999,0.3676861,0.4343513,0.501526,0.538935,0.561156,0.570677,0.567874,0.555609,s1-procureScaling-h,high,Taiwan,comm heating,missing,missing,missing,missing,missing,missing,missing,missing,missing,MTC
1273,0.6361931599999999,0.751023,0.807992,0.8477030000000001,0.804357,0.785534,0.763136,0.6801790000000001,0.5721069999999999,s1-procureScaling-h,high,Taiwan,comm others,missing,missing,missing,missing,missing,missing,missing,missing,missing,MTC
1274,0.0,0.0,0.0,0.0,0.0,0.0,0.016929145,0.024671876,0.0243474649999999,s1-procureScaling-h,high,Taiwan,elec_biomass (IGCC CCS),missing,missing,missing,missing,missing,missing,missing,missing,missing,MTC
1275,0.0,0.0,0.0,0.0761805899999999,0.13858412,0.1694154399999999,0.23051075,0.2918352999999999,0.347411743,s1-procureScaling-h,high,Taiwan,elec_biomass (IGCC),missing,missing,missing,missing,missing,missing,missing,missing,missing,MTC
1276,0.0,0.0,0.0,0.0,0.0,0.0,0.002996807,0.005759366,0.006151699,s1-procureScaling-h,high,Taiwan,elec_biomass (conv CCS),missing,missing,missing,missing,missing,missing,missing,missing,missing,MTC
1277,0.0,1.0890483,1.4742629,1.4040624700000002,1.2726343299999998,1.0880740399999995,1.2760662599999997,1.09796968,0.906257878,s1-procureScaling-h,high,Taiwan,elec_biomass (conv),missing,missing,missing,missing,missing,missing,missing,missing,missing,MTC
1278,0.0,0.0,0.0,0.0,0.0,0.0,0.006230201,0.01286267,0.0170298246,s1-procureScaling-h,high,Taiwan,elec_coal (IGCC CCS),missing,missing,missing,missing,missing,missing,missing,missing,missing,MTC
1279,0.0,0.0,0.0,1.1209481,2.1555222,2.8212821900000007,3.61558129,4.280387910000001,4.737180909999998,s1-procureScaling-h,high,Taiwan,elec_coal (IGCC),missing,missing,missing,missing,missing,missing,missing,missing,missing,MTC
1280,0.0,0.0,0.0,0.0,0.0,0.0,0.00686626,0.012631972,0.0148992089999999,s1-procureScaling-h,high,Taiwan,elec_coal (conv pul CCS),missing,missing,missing,missing,missing,missing,missing,missing,missing,MTC
1281,5.824827999999999,25.195874000000003,32.147591,34.84632899999999,36.5229417,36.4289692,35.2980056,32.64651019999999,28.4679549,s1-procureScaling-h,high,Taiwan,elec_coal (conv pul),missing,missing,missing,missing,missing,missing,missing,missing,missing,MTC
1282,0.0,0.0,0.0,0.0,0.0,0.0,0.0062932875,0.0131386516899999,0.0182151264159999,s1-procureScaling-h,high,Taiwan,elec_gas (CC CCS),missing,missing,missing,missing,missing,missing,missing,missing,missing,MTC
1283,0.06622235,3.253467,8.095528869999999,9.1466621888,9.9980087423,10.219975491800003,10.5330089184,10.818680207799996,10.975674556799996,s1-procureScaling-h,high,Taiwan,elec_gas (CC),missing,missing,missing,missing,missing,missing,missing,missing,missing,MTC
1284,0.07703305,0.6749267,1.823658789,1.9249484856,1.9784835613600007,1.9290672098190005,1.7897644583630004,1.6326368899930004,1.3762495499540002,s1-procureScaling-h,high,Taiwan,elec_gas (steam/CT),missing,missing,missing,missing,missing,missing,missing,missing,missing,MTC
1285,0.0,0.0,0.0,0.0,0.0,0.0,0.0240781999999999,0.0258962707,0.0201407714,s1-procureScaling-h,high,Taiwan,elec_refined liquids (CC CCS),missing,missing,missing,missing,missing,missing,missing,missing,missing,MTC
1286,0.0,0.0,0.2746685599999999,0.27591095,0.39888682,0.438313225,0.485543131,0.5846544079999999,0.6356064500000002,s1-procureScaling-h,high,Taiwan,elec_refined liquids (CC),missing,missing,missing,missing,missing,missing,missing,missing,missing,MTC
1287,3.956305,1.9939719,1.6810292,1.4370902499999996,1.2879133300000003,1.18040826,1.08529359,0.8684732350000001,0.6266200059999999,s1-procureScaling-h,high,Taiwan,elec_refined liquids (steam/CT),missing,missing,missing,missing,missing,missing,missing,missing,missing,MTC
1288,0.0,0.0,0.0,0.0,0.0,0.0,0.0,0.0,0.0,s1-procureScaling-h,high,Taiwan,gas pipeline,missing,missing,missing,missing,missing,missing,missing,missing,missing,MTC
1289,0.0,0.0,0.00318559,0.00858209,0.0145369,0.0222317,0.0180264,0.0147027,0.0144565,s1-procureScaling-h,high,Taiwan,gas processing,missing,missing,missing,missing,missing,missing,missing,missing,missing,MTC
1290,9.8544595,22.7166734,20.117246020000003,19.08171846,16.893985219999998,16.33487812,12.96180029,10.28603235,8.375312700000002,s1-procureScaling-h,high,Taiwan,industrial energy use,missing,missing,missing,missing,missing,missing,missing,missing,missing,MTC
1291,0.2303118,0.237698,0.325812,0.317486,0.303143,0.290419,0.147248,0.10778,0.0889688,s1-procureScaling-h,high,Taiwan,industrial feedstocks,missing,missing,missing,missing,missing,missing,missing,missing,missing,MTC
1292,2.115227,1.7946167000000002,1.6667367,1.6403332000000002,1.6175865,1.5920474,1.3042729999999998,1.178185,1.098416,s1-procureScaling-h,high,Taiwan,process heat cement,missing,missing,missing,missing,missing,missing,missing,missing,missing,MTC
1293,1.86203,3.81339,1.06473,1.04356,1.00578,1.00198288,1.1281830599999998,1.38578871,1.62142632,s1-procureScaling-h,high,Taiwan,refining,missing,missing,missing,missing,missing,missing,missing,missing,missing,MTC
1294,0.0,-1.11793,-2.33914,-3.08285,-4.22335,-4.96169,-7.48663,-8.13614,-8.60837,s1-procureScaling-h,high,Taiwan,regional biomass,missing,missing,missing,missing,missing,missing,missing,missing,missing,MTC
1295,0.0,0.0,-0.275783,-0.357619,-0.477612,-0.569801,-0.637039,-0.638051,-0.602286,s1-procureScaling-h,high,Taiwan,regional biomassOil,missing,missing,missing,missing,missing,missing,missing,missing,missing,MTC
1296,0.0,0.0,-0.162453,-0.210763,-0.291478,-0.366378,-0.408227,-0.413095,-0.396408,s1-procureScaling-h,high,Taiwan,regional sugar for ethanol,missing,missing,missing,missing,missing,missing,missing,missing,missing,MTC
1297,0.924246,1.042763,1.232066,1.4761650000000002,1.6135290000000002,1.696585,1.740493,1.736481,1.700006,s1-procureScaling-h,high,Taiwan,resid heating,missing,missing,missing,missing,missing,missing,missing,missing,missing,MTC
1298,0.290358,0.359874,0.37071,0.4091559999999999,0.40107,0.40056,0.3939399999999999,0.356201,0.3008351,s1-procureScaling-h,high,Taiwan,resid others,missing,missing,missing,missing,missing,missing,missing,missing,missing,MTC
1299,0.543756,1.8429,2.27833,2.40914,2.48845,2.54504,2.5293,2.5053,2.46154,s1-procureScaling-h,high,Taiwan,trn_aviation_intl,missing,missing,missing,missing,missing,missing,missing,missing,missing,MTC
1300,0.2020681,0.3360959,0.1636293,0.1764407,0.1870301,0.1958031,0.1778247,0.1710949,0.1661975,s1-procureScaling-h,high,Taiwan,trn_freight,missing,missing,missing,missing,missing,missing,missing,missing,missing,MTC
1301,1.985701,3.852555,4.09615346,4.27814524,4.262455213,4.073431094000001,3.99524911,3.89091658,3.7868294,s1-procureScaling-h,high,Taiwan,trn_freight_road,missing,missing,missing,missing,missing,missing,missing,missing,missing,MTC
1302,0.0654560999999999,0.1759621999999999,0.2124322,0.23043,0.2438849,0.256134,0.2528397,0.2495212,0.2448543,s1-procureScaling-h,high,Taiwan,trn_pass,missing,missing,missing,missing,missing,missing,missing,missing,missing,MTC
1303,0.630056,1.2224,1.5018512999999998,1.5240252,1.1437614,0.980414,0.9163302,0.8899701999999999,0.8809852,s1-procureScaling-h,high,Taiwan,trn_pass_road,missing,missing,missing,missing,missing,missing,missing,missing,missing,MTC
1304,1.24843,2.42214,1.6257671,1.2217711,1.2364255,1.1160973,0.9462311,0.8201383,0.7018227,s1-procureScaling-h,high,Taiwan,trn_pass_road_LDV,missing,missing,missing,missing,missing,missing,missing,missing,missing,MTC
1305,1.217156,2.3614580000000003,1.7275430000000005,1.4278533934,1.2925598796999995,1.1224349811999998,0.9562533695999998,0.9290523039700002,0.8985763985,s1-procureScaling-h,high,Taiwan,trn_pass_road_LDV_4W,missing,missing,missing,missing,missing,missing,missing,missing,missing,MTC
1306,1.3084,1.99711,3.03427,3.15728,3.24856,3.33607,3.26039,3.212,3.16327,s1-procureScaling-h,high,Taiwan,trn_shipping_intl,missing,missing,missing,missing,missing,missing,missing,missing,missing,MTC
1307,0.0,0.0,0.0,0.0,0.0,0.0,-0.2051941,-0.2625012,-0.3061451,s1-procureScaling-h,high,Argentina,CDR_regional,missing,missing,missing,missing,missing,missing,missing,missing,missing,MTC
1308,0.0,0.0,0.01340238,0.0278948199999999,0.04265121,0.05965318,0.0266983498,0.021512891,0.020753366,s1-procureScaling-h,high,Argentina,H2 central production,missing,missing,missing,missing,missing,missing,missing,missing,missing,MTC
1309,0.0,0.0,0.00592239,0.0121881,0.0189093,0.0269539,0.0364399,0.0469359,0.0578608,s1-procureScaling-h,high,Argentina,H2 forecourt production,missing,missing,missing,missing,missing,missing,missing,missing,missing,MTC
1310,0.0263248,0.350637,0.3457473,0.3873998999999999,0.4460123,0.4894427999999999,0.5118450099999999,0.53534818,0.53894345,s1-procureScaling-h,high,Argentina,N fertilizer,missing,missing,missing,missing,missing,missing,missing,missing,missing,MTC
1311,0.0,0.0,0.0080861,0.0378782,0.112176,0.200356,0.360988,0.513702,0.665107,s1-procureScaling-h,high,Argentina,backup_electricity,missing,missing,missing,missing,missing,missing,missing,missing,missing,MTC
1312,0.0,0.0,0.00222917,0.00250708,0.00256562,0.00235527,0.00341924,0.00364589,0.0039897,s1-procureScaling-h,high,Argentina,biogas pipeline,missing,missing,missing,missing,missing,missing,missing,missing,missing,MTC
1313,0.0,0.0,0.0896823,0.0998549,0.101155,0.0919151,0.132062,0.139351,0.150888,s1-procureScaling-h,high,Argentina,biogas processing,missing,missing,missing,missing,missing,missing,missing,missing,missing,MTC
1314,0.0,0.0,1.0127677000000002,1.6001073100000005,2.34678997,3.0258083,3.7712808,4.09340588,4.40502116,s1-procureScaling-h,high,Argentina,biorefining,missing,missing,missing,missing,missing,missing,missing,missing,missing,MTC
1315,0.491,1.033,1.22457,1.41031,1.58094,1.7365,1.1485078000000002,0.9236923,0.776895,s1-procureScaling-h,high,Argentina,cement,missing,missing,missing,missing,missing,missing,missing,missing,missing,MTC
1316,0.139187,0.08903,0.0902701,0.0802873,0.0725214,0.0675514,0.0569673,0.0495405,0.0427409,s1-procureScaling-h,high,Argentina,comm cooling,missing,missing,missing,missing,missing,missing,missing,missing,missing,MTC
1317,0.702129,0.4627809,0.663316,0.6293580000000001,0.587098,0.5715746,0.5399714,0.4986084,0.4589313,s1-procureScaling-h,high,Argentina,comm heating,missing,missing,missing,missing,missing,missing,missing,missing,missing,MTC
1318,0.3995559999999999,0.2482462,0.2897215999999999,0.2903058,0.2962284,0.3174454,0.2959753,0.28529433,0.2738716399999999,s1-procureScaling-h,high,Argentina,comm others,missing,missing,missing,missing,missing,missing,missing,missing,missing,MTC
1319,0.00030737340000000003,0.00032628400000000004,0.000383638,0.000439983,0.000500545,0.000559435,0.0005335979999999999,0.000535429,0.000530015,s1-procureScaling-h,high,Argentina,desalinated water,missing,missing,missing,missing,missing,missing,missing,missing,missing,MTC
1320,0.0,0.0,0.0,0.0,0.0,0.0,0.0174365288,0.0293704112,0.03734146279,s1-procureScaling-h,high,Argentina,elec_biomass (IGCC CCS),missing,missing,missing,missing,missing,missing,missing,missing,missing,MTC
1321,0.0,0.0,0.0,0.04051937,0.081718424,0.108136532,0.123972448,0.129222697,0.1324301379999999,s1-procureScaling-h,high,Argentina,elec_biomass (IGCC),missing,missing,missing,missing,missing,missing,missing,missing,missing,MTC
1322,0.0,0.0,0.0,0.0,0.0,0.0,0.002868996,0.008803627,0.0184343999999999,s1-procureScaling-h,high,Argentina,elec_biomass (conv CCS),missing,missing,missing,missing,missing,missing,missing,missing,missing,MTC
1323,0.1039801299999999,0.5613004,0.76984518,0.8108380700000001,0.75971191,0.68157994,0.6194579900000001,0.458264682,0.3592502849999999,s1-procureScaling-h,high,Argentina,elec_biomass (conv),missing,missing,missing,missing,missing,missing,missing,missing,missing,MTC
1324,0.0,0.0,0.0,0.0,0.0,0.0,0.0008086054300000001,0.00221354174,0.00405887878,s1-procureScaling-h,high,Argentina,elec_coal (IGCC CCS),missing,missing,missing,missing,missing,missing,missing,missing,missing,MTC
1325,0.0,0.0,0.0,0.061003382,0.123960761,0.169363199,0.204141484,0.220202824,0.2208384,s1-procureScaling-h,high,Argentina,elec_coal (IGCC),missing,missing,missing,missing,missing,missing,missing,missing,missing,MTC
1326,0.0,0.0,0.0,0.0,0.0,0.0,0.0010024773,0.0024994919,0.0042681988,s1-procureScaling-h,high,Argentina,elec_coal (conv pul CCS),missing,missing,missing,missing,missing,missing,missing,missing,missing,MTC
1327,0.3999719,0.7130931999999999,1.18775357,1.34599368,1.47213409,1.51428367,1.4484397899999997,1.2508967799999997,1.0089767689999998,s1-procureScaling-h,high,Argentina,elec_coal (conv pul),missing,missing,missing,missing,missing,missing,missing,missing,missing,MTC
1328,0.0,0.0,0.0,0.0,0.0,0.0,0.0723585629999999,0.1511938905099999,0.22539734873,s1-procureScaling-h,high,Argentina,elec_gas (CC CCS),missing,missing,missing,missing,missing,missing,missing,missing,missing,MTC
1329,0.5595834,4.394416,2.805447552000001,3.910549858500001,5.3863614345,6.6326570568,7.1665285785,7.510151628700003,7.736797450600002,s1-procureScaling-h,high,Argentina,elec_gas (CC),missing,missing,missing,missing,missing,missing,missing,missing,missing,MTC
1330,2.54681,1.9122939,7.168123860000001,7.850039522499999,8.16029154395,7.914770677669998,6.415559372029999,5.161905504439999,4.0475332529450005,s1-procureScaling-h,high,Argentina,elec_gas (steam/CT),missing,missing,missing,missing,missing,missing,missing,missing,missing,MTC
1331,0.0,0.0,0.0,0.0,0.0,0.0,0.08165328,0.099280638,0.1029393679999999,s1-procureScaling-h,high,Argentina,elec_refined liquids (CC CCS),missing,missing,missing,missing,missing,missing,missing,missing,missing,MTC
1332,0.0,0.0,0.4845311,0.8972460400000001,1.3981270300000002,1.58779839,1.19303236,1.10690364,0.97180893,s1-procureScaling-h,high,Argentina,elec_refined liquids (CC),missing,missing,missing,missing,missing,missing,missing,missing,missing,MTC
1333,1.4013385,1.2003274,3.7071031,3.5254087000000007,3.1093177,2.7557803000000005,2.0623882,1.5844456999999998,1.15270378,s1-procureScaling-h,high,Argentina,elec_refined liquids (steam/CT),missing,missing,missing,missing,missing,missing,missing,missing,missing,MTC
1334,0.136714,0.732307,0.780548,0.838833,0.899071,0.944639,0.905819,0.892903,0.880453,s1-procureScaling-h,high,Argentina,gas pipeline,missing,missing,missing,missing,missing,missing,missing,missing,missing,MTC
1335,0.0,0.0,0.00439911,0.0118538,0.0183764,0.0259962,0.0170174,0.0123288,0.0115471,s1-procureScaling-h,high,Argentina,gas processing,missing,missing,missing,missing,missing,missing,missing,missing,missing,MTC
1336,8.265777,13.551113,12.6074841,13.0464191,13.1703547,13.5223918,13.5088956,13.152593800000002,12.7380149,s1-procureScaling-h,high,Argentina,industrial energy use,missing,missing,missing,missing,missing,missing,missing,missing,missing,MTC
1337,0.0724882,0.794733,0.825808,0.942158,1.07482,1.19428,1.09735,1.09757,1.1237,s1-procureScaling-h,high,Argentina,industrial feedstocks,missing,missing,missing,missing,missing,missing,missing,missing,missing,MTC
1338,0.2651572,0.5667698999999999,0.806598,0.914799,1.00238,1.079393,0.999175,0.997243,1.0075128,s1-procureScaling-h,high,Argentina,process heat cement,missing,missing,missing,missing,missing,missing,missing,missing,missing,MTC
1339,2.91397,1.921484123,2.32535,2.43679,2.39418936,2.345117623,2.2049682630000005,2.005723161,1.779966571,s1-procureScaling-h,high,Argentina,refining,missing,missing,missing,missing,missing,missing,missing,missing,missing,MTC
1340,-1.53949,-2.10656,-3.96819,-5.00985,-6.11329,-7.09012,-10.0497,-11.3214,-13.1282,s1-procureScaling-h,high,Argentina,regional biomass,missing,missing,missing,missing,missing,missing,missing,missing,missing,MTC
1341,0.0,-0.0135331,-0.942143,-1.05026,-1.1576,-1.23854,-1.26292,-1.18054,-0.987995,s1-procureScaling-h,high,Argentina,regional biomassOil,missing,missing,missing,missing,missing,missing,missing,missing,missing,MTC
1342,0.0,0.0,-0.548807,-0.650619,-0.803554,-0.962817,-1.06545,-1.08668,-1.09209,s1-procureScaling-h,high,Argentina,regional corn for ethanol,missing,missing,missing,missing,missing,missing,missing,missing,missing,MTC
1343,1.4534107,1.835921,2.083949,2.120739,2.124248,2.15354,2.127145,2.0687332,1.992988,s1-procureScaling-h,high,Argentina,resid heating,missing,missing,missing,missing,missing,missing,missing,missing,missing,MTC
1344,1.99992959,3.0965748,3.8271151,3.6753592,3.5502855,3.5582233000000003,3.3279295,3.1493353,2.95534015,s1-procureScaling-h,high,Argentina,resid others,missing,missing,missing,missing,missing,missing,missing,missing,missing,MTC
1345,0.384014,0.612075,0.785373,0.889325,0.989992,1.08483,1.14153,1.19631,1.2435,s1-procureScaling-h,high,Argentina,trn_aviation_intl,missing,missing,missing,missing,missing,missing,missing,missing,missing,MTC
1346,0.05477701,0.1585572,0.3474800999999999,0.3853945,0.4287676,0.4700721,0.464328,0.477338,0.4880199999999999,s1-procureScaling-h,high,Argentina,trn_freight,missing,missing,missing,missing,missing,missing,missing,missing,missing,MTC
1347,3.313385,3.692604,4.95085967,5.4097918300000005,5.643409430000001,5.688848012000001,5.845203519999999,5.952512079999999,6.09328388,s1-procureScaling-h,high,Argentina,trn_freight_road,missing,missing,missing,missing,missing,missing,missing,missing,missing,MTC
1348,0.18205396,0.28899724,0.38709158,0.4717628399999999,0.56098156,0.65330131,0.6930608100000001,0.73705394,0.77656283,s1-procureScaling-h,high,Argentina,trn_pass,missing,missing,missing,missing,missing,missing,missing,missing,missing,MTC
1349,0.5671077999999999,0.824174,1.5019950000000002,1.6774867,1.4016016,1.2413355,1.1719182,1.1624995,1.1606232,s1-procureScaling-h,high,Argentina,trn_pass_road,missing,missing,missing,missing,missing,missing,missing,missing,missing,MTC
1350,0.202497,0.225676,0.194708,0.140467,0.109387,0.0852889,0.0621568,0.0456713,0.0335518,s1-procureScaling-h,high,Argentina,trn_pass_road_LDV,missing,missing,missing,missing,missing,missing,missing,missing,missing,MTC
1351,3.0709491,4.686053,4.96050199,4.637404190000001,3.942012040000001,3.4797671200000013,3.0650725100000007,3.0533692699999992,3.0413503299999998,s1-procureScaling-h,high,Argentina,trn_pass_road_LDV_4W,missing,missing,missing,missing,missing,missing,missing,missing,missing,MTC
1352,0.543735,0.555511,1.98244,2.11034,2.23503,2.35981,2.37511,2.41149,2.44104,s1-procureScaling-h,high,Argentina,trn_shipping_intl,missing,missing,missing,missing,missing,missing,missing,missing,missing,MTC
1353,0.0,0.0,0.0,0.0,0.0,0.0,-0.1333098,-0.1612904,-0.18957,s1-procureScaling-h,high,Colombia,CDR_regional,missing,missing,missing,missing,missing,missing,missing,missing,missing,MTC
1354,0.0,0.0,0.00114457,0.002761131,0.004863758,0.0076742309999999,0.00416047157,0.0038112431,0.004043071,s1-procureScaling-h,high,Colombia,H2 central production,missing,missing,missing,missing,missing,missing,missing,missing,missing,MTC
1355,0.0,0.0,0.000496727,0.00120534,0.0021805,0.00347402,0.00565114,0.00820905,0.0109477,s1-procureScaling-h,high,Colombia,H2 forecourt production,missing,missing,missing,missing,missing,missing,missing,missing,missing,MTC
1356,0.0556999,0.11181,0.1128610999999999,0.1342549999999999,0.1567414999999999,0.1755035,0.18039955,0.1825163999999999,0.17886667,s1-procureScaling-h,high,Colombia,N fertilizer,missing,missing,missing,missing,missing,missing,missing,missing,missing,MTC
1357,0.0,0.0,0.0035516,0.0194777,0.0683692,0.132059,0.254716,0.37602,0.501162,s1-procureScaling-h,high,Colombia,backup_electricity,missing,missing,missing,missing,missing,missing,missing,missing,missing,MTC
1358,0.0,0.0,0.0178091,0.0249162,0.0307522,0.0355157,0.0566849,0.074573,0.0862842,s1-procureScaling-h,high,Colombia,biogas processing,missing,missing,missing,missing,missing,missing,missing,missing,missing,MTC
1359,0.0,0.0,0.09229396,0.34376941,0.90989636,1.38952038,1.8402850400000004,2.16877259,2.46936763,s1-procureScaling-h,high,Colombia,biorefining,missing,missing,missing,missing,missing,missing,missing,missing,missing,MTC
1360,0.85,1.354,1.58203,1.79337,1.99871,2.1944,1.4579128,1.197199,1.03245,s1-procureScaling-h,high,Colombia,cement,missing,missing,missing,missing,missing,missing,missing,missing,missing,MTC
1361,0.00240405,0.0201299,0.169408,0.165249,0.160788,0.154575,0.137188,0.12291,0.107902,s1-procureScaling-h,high,Colombia,comm cooling,missing,missing,missing,missing,missing,missing,missing,missing,missing,MTC
1362,0.1139119099999999,0.0676672,0.6890849,0.7158534999999999,0.7354149000000001,0.7595838,0.7825014,0.78507642,0.7808544399999999,s1-procureScaling-h,high,Colombia,comm heating,missing,missing,missing,missing,missing,missing,missing,missing,missing,MTC
1363,0.2443491699999999,0.11638001,1.50012809,1.61662965,1.73385368,1.87804153,1.86448826,1.8344194,1.7930707,s1-procureScaling-h,high,Colombia,comm others,missing,missing,missing,missing,missing,missing,missing,missing,missing,MTC
1364,0.0,0.0,0.0,0.0,0.0,0.0,0.0154234878,0.0300961721,0.040830308,s1-procureScaling-h,high,Colombia,elec_biomass (IGCC CCS),missing,missing,missing,missing,missing,missing,missing,missing,missing,MTC
1365,0.0,0.0,0.0,0.025978481,0.058353361,0.093035853,0.1125555579999999,0.134294776,0.152653649,s1-procureScaling-h,high,Colombia,elec_biomass (IGCC),missing,missing,missing,missing,missing,missing,missing,missing,missing,MTC
1366,0.0,0.0,0.0,0.0,0.0,0.0,0.002778308,0.0106945,0.024060688,s1-procureScaling-h,high,Colombia,elec_biomass (conv CCS),missing,missing,missing,missing,missing,missing,missing,missing,missing,MTC
1367,0.07028262,0.13093739,0.4299749699999999,0.51397626,0.5879147699999999,0.6371188600000001,0.6425497000000001,0.5603673000000001,0.469665059,s1-procureScaling-h,high,Colombia,elec_biomass (conv),missing,missing,missing,missing,missing,missing,missing,missing,missing,MTC
1368,0.0,0.0,0.0,0.0,0.0,0.0,0.0037144365,0.0127994329999999,0.0256712895,s1-procureScaling-h,high,Colombia,elec_coal (IGCC CCS),missing,missing,missing,missing,missing,missing,missing,missing,missing,MTC
1369,0.0,0.0,0.0,0.17825531,0.4012170699999999,0.6393438800000001,0.80776999,0.94982304,1.03329811,s1-procureScaling-h,high,Colombia,elec_coal (IGCC),missing,missing,missing,missing,missing,missing,missing,missing,missing,MTC
1370,0.0,0.0,0.0,0.0,0.0,0.0,0.0048171559999999,0.01486936,0.027560035,s1-procureScaling-h,high,Colombia,elec_coal (conv pul CCS),missing,missing,missing,missing,missing,missing,missing,missing,missing,MTC
1371,1.1793414,0.7645167,2.3707383,2.89432344,3.455680749999999,3.96154017,4.083455820000001,4.01157489,3.72121111,s1-procureScaling-h,high,Colombia,elec_coal (conv pul),missing,missing,missing,missing,missing,missing,missing,missing,missing,MTC
1372,0.0,0.0,0.0,0.0,0.0,0.0,0.0064787455,0.02236858123,0.04656065402,s1-procureScaling-h,high,Colombia,elec_gas (CC CCS),missing,missing,missing,missing,missing,missing,missing,missing,missing,MTC
1373,0.05555072,0.4110558,1.1859628810000002,1.6707345286000002,2.3066062828800007,2.9572304328200008,3.4062375173,3.928622013799999,4.383756222200001,s1-procureScaling-h,high,Colombia,elec_gas (CC),missing,missing,missing,missing,missing,missing,missing,missing,missing,MTC
1374,0.6832996,0.5233578,1.2896965459999996,1.65944302881,2.0978379965930003,2.480137814866,2.531448296409999,2.562776703489999,2.4250103410299992,s1-procureScaling-h,high,Colombia,elec_gas (steam/CT),missing,missing,missing,missing,missing,missing,missing,missing,missing,MTC
1375,0.0,0.0,0.0,0.0,0.0,0.0,0.04761552,0.075191711,0.085401095,s1-procureScaling-h,high,Colombia,elec_refined liquids (CC CCS),missing,missing,missing,missing,missing,missing,missing,missing,missing,MTC
1376,0.0,0.0,0.13347892,0.2977281759999999,0.564006675,0.8675778949999999,0.623078894,0.6825314350000001,0.694644436,s1-procureScaling-h,high,Colombia,elec_refined liquids (CC),missing,missing,missing,missing,missing,missing,missing,missing,missing,MTC
1377,0.08942925,0.02625456,0.50432535,0.6347451899999998,0.7427677600000001,0.8080320799999999,0.66398954,0.546205941,0.436549998,s1-procureScaling-h,high,Colombia,elec_refined liquids (steam/CT),missing,missing,missing,missing,missing,missing,missing,missing,missing,MTC
1378,0.0,0.0,0.000947762,0.0029899,0.0056641,0.0108574,0.0103061,0.00912237,0.00968707,s1-procureScaling-h,high,Colombia,gas processing,missing,missing,missing,missing,missing,missing,missing,missing,missing,MTC
1379,5.790775,5.913270000000001,6.11339282,6.902688469999999,7.47983917,8.144669569999998,8.22816325,7.961064000000001,7.748157559999999,s1-procureScaling-h,high,Colombia,industrial energy use,missing,missing,missing,missing,missing,missing,missing,missing,missing,MTC
1380,0.5467059,0.841166,1.035519,1.155702,1.259046,1.3596659999999998,1.2764920000000002,1.284396,1.3090575000000002,s1-procureScaling-h,high,Colombia,process heat cement,missing,missing,missing,missing,missing,missing,missing,missing,missing,MTC
1381,1.42342,1.26834,1.1305302,1.19173578,1.1813905999999996,1.2064161800000002,1.15992926,1.1446431199999998,1.1221066100000003,s1-procureScaling-h,high,Colombia,refining,missing,missing,missing,missing,missing,missing,missing,missing,missing,MTC
1382,-2.06901,-2.08057,-2.91526,-3.76955,-5.02632,-6.13288,-8.74732,-10.2359,-11.66,s1-procureScaling-h,high,Colombia,regional biomass,missing,missing,missing,missing,missing,missing,missing,missing,missing,MTC
1383,0.0,0.0,-0.0957716,-0.143455,-0.229483,-0.300459,-0.337357,-0.36065,-0.376291,s1-procureScaling-h,high,Colombia,regional biomassOil,missing,missing,missing,missing,missing,missing,missing,missing,missing,MTC
1384,0.0,-0.000821183,-0.156069,-0.259359,-0.508766,-0.73647,-0.876392,-0.994967,-1.1124,s1-procureScaling-h,high,Colombia,regional sugar for ethanol,missing,missing,missing,missing,missing,missing,missing,missing,missing,MTC
1385,0.27555163,0.5368408,0.1862047,0.2102667,0.2357505999999999,0.264825,0.2704229999999999,0.278082,0.284322,s1-procureScaling-h,high,Colombia,resid heating,missing,missing,missing,missing,missing,missing,missing,missing,missing,MTC
1386,0.6332997899999999,0.8884486,0.8595422,0.9118391,0.9695862,1.0356549,0.9822882,0.9638235,0.93715175,s1-procureScaling-h,high,Colombia,resid others,missing,missing,missing,missing,missing,missing,missing,missing,missing,MTC
1387,0.307436,0.366127,0.832961,0.951177,1.07181,1.19835,1.29248,1.3973,1.50497,s1-procureScaling-h,high,Colombia,trn_aviation_intl,missing,missing,missing,missing,missing,missing,missing,missing,missing,MTC
1388,0.1230327399999999,0.20149203,0.05927955,0.06593359,0.07345899,0.08060478,0.0877337899999999,0.09697727,0.10662257,s1-procureScaling-h,high,Colombia,trn_freight,missing,missing,missing,missing,missing,missing,missing,missing,missing,MTC
1389,2.075969,2.463262,3.95697854,4.3260705900000005,4.53584642,4.62679982,4.78273595,4.973376490000001,5.225082629999999,s1-procureScaling-h,high,Colombia,trn_freight_road,missing,missing,missing,missing,missing,missing,missing,missing,missing,MTC
1390,0.14532164,0.1730598,0.42210056,0.51787489,0.62566966,0.74953669,0.82042521,0.90907759,1.00753997,s1-procureScaling-h,high,Colombia,trn_pass,missing,missing,missing,missing,missing,missing,missing,missing,missing,MTC
1391,0.34744154,0.4297253,0.9573073,1.0785512000000002,0.9134971,0.8319381,0.8028321000000002,0.8090576999999999,0.8160209999999999,s1-procureScaling-h,high,Colombia,trn_pass_road,missing,missing,missing,missing,missing,missing,missing,missing,missing,MTC
1392,0.126874,0.150544,0.161304,0.119665,0.0951553,0.0758518,0.0567978,0.0428673,0.032586,s1-procureScaling-h,high,Colombia,trn_pass_road_LDV,missing,missing,missing,missing,missing,missing,missing,missing,missing,MTC
1393,1.8722932800000005,2.3364273000000004,3.431821249999999,3.2403652700000003,2.779744050000001,2.4852397200000014,2.2470606400000004,2.28725738,2.36475998,s1-procureScaling-h,high,Colombia,trn_pass_road_LDV_4W,missing,missing,missing,missing,missing,missing,missing,missing,missing,MTC
1394,0.10134,0.589663,1.63704,1.73347,1.8356,1.94578,1.97172,2.02434,2.08842,s1-procureScaling-h,high,Colombia,trn_shipping_intl,missing,missing,missing,missing,missing,missing,missing,missing,missing,MTC
1395,0.0,0.0,0.0,-0.06973213,-0.13354427,-0.2326018,-0.607395,-1.6766739999999998,-5.172839,s1-procureScaling-h,high,AL,CDR_regional,missing,missing,missing,missing,missing,missing,missing,missing,missing,MTC
1396,6.990821340000001,11.84626312,8.327892511999996,8.549504144699997,3.2713557730000007,2.58378483,2.5897337951999986,1.703525738099999,1.7642725662,s1-procureScaling-h,high,AL,base load generation,missing,missing,missing,missing,missing,missing,missing,missing,missing,MTC
1397,0.0,0.00039328,0.0078471,0.00755168,0.00575268,0.00449445,0.00337374,0.00214958,0.000952767,s1-procureScaling-h,high,AL,biomass liquids,missing,missing,missing,missing,missing,missing,missing,missing,missing,MTC
1398,0.0,0.0,0.0601642529999999,0.241464446,1.078031649,1.352251545,1.4068009679999998,1.802088334,1.990672429,s1-procureScaling-h,high,AL,biorefining,missing,missing,missing,missing,missing,missing,missing,missing,missing,MTC
1399,0.245891,0.347514,0.252121,0.278947,0.0526807,0.0480237,0.0500575,0.03538939,0.03650525,s1-procureScaling-h,high,AL,cement,missing,missing,missing,missing,missing,missing,missing,missing,missing,MTC
1400,0.0,0.0,0.0,0.0,0.0,0.0,0.0,0.000496595,0.005313204,s1-procureScaling-h,high,AL,coal to liquids,missing,missing,missing,missing,missing,missing,missing,missing,missing,MTC
1401,0.01954782,0.0354706,0.03465741,0.0347099799999999,0.03190345,0.0296058599999999,0.028417271,0.02508579,0.0239323309999999,s1-procureScaling-h,high,AL,comm cooking,missing,missing,missing,missing,missing,missing,missing,missing,missing,MTC
1402,2.556e-05,0.00150378,0.000754647,0.00075059,0.000736099,0.0007261470999999999,0.0007271778,0.0006886586999999999,0.0006829365,s1-procureScaling-h,high,AL,comm cooling,missing,missing,missing,missing,missing,missing,missing,missing,missing,MTC
1403,0.5169882,0.3084659469999999,0.17500073,0.17114896,0.1551875789999999,0.138484329,0.122560856,0.084932975,0.076944786,s1-procureScaling-h,high,AL,comm heating,missing,missing,missing,missing,missing,missing,missing,missing,missing,MTC
1404,0.14621841,0.09570322,0.13693989,0.13712386,0.13008371,0.1231953299999999,0.118900185,0.103144231,0.1006558869999999,s1-procureScaling-h,high,AL,comm hot water,missing,missing,missing,missing,missing,missing,missing,missing,missing,MTC
1405,0.0443357,0.0382391,0.1166272,0.1298842,0.1531834,0.1916797,0.2182242999999999,0.2131402,0.2220384,s1-procureScaling-h,high,AL,comm other,missing,missing,missing,missing,missing,missing,missing,missing,missing,MTC
1406,0.0,0.0,0.0,0.0,0.0,0.0,0.0,0.000327455,0.003386387,s1-procureScaling-h,high,AL,gas to liquids,missing,missing,missing,missing,missing,missing,missing,missing,missing,MTC
1407,7.998681999999999,8.0889714,7.876950988999998,8.118613840999998,8.429769071200003,8.734034666799998,8.965714135999997,8.685262747,8.671821504179997,s1-procureScaling-h,high,AL,industrial energy use,missing,missing,missing,missing,missing,missing,missing,missing,missing,MTC
1408,8.07335595,11.22612742,5.708805375000001,5.616408613000001,4.2749395734,3.8763318913,3.5878859335000017,2.9414627914,2.7543303013,s1-procureScaling-h,high,AL,intermediate generation,missing,missing,missing,missing,missing,missing,missing,missing,missing,MTC
1409,0.395421,0.344255,0.3386655,0.3302362,0.2645148,0.2312613,0.2145193,0.18399821,0.15545741,s1-procureScaling-h,high,AL,oil refining,missing,missing,missing,missing,missing,missing,missing,missing,missing,MTC
1410,0.06321665234,0.0660464099,0.0681907846999999,0.06131601346119,0.03542328666846,0.0301333298120999,0.0261466198775,0.0161427574487999,0.0115786362491,s1-procureScaling-h,high,AL,peak generation,missing,missing,missing,missing,missing,missing,missing,missing,missing,MTC
1411,0.19754246,0.2821230799999999,0.20180432,0.22065955,0.14982367,0.15655371,0.16650251,0.16591485,0.1732482699999999,s1-procureScaling-h,high,AL,process heat cement,missing,missing,missing,missing,missing,missing,missing,missing,missing,MTC
1412,-3.35908,-4.10962,-3.62466,-4.03243,-7.24532,-8.58316,-9.13256,-13.8984,-17.0791,s1-procureScaling-h,high,AL,regional biomass,missing,missing,missing,missing,missing,missing,missing,missing,missing,MTC
1413,0.0,-0.00557821,-0.125464,-0.130023,-0.129449,-0.121626,-0.108211,-0.113645,-0.110853,s1-procureScaling-h,high,AL,regional biomassOil,missing,missing,missing,missing,missing,missing,missing,missing,missing,MTC
1414,0.0,0.0,-0.0198084,-0.0444411,-0.125045,-0.157339,-0.166097,-0.242281,-0.288055,s1-procureScaling-h,high,AL,regional corn for ethanol,missing,missing,missing,missing,missing,missing,missing,missing,missing,MTC
1415,0.00757002,0.00790088,0.00705971,0.0071578499999999,0.00705119,0.006823495,0.007032339,0.006853892,0.00661145,s1-procureScaling-h,high,AL,resid clothes dryers,missing,missing,missing,missing,missing,missing,missing,missing,missing,MTC
1416,0.02862345,0.02489907,0.030477434,0.02906399,0.0266099779999999,0.0242823748999999,0.0218941926,0.0207809793,0.0194706106,s1-procureScaling-h,high,AL,resid cooking,missing,missing,missing,missing,missing,missing,missing,missing,missing,MTC
1417,0.84619459,0.51552414,0.301750066,0.277787064,0.243215721,0.201685393,0.159520742,0.119722227,0.0894751838999999,s1-procureScaling-h,high,AL,resid heating,missing,missing,missing,missing,missing,missing,missing,missing,missing,MTC
1418,0.20987332,0.2545788,0.127990953,0.120756771,0.114735748,0.104063411,0.1109677879999999,0.105658001,0.101901882,s1-procureScaling-h,high,AL,resid hot water,missing,missing,missing,missing,missing,missing,missing,missing,missing,MTC
1419,0.01621754,0.00578984,0.02986764,0.03035371,0.03275363,0.0346655499999999,0.037286,0.03269176,0.03283972,s1-procureScaling-h,high,AL,resid other,missing,missing,missing,missing,missing,missing,missing,missing,missing,MTC
1420,0.4701900932,0.445794037,0.4774566503999999,0.436343272245,0.2754966175509999,0.2389187533219999,0.211782177405,0.1482870791599999,0.11941078223,s1-procureScaling-h,high,AL,subpeak generation,missing,missing,missing,missing,missing,missing,missing,missing,missing,MTC
1421,0.0440062,0.058075,0.0738203,0.0771496,0.0766218,0.0790664,0.0824893,0.08398,0.0873364,s1-procureScaling-h,high,AL,trn_aviation_intl,missing,missing,missing,missing,missing,missing,missing,missing,missing,MTC
1422,0.2401498,0.2317906,0.2522126,0.2690539,0.2667971,0.2816438,0.2980993,0.3096764,0.3357660999999999,s1-procureScaling-h,high,AL,trn_freight,missing,missing,missing,missing,missing,missing,missing,missing,missing,MTC
1423,2.788415,3.131602,3.0420967,3.18098553,2.992598869,2.7706778720000003,2.707878353,2.47212511,2.2994754600000005,s1-procureScaling-h,high,AL,trn_freight_road,missing,missing,missing,missing,missing,missing,missing,missing,missing,MTC
1424,0.17601367,0.23072894,0.3058033,0.32725572,0.3110405499999999,0.32924712,0.3469296,0.3493198,0.3696244999999999,s1-procureScaling-h,high,AL,trn_pass,missing,missing,missing,missing,missing,missing,missing,missing,missing,MTC
1425,0.106935,0.12801246,0.1841885,0.18973489,0.13628373,0.10360113,0.09032624,0.08514404,0.08203685,s1-procureScaling-h,high,AL,trn_pass_road,missing,missing,missing,missing,missing,missing,missing,missing,missing,MTC
1426,0.0139198,0.0187845,0.0175034,0.0161871,0.01507,0.0143555,0.0140046,0.0134635,0.0134076,s1-procureScaling-h,high,AL,trn_pass_road_LDV,missing,missing,missing,missing,missing,missing,missing,missing,missing,MTC
1427,3.95522242,5.33717568,5.160852290000001,4.60743193,3.48741528,2.643453779,1.9738414600000005,1.73901405,1.6258062899999997,s1-procureScaling-h,high,AL,trn_pass_road_LDV_4W,missing,missing,missing,missing,missing,missing,missing,missing,missing,MTC
1428,0.485997,0.232701,0.207536,0.215161,0.198174,0.204262,0.211043,0.208505,0.217344,s1-procureScaling-h,high,AL,trn_shipping_intl,missing,missing,missing,missing,missing,missing,missing,missing,missing,MTC
1429,0.0,0.0,0.0,-0.002209123,-0.00582444,-0.01775074,-0.0419608,-0.0871791,-0.2309722,s1-procureScaling-h,high,AK,CDR_regional,missing,missing,missing,missing,missing,missing,missing,missing,missing,MTC
1430,0.3482566733,0.4595901639999999,0.1018646204,0.1613007594,0.0248938152999999,0.0269944339699999,0.030261826948,0.02454275803,0.02472572167,s1-procureScaling-h,high,AK,base load generation,missing,missing,missing,missing,missing,missing,missing,missing,missing,MTC
1431,0.0,0.0,0.0532717729999999,0.224816177,0.644307741,0.782385033,0.8120832279999999,1.028090356,1.0863745790000003,s1-procureScaling-h,high,AK,biorefining,missing,missing,missing,missing,missing,missing,missing,missing,missing,MTC
1432,0.0,0.0,0.0,0.0,0.0,0.0,0.0,5.174319999999999e-07,5.14912276e-06,s1-procureScaling-h,high,AK,coal to liquids,missing,missing,missing,missing,missing,missing,missing,missing,missing,MTC
1433,0.01100921,0.0145433399999999,0.0103358179999999,0.0102491029999999,0.009674149,0.009616794,0.0098711429999999,0.0097572311,0.010164145,s1-procureScaling-h,high,AK,comm cooking,missing,missing,missing,missing,missing,missing,missing,missing,missing,MTC
1434,1.8465e-05,0.000177498,0.0001018575,9.69132e-05,9.10067e-05,8.739356000000001e-05,8.715544e-05,8.619701999999999e-05,9.083219e-05,s1-procureScaling-h,high,AK,comm cooling,missing,missing,missing,missing,missing,missing,missing,missing,missing,MTC
1435,0.7781979,0.4495063,0.38473674,0.3618680499999999,0.3285789099999999,0.30542984,0.2851651899999999,0.2304828949999999,0.231073796,s1-procureScaling-h,high,AK,comm heating,missing,missing,missing,missing,missing,missing,missing,missing,missing,MTC
1436,0.03321932,0.0378154,0.0332643799999999,0.032815971,0.031365877,0.030909091,0.030978241,0.0296534270999999,0.0305505521999999,s1-procureScaling-h,high,AK,comm hot water,missing,missing,missing,missing,missing,missing,missing,missing,missing,MTC
1437,0.01519914,0.01693576,0.1169591999999999,0.1182101999999999,0.1120313,0.107644,0.104271,0.1020297,0.104095,s1-procureScaling-h,high,AK,comm other,missing,missing,missing,missing,missing,missing,missing,missing,missing,MTC
1438,0.0,0.0,0.0,0.0,0.0,0.0,0.0,0.000785892,0.008127318,s1-procureScaling-h,high,AK,gas to liquids,missing,missing,missing,missing,missing,missing,missing,missing,missing,MTC
1439,3.04323006,4.305502461,3.2436288809975,3.2564673516033995,3.1943077201238395,3.288781574210761,3.4102941310799397,3.4264646844151194,3.5115340605656704,s1-procureScaling-h,high,AK,industrial energy use,missing,missing,missing,missing,missing,missing,missing,missing,missing,MTC
1440,0.233452942,0.3537862109999999,0.13100928,0.136596378,0.1743031448169999,0.169670778896,0.1668360148850001,0.1580083335569999,0.1556001920969999,s1-procureScaling-h,high,AK,intermediate generation,missing,missing,missing,missing,missing,missing,missing,missing,missing,MTC
1441,1.13155,0.950349,0.4067189,0.3961509,0.3176329,0.2774312,0.2573086,0.22048314,0.18647274,s1-procureScaling-h,high,AK,oil refining,missing,missing,missing,missing,missing,missing,missing,missing,missing,MTC
1442,0.00330128781,0.0043870275,0.00180126506,0.0018637155399999,0.0020591265364,0.0019286005566,0.0016899237115,0.0013264316235,0.0010361996209999,s1-procureScaling-h,high,AK,peak generation,missing,missing,missing,missing,missing,missing,missing,missing,missing,MTC
1443,-0.179651,-0.028067,-0.218936,-0.503187,-1.50895,-1.8561,-1.94109,-2.54379,-2.79638,s1-procureScaling-h,high,AK,regional biomass,missing,missing,missing,missing,missing,missing,missing,missing,missing,MTC
1444,0.0,0.0,-0.0122862,-0.0203291,-0.0345989,-0.0403783,-0.0418616,-0.0554795,-0.0602582,s1-procureScaling-h,high,AK,regional biomassOil,missing,missing,missing,missing,missing,missing,missing,missing,missing,MTC
1445,0.0,0.0,-0.0145006,-0.033382,-0.0725506,-0.0882204,-0.0927779,-0.130548,-0.145365,s1-procureScaling-h,high,AK,regional corn for ethanol,missing,missing,missing,missing,missing,missing,missing,missing,missing,MTC
1446,0.0008023,0.00170968,0.000623423,0.000607692,0.000585532,0.0005666009,0.0006090728000000001,0.0006376526,0.0006732439999999999,s1-procureScaling-h,high,AK,resid clothes dryers,missing,missing,missing,missing,missing,missing,missing,missing,missing,MTC
1447,0.003074243,0.006026555,0.005122788,0.0049565419999999,0.0046535874999999,0.0045291285,0.004490905,0.0047154269999999,0.0049569815,s1-procureScaling-h,high,AK,resid cooking,missing,missing,missing,missing,missing,missing,missing,missing,missing,MTC
1448,0.45697462,0.39685917,0.3478826399999999,0.32626032,0.298058828,0.267960362,0.2372171119999999,0.208058819,0.184089869,s1-procureScaling-h,high,AK,resid heating,missing,missing,missing,missing,missing,missing,missing,missing,missing,MTC
1449,0.0200282765,0.043504705,0.0536663529999999,0.0512543309999999,0.047718432,0.0431261891999999,0.0461392636,0.0472397509999999,0.0480996259999999,s1-procureScaling-h,high,AK,resid hot water,missing,missing,missing,missing,missing,missing,missing,missing,missing,MTC
1450,0.0018509,0.0043512,0.00577024,0.00621229,0.00594058,0.00694075,0.007944,0.0082579,0.00878986,s1-procureScaling-h,high,AK,resid other,missing,missing,missing,missing,missing,missing,missing,missing,missing,MTC
1451,0.0253163397,0.0372281494,0.0129702047,0.013424329,0.015930960765,0.0150994608139999,0.0138051983169999,0.01235815207,0.011322581639,s1-procureScaling-h,high,AK,subpeak generation,missing,missing,missing,missing,missing,missing,missing,missing,missing,MTC
1452,0.408484,0.752174,0.392511,0.384238,0.371595,0.378484,0.389715,0.393976,0.404729,s1-procureScaling-h,high,AK,trn_aviation_intl,missing,missing,missing,missing,missing,missing,missing,missing,missing,MTC
1453,0.0717578,0.069715505,0.0503876,0.0506062,0.0509903,0.0535486,0.0561525,0.0588121,0.0629516,s1-procureScaling-h,high,AK,trn_freight,missing,missing,missing,missing,missing,missing,missing,missing,missing,MTC
1454,1.045719,1.051339,0.7629349710000001,0.755451647,0.683451763,0.6215099396,0.6087305319999999,0.5653548119999999,0.5360558229999999,s1-procureScaling-h,high,AK,trn_freight_road,missing,missing,missing,missing,missing,missing,missing,missing,missing,MTC
1455,1.56375571,2.87700136,1.5424292,1.52802322,1.42653156,1.47676379,1.5272525,1.52800304,1.58294265,s1-procureScaling-h,high,AK,trn_pass,missing,missing,missing,missing,missing,missing,missing,missing,missing,MTC
1456,0.0401007,0.04166926,0.042866745,0.0429951909999999,0.029932021,0.02244171,0.019847541,0.01910676,0.0187198659999999,s1-procureScaling-h,high,AK,trn_pass_road,missing,missing,missing,missing,missing,missing,missing,missing,missing,MTC
1457,0.00165021,0.00200689,0.00150207,0.00122219,0.00107025,0.00100597,0.000962316,0.000918244,0.000893565,s1-procureScaling-h,high,AK,trn_pass_road_LDV,missing,missing,missing,missing,missing,missing,missing,missing,missing,MTC
1458,0.468695629,0.570155255,0.507641144,0.432667029,0.3171131149999999,0.2330039081,0.1683757905,0.151409471,0.142603122,s1-procureScaling-h,high,AK,trn_pass_road_LDV_4W,missing,missing,missing,missing,missing,missing,missing,missing,missing,MTC
1459,0.0234432,0.00267909,0.0,0.0,0.0,0.0,0.0,0.0,0.0,s1-procureScaling-h,high,AK,trn_shipping_intl,missing,missing,missing,missing,missing,missing,missing,missing,missing,MTC
1460,0.0,0.0,0.0,-0.06985098,-0.14273413,-0.1382123,-0.4014799999999999,-1.2376710000000002,-3.49878,s1-procureScaling-h,high,AZ,CDR_regional,missing,missing,missing,missing,missing,missing,missing,missing,missing,MTC
1461,5.198789100000001,8.12442366,5.675282548100001,6.008549057300001,2.4200064702,1.9683382732000008,1.9201475425,1.3312282940999998,1.818677289634,s1-procureScaling-h,high,AZ,base load generation,missing,missing,missing,missing,missing,missing,missing,missing,missing,MTC
1462,0.0,1.70991e-05,0.020297502,0.019528257,0.014947234,0.011679025,0.008767095,0.0055866267,0.0024761676,s1-procureScaling-h,high,AZ,biomass liquids,missing,missing,missing,missing,missing,missing,missing,missing,missing,MTC
1463,0.0,0.0,0.06039502,0.242072145,1.111892817,1.3969317999999995,1.4534817249999996,1.862713185,2.052879661,s1-procureScaling-h,high,AZ,biorefining,missing,missing,missing,missing,missing,missing,missing,missing,missing,MTC
1464,0.35523,0.502041,0.398102,0.467285,0.0860509,0.080093,0.0842926,0.061,0.0635697,s1-procureScaling-h,high,AZ,cement,missing,missing,missing,missing,missing,missing,missing,missing,missing,MTC
1465,0.0,0.0,0.0,0.0,0.0,0.0,0.0,0.000333924,0.003565604,s1-procureScaling-h,high,AZ,coal to liquids,missing,missing,missing,missing,missing,missing,missing,missing,missing,MTC
1466,0.0269295999999999,0.0512938,0.07856104,0.0870063099999999,0.08645219,0.08693621,0.08845839,0.08345299,0.08193125,s1-procureScaling-h,high,AZ,comm cooking,missing,missing,missing,missing,missing,missing,missing,missing,missing,MTC
1467,2.698e-05,0.00398594,0.002872436,0.003126313,0.003244487,0.003340865,0.00343556,0.00333256,0.0033118239999999,s1-procureScaling-h,high,AZ,comm cooling,missing,missing,missing,missing,missing,missing,missing,missing,missing,MTC
1468,0.222945661,0.29684219,0.18337001,0.19547541,0.1882104499999999,0.17975703,0.170230414,0.137894075,0.128857722,s1-procureScaling-h,high,AZ,comm heating,missing,missing,missing,missing,missing,missing,missing,missing,missing,MTC
1469,0.1948647,0.12849618,0.1816,0.19723121,0.1970266,0.1928238599999999,0.1876749199999999,0.1647495439999999,0.158896464,s1-procureScaling-h,high,AZ,comm hot water,missing,missing,missing,missing,missing,missing,missing,missing,missing,MTC
1470,0.0481245,0.0574804,0.24006,0.280215,0.313595,0.372984,0.417134,0.4122,0.434365,s1-procureScaling-h,high,AZ,comm other,missing,missing,missing,missing,missing,missing,missing,missing,missing,MTC
1471,0.8811206899999999,0.82999669,0.6315510916999999,0.6544578212000002,0.6565128642500001,0.6676183916099999,0.67647519327,0.6526878393319999,0.6378457950729999,s1-procureScaling-h,high,AZ,industrial energy use,missing,missing,missing,missing,missing,missing,missing,missing,missing,MTC
1472,3.7606476,5.62996956,4.673767946000001,4.597753139000001,3.4397079536,3.031072302000001,2.717468117600001,1.859021457,1.6716206251,s1-procureScaling-h,high,AZ,intermediate generation,missing,missing,missing,missing,missing,missing,missing,missing,missing,MTC
1473,0.034849,0.0,0.0,0.0,0.0,0.0,0.0,0.0,0.0,s1-procureScaling-h,high,AZ,oil refining,missing,missing,missing,missing,missing,missing,missing,missing,missing,MTC
1474,0.055638569,0.0866739,0.0661681632799999,0.05963925239586,0.03350229507468,0.0277511160287,0.0222679492688999,0.0111597102348999,0.00728128550429,s1-procureScaling-h,high,AZ,peak generation,missing,missing,missing,missing,missing,missing,missing,missing,missing,MTC
1475,0.28538266,0.4075747099999999,0.31859909,0.36959351,0.24736764,0.26367886,0.28317491,0.28640232,0.30197193,s1-procureScaling-h,high,AZ,process heat cement,missing,missing,missing,missing,missing,missing,missing,missing,missing,MTC
1476,-0.283589,-0.287372,-0.246569,-0.541151,-3.70047,-4.76184,-5.03399,-9.77384,-14.8168,s1-procureScaling-h,high,AZ,regional biomass,missing,missing,missing,missing,missing,missing,missing,missing,missing,MTC
1477,0.0,-0.000242531,-0.0190412,-0.02762,-0.052259,-0.0618274,-0.0636979,-0.0864172,-0.100008,s1-procureScaling-h,high,AZ,regional biomassOil,missing,missing,missing,missing,missing,missing,missing,missing,missing,MTC
1478,0.0,0.0,-0.1066,-0.128146,-0.192941,-0.21276,-0.209498,-0.275566,-0.309338,s1-procureScaling-h,high,AZ,regional corn for ethanol,missing,missing,missing,missing,missing,missing,missing,missing,missing,MTC
1479,0.00516454,0.0131421,0.0040698,0.00437333,0.00440037,0.004307887,0.004393557,0.004243885,0.004078237,s1-procureScaling-h,high,AZ,resid clothes dryers,missing,missing,missing,missing,missing,missing,missing,missing,missing,MTC
1480,0.018434733,0.0405945,0.0194683919999999,0.019127819,0.017476152,0.015798838,0.0139020178999999,0.0129719641,0.0120143508,s1-procureScaling-h,high,AZ,resid cooking,missing,missing,missing,missing,missing,missing,missing,missing,missing,MTC
1481,0.3971259,0.419397111,0.281401553,0.269048863,0.245316267,0.2156425109999999,0.183113558,0.1480756533999999,0.1191190698999999,s1-procureScaling-h,high,AZ,resid heating,missing,missing,missing,missing,missing,missing,missing,missing,missing,MTC
1482,0.1968379099999999,0.27063459,0.2485549229999999,0.250773909,0.24308648,0.223061932,0.228376561,0.213018771,0.199375654,s1-procureScaling-h,high,AZ,resid hot water,missing,missing,missing,missing,missing,missing,missing,missing,missing,MTC
1483,0.0077948599999999,0.0056644,0.02131812,0.02274691,0.02374606,0.02550203,0.02708693,0.0237440999999999,0.02401172,s1-procureScaling-h,high,AZ,resid other,missing,missing,missing,missing,missing,missing,missing,missing,missing,MTC
1484,0.3905720200000001,0.57991721,0.13116307133,0.1226628938843999,0.0769930164371,0.066027258101,0.0566443822685,0.0522188827268999,0.0365515020087,s1-procureScaling-h,high,AZ,subpeak generation,missing,missing,missing,missing,missing,missing,missing,missing,missing,MTC
1485,0.197303,0.188825,0.0981451,0.108137,0.109626,0.114656,0.120522,0.123754,0.12955,s1-procureScaling-h,high,AZ,trn_aviation_intl,missing,missing,missing,missing,missing,missing,missing,missing,missing,MTC
1486,0.0907121,0.189127,0.187087,0.208946,0.220961,0.236733,0.252022,0.265002,0.284837,s1-procureScaling-h,high,AZ,trn_freight,missing,missing,missing,missing,missing,missing,missing,missing,missing,MTC
1487,1.373668,2.8639520000000003,2.80601706,3.0572076000000004,2.89510738,2.7115981810000003,2.6286898400000003,2.364347244,2.1552722200000005,s1-procureScaling-h,high,AZ,trn_freight_road,missing,missing,missing,missing,missing,missing,missing,missing,missing,MTC
1488,0.75780896,0.7296062799999999,0.40407771,0.45634384,0.44334193,0.47599138,0.5052632,0.5134272000000001,0.5465164,s1-procureScaling-h,high,AZ,trn_pass,missing,missing,missing,missing,missing,missing,missing,missing,missing,MTC
1489,0.0526783,0.1199395,0.1630411399999999,0.1711299899999999,0.12646718,0.0978086,0.0860219,0.08174447,0.07948327,s1-procureScaling-h,high,AZ,trn_pass_road,missing,missing,missing,missing,missing,missing,missing,missing,missing,MTC
1490,0.0110699,0.0202407,0.0197588,0.0194714,0.0183788,0.0178662,0.0175168,0.0169383,0.0169492,s1-procureScaling-h,high,AZ,trn_pass_road_LDV,missing,missing,missing,missing,missing,missing,missing,missing,missing,MTC
1491,3.14521738,5.75116809,5.630423019999999,5.202338419999999,4.019787829999999,3.092225451999999,2.3422026700000003,2.03719317,1.90692763,s1-procureScaling-h,high,AZ,trn_pass_road_LDV_4W,missing,missing,missing,missing,missing,missing,missing,missing,missing,MTC
1492,0.0,0.0,0.0,-0.05436626,-0.09811528,-0.1031333,-0.285793,-0.902416,-2.926728,s1-procureScaling-h,high,AR,CDR_regional,missing,missing,missing,missing,missing,missing,missing,missing,missing,MTC
1493,2.551606,3.5401595500000003,5.5735346350000015,5.6692456733,1.885966374,1.4313144700000004,1.5155025189999998,0.7727610968999998,0.7881740504499998,s1-procureScaling-h,high,AR,base load generation,missing,missing,missing,missing,missing,missing,missing,missing,missing,MTC
1494,0.0,0.000495874,0.00989417,0.00952168,0.00725337,0.00566692,0.00425385,0.00271034,0.00120132,s1-procureScaling-h,high,AR,biomass liquids,missing,missing,missing,missing,missing,missing,missing,missing,missing,MTC
1495,0.0,0.0,0.0601642529999999,0.241464446,1.081432069,1.3567452040000003,1.4114824359999991,1.806081989,1.9860554520000009,s1-procureScaling-h,high,AR,biorefining,missing,missing,missing,missing,missing,missing,missing,missing,missing,MTC
1496,0.0783017,0.110663,0.0775934,0.0832778,0.01542375,0.01405955,0.0145777199999999,0.01028757,0.0105727,s1-procureScaling-h,high,AR,cement,missing,missing,missing,missing,missing,missing,missing,missing,missing,MTC
1497,0.0,0.0,0.0,0.0,0.0,0.0,0.0,1.68913e-06,1.8073044e-05,s1-procureScaling-h,high,AR,coal to liquids,missing,missing,missing,missing,missing,missing,missing,missing,missing,MTC
1498,0.01391071,0.052653,0.04291597,0.0430123799999999,0.03982882,0.03845568,0.0380975599999999,0.035219882,0.034669089,s1-procureScaling-h,high,AR,comm cooking,missing,missing,missing,missing,missing,missing,missing,missing,missing,MTC
1499,0.000153362,0.00267954,0.01270667,0.0123845999999999,0.0118743,0.0115617499999999,0.01140486,0.010668708,0.010498307,s1-procureScaling-h,high,AR,comm cooling,missing,missing,missing,missing,missing,missing,missing,missing,missing,MTC
1500,0.316949021,0.3749322,0.3363294,0.32980001,0.30354287,0.28728053,0.27246117,0.224418423,0.2147213009999999,s1-procureScaling-h,high,AR,comm heating,missing,missing,missing,missing,missing,missing,missing,missing,missing,MTC
1501,0.06191868,0.08055073,0.0926196399999999,0.0917761489999999,0.0860619209999999,0.082825659,0.081606922,0.0738116031,0.0733821605,s1-procureScaling-h,high,AR,comm hot water,missing,missing,missing,missing,missing,missing,missing,missing,missing,MTC
1502,0.0255412,0.0436595,0.241207,0.2440861,0.2393021,0.2344741,0.2340225,0.2194361,0.219969,s1-procureScaling-h,high,AR,comm other,missing,missing,missing,missing,missing,missing,missing,missing,missing,MTC
1503,0.0,0.0,0.0,0.0,0.0,0.0,0.0,0.00147974,0.01530281,s1-procureScaling-h,high,AR,gas to liquids,missing,missing,missing,missing,missing,missing,missing,missing,missing,MTC
1504,3.43068166,3.3638071000000003,2.9456896660000003,3.0153417605999997,3.17145065054,3.2994015552600016,3.382898488539998,3.272770823280001,3.2786169798519995,s1-procureScaling-h,high,AR,industrial energy use,missing,missing,missing,missing,missing,missing,missing,missing,missing,MTC
1505,3.21347376,3.54307382,2.116597875,2.1203593109000005,1.4733191510999997,1.3665799943000003,1.3717666522,1.0490483351000008,0.9963472061,s1-procureScaling-h,high,AR,intermediate generation,missing,missing,missing,missing,missing,missing,missing,missing,missing,MTC
1506,0.187761,0.196422,0.2327707,0.2269766,0.1818043999999999,0.1589496,0.1474426,0.12646535,0.1068483,s1-procureScaling-h,high,AR,oil refining,missing,missing,missing,missing,missing,missing,missing,missing,missing,MTC
1507,0.04044043,0.03093145,0.018723489746,0.0167699555406099,0.00955414433944,0.00811030848724,0.00701405226566,0.00434165964259,0.00310629368624,s1-procureScaling-h,high,AR,peak generation,missing,missing,missing,missing,missing,missing,missing,missing,missing,MTC
1508,0.062905523,0.0898397079999999,0.062107653,0.065876583,0.04403199,0.04598854,0.04864893,0.04830819,0.05024939,s1-procureScaling-h,high,AR,process heat cement,missing,missing,missing,missing,missing,missing,missing,missing,missing,MTC
1509,-1.59023,-1.88517,-1.74869,-2.08046,-5.09733,-6.21524,-6.55851,-9.37862,-11.172,s1-procureScaling-h,high,AR,regional biomass,missing,missing,missing,missing,missing,missing,missing,missing,missing,MTC
1510,0.0,-0.0070334,-0.154499,-0.157965,-0.150819,-0.138373,-0.120819,-0.121691,-0.113914,s1-procureScaling-h,high,AR,regional biomassOil,missing,missing,missing,missing,missing,missing,missing,missing,missing,MTC
1511,0.0,0.0,-0.0198084,-0.0444411,-0.125316,-0.157715,-0.166499,-0.242578,-0.286787,s1-procureScaling-h,high,AR,regional corn for ethanol,missing,missing,missing,missing,missing,missing,missing,missing,missing,MTC
1512,0.00793922,0.00858106,0.002841075,0.002859768,0.002813473,0.002740807,0.002844209,0.002790847,0.002704876,s1-procureScaling-h,high,AR,resid clothes dryers,missing,missing,missing,missing,missing,missing,missing,missing,missing,MTC
1513,0.03044738,0.0270201799999999,0.013623497,0.012936781,0.011784918,0.0107356589999999,0.0096503691,0.0091893313,0.0086386256999999,s1-procureScaling-h,high,AR,resid cooking,missing,missing,missing,missing,missing,missing,missing,missing,missing,MTC
1514,0.4938534698,0.46450463,0.434404041,0.4023576109999999,0.357291631,0.303703931,0.2481276429999999,0.193337056,0.1501982628999999,s1-procureScaling-h,high,AR,resid heating,missing,missing,missing,missing,missing,missing,missing,missing,missing,MTC
1515,0.15690878,0.18452388,0.093302693,0.088480862,0.08415255,0.0757344842999999,0.079799658,0.075518734,0.071963806,s1-procureScaling-h,high,AR,resid hot water,missing,missing,missing,missing,missing,missing,missing,missing,missing,MTC
1516,0.01829982,0.0061838,0.01392138,0.01420361,0.01538585,0.01644279,0.01778224,0.01566362,0.01586182,s1-procureScaling-h,high,AR,resid other,missing,missing,missing,missing,missing,missing,missing,missing,missing,MTC
1517,0.290369838,0.213148392,0.1310014594,0.1192276985696,0.0739326897505,0.0639154962369999,0.0564282515519999,0.039200600315,0.0312526764949999,s1-procureScaling-h,high,AR,subpeak generation,missing,missing,missing,missing,missing,missing,missing,missing,missing,MTC
1518,0.0385637,0.0294639,0.0291948,0.0299001,0.029333,0.0303309,0.0315611,0.0320726,0.0333231,s1-procureScaling-h,high,AR,trn_aviation_intl,missing,missing,missing,missing,missing,missing,missing,missing,missing,MTC
1519,0.111116,0.1547894386,0.137799,0.143309,0.146896,0.155141,0.163469,0.171689,0.18568,s1-procureScaling-h,high,AR,trn_freight,missing,missing,missing,missing,missing,missing,missing,missing,missing,MTC
1520,1.6826630000000002,2.343585,2.07457723,2.115493147,1.947866699,1.79064339,1.7438192010000002,1.587942042,1.476426864,s1-procureScaling-h,high,AR,trn_freight_road,missing,missing,missing,missing,missing,missing,missing,missing,missing,MTC
1521,0.15209923,0.11919123,0.12297826,0.12857001,0.1204452999999999,0.12795824,0.1345376099999999,0.13524383,0.14314189,s1-procureScaling-h,high,AR,trn_pass,missing,missing,missing,missing,missing,missing,missing,missing,missing,MTC
1522,0.0645287,0.09446614,0.1229332599999999,0.12710483,0.09184512,0.0699590899999999,0.06105569,0.05757258,0.05551006,s1-procureScaling-h,high,AR,trn_pass_road,missing,missing,missing,missing,missing,missing,missing,missing,missing,MTC
1523,0.00816335,0.0101037,0.00893792,0.00784112,0.00711783,0.00680777,0.00660812,0.00635084,0.0063197,s1-procureScaling-h,high,AR,trn_pass_road_LDV,missing,missing,missing,missing,missing,missing,missing,missing,missing,MTC
1524,2.3192825600000004,2.8705351300000004,2.76174726,2.44711108,1.84324991,1.3942734039999998,1.0387911790000002,0.919012085,0.860741394,s1-procureScaling-h,high,AR,trn_pass_road_LDV_4W,missing,missing,missing,missing,missing,missing,missing,missing,missing,MTC
1525,0.0,0.000252713,0.0,0.0,0.0,0.0,0.0,0.0,0.0,s1-procureScaling-h,high,AR,trn_shipping_intl,missing,missing,missing,missing,missing,missing,missing,missing,missing,MTC
1526,0.0,0.0,0.0,-0.1802184499999999,-0.3873187,-1.005742,-2.702515,-7.649886,-23.49096,s1-procureScaling-h,high,CA,CDR_regional,missing,missing,missing,missing,missing,missing,missing,missing,missing,MTC
1527,0.377224,0.251365,0.2873359,0.3053962,0.27384875,0.2426576899999999,0.21459128,0.17179897,0.14246182,s1-procureScaling-h,high,CA,N fertilizer,missing,missing,missing,missing,missing,missing,missing,missing,missing,MTC
1528,2.93951499,3.70714192,5.083331924,5.861045295800001,4.3160463129999975,3.5617477830000013,3.1526623490000008,2.9002170974,2.871069318299999,s1-procureScaling-h,high,CA,base load generation,missing,missing,missing,missing,missing,missing,missing,missing,missing,MTC
1529,0.0,0.006239025,0.0903118,0.08688428,0.0665573,0.0520063,0.03904048,0.0248797599999999,0.0110275,s1-procureScaling-h,high,CA,biomass liquids,missing,missing,missing,missing,missing,missing,missing,missing,missing,MTC
1530,0.0,0.0,0.0564468329999999,0.232639974,1.1036989839999998,1.3869175690000002,1.4537708979999997,2.110076547,2.6228749910000007,s1-procureScaling-h,high,CA,biorefining,missing,missing,missing,missing,missing,missing,missing,missing,missing,MTC
1531,1.1583,1.63701,1.27435,1.45586,0.28162,0.261953,0.274817,0.1976489,0.2060461999999999,s1-procureScaling-h,high,CA,cement,missing,missing,missing,missing,missing,missing,missing,missing,missing,MTC
1532,0.442681,0.498531,0.297948,0.3126869,0.3042544,0.3015361000000001,0.3033483999999999,0.28479127,0.27872862,s1-procureScaling-h,high,CA,comm cooking,missing,missing,missing,missing,missing,missing,missing,missing,missing,MTC
1533,0.0175129,0.0505122,0.02293855,0.02361665,0.02358319,0.02370228,0.02389643,0.0224856,0.021969975,s1-procureScaling-h,high,CA,comm cooling,missing,missing,missing,missing,missing,missing,missing,missing,missing,MTC
1534,2.7239036000000003,1.89364364,1.384628,1.4169145,1.3893349,1.3753987,1.34410902,1.17555043,1.1241598200000005,s1-procureScaling-h,high,CA,comm heating,missing,missing,missing,missing,missing,missing,missing,missing,missing,MTC
1535,1.2720550000000002,1.0371557,0.7820921,0.8095458,0.796341,0.7878814,0.7885073499999999,0.7258646500000001,0.71928612,s1-procureScaling-h,high,CA,comm hot water,missing,missing,missing,missing,missing,missing,missing,missing,missing,MTC
1536,0.468399,0.3481597999999999,2.137878,2.249041,2.203817,2.148808,2.125702,1.959541,1.988819,s1-procureScaling-h,high,CA,comm other,missing,missing,missing,missing,missing,missing,missing,missing,missing,MTC
1537,0.0,0.0,0.0,0.0,0.0,0.0,0.0,0.000486757,0.005033811,s1-procureScaling-h,high,CA,gas to liquids,missing,missing,missing,missing,missing,missing,missing,missing,missing,MTC
1538,11.3315472,12.774337,12.62200613,13.254306359999998,13.218317450999995,13.5986638182,14.0340496758,13.7325181055,13.760085947809996,s1-procureScaling-h,high,CA,industrial energy use,missing,missing,missing,missing,missing,missing,missing,missing,missing,MTC
1539,7.34558158,8.2604255,4.58149475,4.367585249,3.928252548000001,3.623676806999999,3.218660318999999,2.790786576,2.452419935999999,s1-procureScaling-h,high,CA,intermediate generation,missing,missing,missing,missing,missing,missing,missing,missing,missing,MTC
1540,8.73583,5.10181,4.870537,4.748132,3.804389,3.325841,3.085988,2.648718,2.2446126,s1-procureScaling-h,high,CA,oil refining,missing,missing,missing,missing,missing,missing,missing,missing,missing,MTC
1541,0.098265687,0.111126248,0.07035545426,0.0630338153993,0.03704659807024,0.0305756402394699,0.023857275144,0.00951203187691,0.00621617985345,s1-procureScaling-h,high,CA,peak generation,missing,missing,missing,missing,missing,missing,missing,missing,missing,MTC
1542,0.93054704,1.3289798,1.0190528,1.1500817,0.8025116999999999,0.8449319,0.9032707,0.9034676,0.9475175,s1-procureScaling-h,high,CA,process heat cement,missing,missing,missing,missing,missing,missing,missing,missing,missing,MTC
1543,-5.11041,-3.82315,-2.10796,-2.57176,-6.48034,-7.9707,-8.42925,-23.7064,-29.5317,s1-procureScaling-h,high,CA,regional biomass,missing,missing,missing,missing,missing,missing,missing,missing,missing,MTC
1544,0.0,-0.00715426,-0.155906,-0.15891,-0.151514,-0.138735,-0.121292,-0.133694,-0.146018,s1-procureScaling-h,high,CA,regional biomassOil,missing,missing,missing,missing,missing,missing,missing,missing,missing,MTC
1545,0.0,-0.0248912,-0.36523,-0.373657,-0.371081,-0.345021,-0.304408,-0.355939,-0.397041,s1-procureScaling-h,high,CA,regional corn for ethanol,missing,missing,missing,missing,missing,missing,missing,missing,missing,MTC
1546,0.163554,0.326809,0.1042193999999999,0.1158852,0.1201332,0.1223763,0.1277594,0.1255909,0.1226435,s1-procureScaling-h,high,CA,resid clothes dryers,missing,missing,missing,missing,missing,missing,missing,missing,missing,MTC
1547,0.5816327,0.98590124,0.42670461,0.45072621,0.4527281199999999,0.4511025389999999,0.4455615559999999,0.432791689,0.4169739950000001,s1-procureScaling-h,high,CA,resid cooking,missing,missing,missing,missing,missing,missing,missing,missing,missing,MTC
1548,5.17335704,2.73895733,2.32800253,2.2769568100000006,2.12407964,1.92470473,1.6983342900000002,1.41634598,1.1786387719999998,s1-procureScaling-h,high,CA,resid heating,missing,missing,missing,missing,missing,missing,missing,missing,missing,MTC
1549,2.7715537,3.7296624,3.2878919200000003,3.58170905,3.7641035499999993,3.87872008,4.08214457,4.10807457,4.14293544,s1-procureScaling-h,high,CA,resid hot water,missing,missing,missing,missing,missing,missing,missing,missing,missing,MTC
1550,0.240192,0.0264953,0.4405184,0.4854846,0.5242650999999999,0.5690204999999999,0.613288,0.5386733,0.5522054999999999,s1-procureScaling-h,high,CA,resid other,missing,missing,missing,missing,missing,missing,missing,missing,missing,MTC
1551,0.72081644,0.7534925100000001,0.255060721,0.23020569260529,0.1387492755157,0.1181641320496,0.0972998465924,0.0682630527689999,0.0424330901835999,s1-procureScaling-h,high,CA,subpeak generation,missing,missing,missing,missing,missing,missing,missing,missing,missing,MTC
1552,2.22999,2.46356,2.74439,2.89427,2.88407,2.96935,3.08621,3.15047,3.26232,s1-procureScaling-h,high,CA,trn_aviation_intl,missing,missing,missing,missing,missing,missing,missing,missing,missing,MTC
1553,1.695018,1.581137,2.625518,2.872972,2.59679,2.753029,2.9021600000000003,2.8889,3.10455,s1-procureScaling-h,high,CA,trn_freight,missing,missing,missing,missing,missing,missing,missing,missing,missing,MTC
1554,9.62284,11.38324,11.91283872,12.816618469999998,12.412634459999998,11.48914014,11.04227895,9.877898989999998,8.79917901,s1-procureScaling-h,high,CA,trn_freight_road,missing,missing,missing,missing,missing,missing,missing,missing,missing,MTC
1555,8.5482903,9.4457711,11.0526245,11.8993613,11.4461611,12.0243276,12.5795338,12.7135798,13.3205354,s1-procureScaling-h,high,CA,trn_pass,missing,missing,missing,missing,missing,missing,missing,missing,missing,MTC
1556,0.369033,0.4470324,0.6090358,0.6132749000000001,0.4291247,0.3247162,0.2889021,0.2778550999999999,0.2732095,s1-procureScaling-h,high,CA,trn_pass_road,missing,missing,missing,missing,missing,missing,missing,missing,missing,MTC
1557,0.086366,0.114525,0.103879,0.0983261,0.0889484,0.0838239,0.0799872,0.075124,0.0732516,s1-procureScaling-h,high,CA,trn_pass_road_LDV,missing,missing,missing,missing,missing,missing,missing,missing,missing,MTC
1558,24.5389074,32.539191,29.0853865,25.8341975,19.34850006,14.45927974,10.573562389999996,9.1612835,8.511506880000004,s1-procureScaling-h,high,CA,trn_pass_road_LDV_4W,missing,missing,missing,missing,missing,missing,missing,missing,missing,MTC
1559,9.1936,7.7235,7.38273,7.77085,7.24439,7.49477,7.74892,7.7009,8.03024,s1-procureScaling-h,high,CA,trn_shipping_intl,missing,missing,missing,missing,missing,missing,missing,missing,missing,MTC
1560,0.0,0.0,0.0,-0.08396113,-0.1713063,-0.1590330999999999,-0.466912,-1.570029,-5.72511,s1-procureScaling-h,high,CO,CDR_regional,missing,missing,missing,missing,missing,missing,missing,missing,missing,MTC
1561,5.033346257,7.197563860000001,5.81899377865,5.5845374845299975,1.27232267671,0.9116662798200004,0.8795814891400003,0.4492513921050001,0.6011923677499997,s1-procureScaling-h,high,CO,base load generation,missing,missing,missing,missing,missing,missing,missing,missing,missing,MTC
1562,0.0,0.00175402,0.0498873,0.0479964,0.0367402,0.0287069,0.0215495,0.0137319,0.00608642,s1-procureScaling-h,high,CO,biomass liquids,missing,missing,missing,missing,missing,missing,missing,missing,missing,MTC
1563,0.0,0.0,0.06039502,0.242072145,1.111892817,1.3969317999999995,1.4534817249999996,1.881070775,2.109817741,s1-procureScaling-h,high,CO,biorefining,missing,missing,missing,missing,missing,missing,missing,missing,missing,MTC
1564,0.215744,0.304908,0.236817,0.273856,0.0501755,0.0466413,0.0490219999999999,0.03543142,0.03688521,s1-procureScaling-h,high,CO,cement,missing,missing,missing,missing,missing,missing,missing,missing,missing,MTC
1565,0.0,0.0,0.0,0.0,0.0,0.0,0.0,0.00079702,0.0085105049999999,s1-procureScaling-h,high,CO,coal to liquids,missing,missing,missing,missing,missing,missing,missing,missing,missing,MTC
1566,0.0341376,0.0504987999999999,0.08225255,0.09162448,0.09185041,0.09346758,0.09597586,0.09162315,0.09071981,s1-procureScaling-h,high,CO,comm cooking,missing,missing,missing,missing,missing,missing,missing,missing,missing,MTC
1567,4.26002e-06,0.000853421,0.000724328,0.000786798,0.000816046,0.000839738,0.0008619147,0.000832816,0.0008249322999999999,s1-procureScaling-h,high,CO,comm cooling,missing,missing,missing,missing,missing,missing,missing,missing,missing,MTC
1568,0.7484879,0.8277796,0.5732001,0.6158187599999998,0.5994953579999999,0.5825632349999998,0.5616253689999999,0.47083966,0.4454436299999998,s1-procureScaling-h,high,CO,comm heating,missing,missing,missing,missing,missing,missing,missing,missing,missing,MTC
1569,0.23396358,0.1247607499999999,0.1721869,0.1876633699999999,0.1886096899999999,0.18719674,0.18549969,0.167034827,0.163221548,s1-procureScaling-h,high,CO,comm hot water,missing,missing,missing,missing,missing,missing,missing,missing,missing,MTC
1570,0.05745088,0.0529517199999999,0.2137859999999999,0.247993,0.276034,0.324619,0.360916,0.355595,0.372761,s1-procureScaling-h,high,CO,comm other,missing,missing,missing,missing,missing,missing,missing,missing,missing,MTC
1571,0.0,0.0,0.0,0.0,0.0,0.0,0.0,0.00411,0.04250368,s1-procureScaling-h,high,CO,gas to liquids,missing,missing,missing,missing,missing,missing,missing,missing,missing,MTC
1572,1.42121108,2.6440784,3.0082438860000003,3.1738156054,3.173475625922,3.248390817990999,3.3337499750969983,3.2863687601269995,3.2663765498340003,s1-procureScaling-h,high,CO,industrial energy use,missing,missing,missing,missing,missing,missing,missing,missing,missing,MTC
1573,3.5741966549999997,4.205477290000001,3.08726785279,3.02044241893,2.0090367567000005,1.8209620904999997,1.7536557683,1.1442280572000003,1.0646860182000002,s1-procureScaling-h,high,CO,intermediate generation,missing,missing,missing,missing,missing,missing,missing,missing,missing,MTC
1574,0.264798,0.239178,0.2649793,0.2584096,0.2070657,0.1810377,0.1679437,0.14405596,0.1217733299999999,s1-procureScaling-h,high,CO,oil refining,missing,missing,missing,missing,missing,missing,missing,missing,missing,MTC
1575,0.0504106245,0.03730172,0.02551886674,0.0230020538412,0.01292823708437,0.01070916885642,0.00859620857978,0.00431029100285,0.00281454561346,s1-procureScaling-h,high,CO,peak generation,missing,missing,missing,missing,missing,missing,missing,missing,missing,MTC
1576,0.1733226,0.2475338799999999,0.1895234,0.21660363,0.1442377799999999,0.15355029,0.16468584,0.16635469,0.17521381,s1-procureScaling-h,high,CO,process heat cement,missing,missing,missing,missing,missing,missing,missing,missing,missing,MTC
1577,-0.221447,-0.220613,-0.383076,-0.691054,-3.72547,-4.75416,-4.99393,-7.58802,-9.99139,s1-procureScaling-h,high,CO,regional biomass,missing,missing,missing,missing,missing,missing,missing,missing,missing,MTC
1578,0.0,0.0,-0.0142017,-0.0229626,-0.0487112,-0.0590555,-0.0616172,-0.0859745,-0.102799,s1-procureScaling-h,high,CO,regional biomassOil,missing,missing,missing,missing,missing,missing,missing,missing,missing,MTC
1579,0.0,-0.00761333,-0.236515,-0.253138,-0.288619,-0.287519,-0.265617,-0.314185,-0.335173,s1-procureScaling-h,high,CO,regional corn for ethanol,missing,missing,missing,missing,missing,missing,missing,missing,missing,MTC
1580,0.0073272,0.0255856,0.00761885,0.00811769,0.00814275,0.00798024,0.008158035,0.007912023,0.0076341899999999,s1-procureScaling-h,high,CO,resid clothes dryers,missing,missing,missing,missing,missing,missing,missing,missing,missing,MTC
1581,0.025859804,0.07968231,0.03797652,0.0378720779999999,0.0355630289999999,0.0332020169999999,0.030500469,0.028959238,0.027316,s1-procureScaling-h,high,CO,resid cooking,missing,missing,missing,missing,missing,missing,missing,missing,missing,MTC
1582,1.1963249299999998,1.45176479,1.47499516,1.44633234,1.3541283599999996,1.2397222099999998,1.1098429,0.949433693,0.8110931250000001,s1-procureScaling-h,high,CO,resid heating,missing,missing,missing,missing,missing,missing,missing,missing,missing,MTC
1583,0.27471532,0.54050483,0.49007812,0.5052119600000001,0.5041100199999999,0.4870421280000001,0.50116268,0.483415549,0.467489402,s1-procureScaling-h,high,CO,resid hot water,missing,missing,missing,missing,missing,missing,missing,missing,missing,MTC
1584,0.01016724,0.0141473,0.0416046,0.0437772,0.0454686,0.0488908,0.0519371,0.0459248,0.0464996,s1-procureScaling-h,high,CO,resid other,missing,missing,missing,missing,missing,missing,missing,missing,missing,MTC
1585,0.339829641,0.250617041,0.05096106257,0.0480167306419399,0.0301590022082799,0.0259183738779,0.0223028836841999,0.0203837690486,0.014167177568,s1-procureScaling-h,high,CO,subpeak generation,missing,missing,missing,missing,missing,missing,missing,missing,missing,MTC
1586,0.144107,0.290122,0.22969,0.247337,0.248956,0.25786,0.26896,0.274696,0.2852,s1-procureScaling-h,high,CO,trn_aviation_intl,missing,missing,missing,missing,missing,missing,missing,missing,missing,MTC
1587,0.0786841,0.122286,0.137724,0.15202,0.160119,0.171447,0.182514,0.192478,0.209947,s1-procureScaling-h,high,CO,trn_freight,missing,missing,missing,missing,missing,missing,missing,missing,missing,MTC
1588,1.1915269999999998,1.851796,2.06732365,2.22762578,2.1003654200000006,1.9616937050000005,1.903197231,1.716952737,1.5838321890000004,s1-procureScaling-h,high,CO,trn_freight_road,missing,missing,missing,missing,missing,missing,missing,missing,missing,MTC
1589,0.55401245,1.11382746,0.92431494,1.01619415,0.98354729,1.0414552499999998,1.0942541499999998,1.10554826,1.16251273,s1-procureScaling-h,high,CO,trn_pass,missing,missing,missing,missing,missing,missing,missing,missing,missing,MTC
1590,0.045695,0.07804271,0.11673776,0.12130789,0.0886804699999999,0.06810583,0.05997293,0.05710029,0.05561526,s1-procureScaling-h,high,CO,trn_pass_road,missing,missing,missing,missing,missing,missing,missing,missing,missing,MTC
1591,0.0100135,0.0152114,0.0156559,0.0150548,0.0140232,0.013486,0.0130773,0.0124766,0.0123142,s1-procureScaling-h,high,CO,trn_pass_road_LDV,missing,missing,missing,missing,missing,missing,missing,missing,missing,MTC
1592,2.84532944,4.32174345,4.59358553,4.18263747,3.193448707000001,2.4258747670000003,1.80728151,1.5608885899999998,1.45051504,s1-procureScaling-h,high,CO,trn_pass_road_LDV_4W,missing,missing,missing,missing,missing,missing,missing,missing,missing,MTC
1593,0.0,0.0,0.0,0.0,0.0,0.0,0.0,0.0,0.0,s1-procureScaling-h,high,CO,trn_shipping_intl,missing,missing,missing,missing,missing,missing,missing,missing,missing,MTC
1594,0.0,0.0,0.0,-0.009882401,-0.02234498,-0.0762574,-0.1863859,-0.4116464,-1.166726,s1-procureScaling-h,high,CT,CDR_regional,missing,missing,missing,missing,missing,missing,missing,missing,missing,MTC
1595,1.2064380999999995,1.4847491700000002,0.6712281099999999,0.6778955682000002,0.595426511,0.5852301744000001,0.5624731198000004,0.3698211462000001,0.4484288498,s1-procureScaling-h,high,CT,base load generation,missing,missing,missing,missing,missing,missing,missing,missing,missing,MTC
1596,0.0,0.0,0.055501981,0.23055119,0.938770575,1.1670116439999996,1.212218345,1.5226648499999995,1.5969873,s1-procureScaling-h,high,CT,biorefining,missing,missing,missing,missing,missing,missing,missing,missing,missing,MTC
1597,0.0766575,0.108339,0.0739986,0.0800682,0.01814675,0.0168895999999999,0.01817105,0.01223662,0.0129054299999999,s1-procureScaling-h,high,CT,cement,missing,missing,missing,missing,missing,missing,missing,missing,missing,MTC
1598,0.0248977599999999,0.0279396999999999,0.022786749,0.022758683,0.021292155,0.020551235,0.020450686,0.019070755,0.0188957909999999,s1-procureScaling-h,high,CT,comm cooking,missing,missing,missing,missing,missing,missing,missing,missing,missing,MTC
1599,0.00317228,0.0109255,0.01483726,0.0145605599999999,0.0140785,0.0138027399999999,0.01373428,0.013000269,0.0129808919999999,s1-procureScaling-h,high,CT,comm cooling,missing,missing,missing,missing,missing,missing,missing,missing,missing,MTC
1600,0.6121969,0.76952464,0.54255195,0.5349647000000001,0.5043342900000001,0.4813797899999999,0.45605621,0.37582032,0.3600508569999999,s1-procureScaling-h,high,CT,comm heating,missing,missing,missing,missing,missing,missing,missing,missing,missing,MTC
1601,0.246775,0.078021,0.06304921,0.0624054599999999,0.0590233679999999,0.0568402209999999,0.0560720029999999,0.0507955431,0.0509021926,s1-procureScaling-h,high,CT,comm hot water,missing,missing,missing,missing,missing,missing,missing,missing,missing,MTC
1602,0.0436331,0.0296487,0.2985564,0.3019,0.2964877,0.2976335,0.3024328,0.2891455,0.2948144,s1-procureScaling-h,high,CT,comm other,missing,missing,missing,missing,missing,missing,missing,missing,missing,MTC
1603,0.6013576988,0.5516059401,0.478019786,0.4876359085999999,0.4930240474,0.5116320348,0.5314944205000001,0.5276767868000001,0.5289339807000001,s1-procureScaling-h,high,CT,industrial energy use,missing,missing,missing,missing,missing,missing,missing,missing,missing,MTC
1604,1.7856464,1.4345129,1.0829697310000002,1.039943073,0.9299734198000004,0.8579617400999998,0.7739357240999999,0.6740660432000001,0.6031885053999998,s1-procureScaling-h,high,CT,intermediate generation,missing,missing,missing,missing,missing,missing,missing,missing,missing,MTC
1605,0.02929896,0.0131546399999999,0.0140147946869999,0.0124067945717899,0.00731462201768,0.0065402511494899,0.00571470525051,0.0036005793135,0.0025988981586999,s1-procureScaling-h,high,CT,peak generation,missing,missing,missing,missing,missing,missing,missing,missing,missing,MTC
1606,0.06158463,0.087953318,0.059212644,0.063297111,0.04501279,0.04770457,0.0517029599999999,0.05211974,0.05503263,s1-procureScaling-h,high,CT,process heat cement,missing,missing,missing,missing,missing,missing,missing,missing,missing,MTC
1607,-0.709222,-0.548885,-0.541738,-0.825156,-3.17359,-3.98699,-4.17128,-5.7031,-6.59898,s1-procureScaling-h,high,CT,regional biomass,missing,missing,missing,missing,missing,missing,missing,missing,missing,MTC
1608,0.0,0.0,-0.0129167,-0.0212212,-0.0425127,-0.0509535,-0.0530244,-0.0712655,-0.0776314,s1-procureScaling-h,high,CT,regional biomassOil,missing,missing,missing,missing,missing,missing,missing,missing,missing,MTC
1609,0.0,0.0,-0.0162036,-0.0371995,-0.0994075,-0.123937,-0.130601,-0.185907,-0.206886,s1-procureScaling-h,high,CT,regional corn for ethanol,missing,missing,missing,missing,missing,missing,missing,missing,missing,MTC
1610,0.00696368,0.0101857,0.0047788,0.0047505099999999,0.004598256,0.004409903,0.004553043,0.004475132,0.004377154,s1-procureScaling-h,high,CT,resid clothes dryers,missing,missing,missing,missing,missing,missing,missing,missing,missing,MTC
1611,0.02794703,0.03562049,0.029461321,0.0280647459999999,0.025690578,0.023807569,0.0219087601,0.021211559,0.020488216,s1-procureScaling-h,high,CT,resid cooking,missing,missing,missing,missing,missing,missing,missing,missing,missing,MTC
1612,1.6571028199999998,1.74121075,1.18587349,1.14027775,1.0722572300000002,0.99932435,0.91058161,0.79629964,0.6875319400000001,s1-procureScaling-h,high,CT,resid heating,missing,missing,missing,missing,missing,missing,missing,missing,missing,MTC
1613,0.3577236,0.4413191,0.31066082,0.29613595,0.2767158999999999,0.243584307,0.244648064,0.2281028299999999,0.2117410999999999,s1-procureScaling-h,high,CT,resid hot water,missing,missing,missing,missing,missing,missing,missing,missing,missing,MTC
1614,0.01977228,0.0245,0.0333342,0.0329997,0.0331874,0.035986,0.0386503,0.0347038,0.0357038,s1-procureScaling-h,high,CT,resid other,missing,missing,missing,missing,missing,missing,missing,missing,missing,MTC
1615,0.18552201,0.1325612,0.08692415279,0.0784529092165,0.0505673421959999,0.045764403834,0.040938791714,0.0307147215829999,0.024368134316,s1-procureScaling-h,high,CT,subpeak generation,missing,missing,missing,missing,missing,missing,missing,missing,missing,MTC
1616,0.055314,0.0579593,0.0341494,0.0346437,0.0343512,0.035571,0.0373293,0.0383535,0.0399175,s1-procureScaling-h,high,CT,trn_aviation_intl,missing,missing,missing,missing,missing,missing,missing,missing,missing,MTC
1617,0.0565099399999999,0.0704565329999999,0.0584467,0.0611857,0.0635653,0.0681851,0.0734762,0.0785275,0.0855629,s1-procureScaling-h,high,CT,trn_freight,missing,missing,missing,missing,missing,missing,missing,missing,missing,MTC
1618,0.830737,1.058751,0.881177655,0.905070646,0.8437896650000001,0.789490413,0.7867281330000001,0.729074439,0.685492351,s1-procureScaling-h,high,CT,trn_freight_road,missing,missing,missing,missing,missing,missing,missing,missing,missing,MTC
1619,0.21370423,0.22446011,0.1378701,0.14238203,0.13597111,0.14380167,0.152024,0.1545942599999999,0.16273802,s1-procureScaling-h,high,CT,trn_pass,missing,missing,missing,missing,missing,missing,missing,missing,missing,MTC
1620,0.0318577,0.04238661,0.05394126,0.05539327,0.0397651999999999,0.03033767,0.0266585799999999,0.02530548,0.02456249,s1-procureScaling-h,high,CT,trn_pass_road,missing,missing,missing,missing,missing,missing,missing,missing,missing,MTC
1621,0.00880427,0.0115404,0.00873703,0.00778592,0.00711792,0.0068653,0.00677228,0.00655044,0.00651462,s1-procureScaling-h,high,CT,trn_pass_road_LDV,missing,missing,missing,missing,missing,missing,missing,missing,missing,MTC
1622,2.50155212,3.27866558,2.77720752,2.4497469,1.833203409,1.3796052299999997,1.020678629,0.901342615,0.842473999,s1-procureScaling-h,high,CT,trn_pass_road_LDV_4W,missing,missing,missing,missing,missing,missing,missing,missing,missing,MTC
1623,0.0143243,0.00503283,0.0,0.0,0.0,0.0,0.0,0.0,0.0,s1-procureScaling-h,high,CT,trn_shipping_intl,missing,missing,missing,missing,missing,missing,missing,missing,missing,MTC
1624,0.0,0.0,0.0,-0.0057184869999999,-0.0128052,-0.03718043,-0.1014748999999999,-0.2752278999999999,-0.7835248,s1-procureScaling-h,high,DE,CDR_regional,missing,missing,missing,missing,missing,missing,missing,missing,missing,MTC
1625,0.740305,0.738121,0.14552893006,0.1402213802169999,0.0851447529799999,0.06789449663,0.06439067253,0.036233861968,0.0415135646249999,s1-procureScaling-h,high,DE,base load generation,missing,missing,missing,missing,missing,missing,missing,missing,missing,MTC
1626,0.0,0.0,0.0578784989999999,0.236048615,1.071674574,1.3448262460000002,1.3988181529999997,1.7851363259999995,1.860699997,s1-procureScaling-h,high,DE,biorefining,missing,missing,missing,missing,missing,missing,missing,missing,missing,MTC
1627,0.00290743,0.00860613,0.010661681,0.010734135,0.0099111299999999,0.009626917,0.009635125,0.008935452,0.008853117,s1-procureScaling-h,high,DE,comm cooking,missing,missing,missing,missing,missing,missing,missing,missing,missing,MTC
1628,0.000222941,0.000700063,0.00030478479999999995,0.00029930140000000005,0.0002879117,0.0002826734,0.0002822059,0.00026654049,0.00026518466,s1-procureScaling-h,high,DE,comm cooling,missing,missing,missing,missing,missing,missing,missing,missing,missing,MTC
1629,0.12865381,0.14533899,0.118196513,0.115967112,0.1052764529999999,0.0970175999999999,0.089405884,0.0678247716,0.063743879,s1-procureScaling-h,high,DE,comm heating,missing,missing,missing,missing,missing,missing,missing,missing,missing,MTC
1630,0.01684923,0.01746795,0.026306489,0.026226442,0.024448191,0.023468601,0.0231921605999999,0.0206138264,0.0205202349999999,s1-procureScaling-h,high,DE,comm hot water,missing,missing,missing,missing,missing,missing,missing,missing,missing,MTC
1631,0.01249492,0.0107425,0.0510116,0.053734,0.0559616,0.0617092,0.0665478,0.0642285,0.0664791,s1-procureScaling-h,high,DE,comm other,missing,missing,missing,missing,missing,missing,missing,missing,missing,MTC
1632,0.52451387,0.3387563999999999,0.4169325310999999,0.4302575686999999,0.4294168201,0.4398759351999998,0.4533264690999999,0.4438239784900001,0.4425391916,s1-procureScaling-h,high,DE,industrial energy use,missing,missing,missing,missing,missing,missing,missing,missing,missing,MTC
1633,1.077497,0.969981,0.4779268244699999,0.4557943641600001,0.3832229543720001,0.344757364798,0.308681397431,0.2545563172439999,0.2276938146019999,s1-procureScaling-h,high,DE,intermediate generation,missing,missing,missing,missing,missing,missing,missing,missing,missing,MTC
1634,0.487783,0.461806,0.4680425,0.4563272,0.3655382,0.3195446,0.296428,0.25433865,0.2152419099999999,s1-procureScaling-h,high,DE,oil refining,missing,missing,missing,missing,missing,missing,missing,missing,missing,MTC
1635,0.01554609,0.01095388,0.008591828046,0.00772041618359,0.0048195183394699,0.0041868177974799,0.0035771339266699,0.0023312286468099,0.00168581952683,s1-procureScaling-h,high,DE,peak generation,missing,missing,missing,missing,missing,missing,missing,missing,missing,MTC
1636,-0.0310981,-0.018922,-0.12128,-0.418479,-3.21581,-4.14281,-4.33469,-5.74998,-6.14602,s1-procureScaling-h,high,DE,regional biomass,missing,missing,missing,missing,missing,missing,missing,missing,missing,MTC
1637,0.0,0.0,-0.0135531,-0.022084,-0.0467566,-0.0566485,-0.059092,-0.0812259,-0.0879186,s1-procureScaling-h,high,DE,regional biomassOil,missing,missing,missing,missing,missing,missing,missing,missing,missing,MTC
1638,0.0,0.0,-0.0180282,-0.0408576,-0.11678,-0.147095,-0.155272,-0.225734,-0.249072,s1-procureScaling-h,high,DE,regional corn for ethanol,missing,missing,missing,missing,missing,missing,missing,missing,missing,MTC
1639,0.00108488,0.00224218,0.001062384,0.001061709,0.001024706,0.000984173,0.001014837,0.000992093,0.000958957,s1-procureScaling-h,high,DE,resid clothes dryers,missing,missing,missing,missing,missing,missing,missing,missing,missing,MTC
1640,0.004479569,0.007394495,0.006521279,0.006314509,0.005824723,0.0054022768999999,0.0049868887,0.0047796723,0.0045441801,s1-procureScaling-h,high,DE,resid cooking,missing,missing,missing,missing,missing,missing,missing,missing,missing,MTC
1641,0.24616137,0.24326006,0.17479925,0.162459302,0.1432264199999999,0.120006505,0.0958700429999999,0.072226743,0.0535572175,s1-procureScaling-h,high,DE,resid heating,missing,missing,missing,missing,missing,missing,missing,missing,missing,MTC
1642,0.0286303049999999,0.05343829,0.0366520939999999,0.034941058,0.032666106,0.0286920823999999,0.0298494332999999,0.0278467365,0.0261320169999999,s1-procureScaling-h,high,DE,resid hot water,missing,missing,missing,missing,missing,missing,missing,missing,missing,MTC
1643,0.00346236,0.003234,0.0072541199999999,0.00747444,0.00784483,0.00840493,0.00906906,0.00792553,0.00805111,s1-procureScaling-h,high,DE,resid other,missing,missing,missing,missing,missing,missing,missing,missing,missing,MTC
1644,0.1532627999999999,0.0955477,0.05966235783,0.0546661569633,0.0373845042517,0.0332097504319999,0.029312119488,0.0221620058259999,0.018512826136,s1-procureScaling-h,high,DE,subpeak generation,missing,missing,missing,missing,missing,missing,missing,missing,missing,MTC
1645,0.029276,0.00394274,0.00273907,0.00276878,0.00270449,0.00277188,0.00286464,0.00289918,0.00298561,s1-procureScaling-h,high,DE,trn_aviation_intl,missing,missing,missing,missing,missing,missing,missing,missing,missing,MTC
1646,0.0329279,0.0420074999999999,0.01827194,0.01859392,0.0174932899999999,0.01837079,0.01921387,0.01956155,0.02087797,s1-procureScaling-h,high,DE,trn_freight,missing,missing,missing,missing,missing,missing,missing,missing,missing,MTC
1647,0.2322408,0.2326272999999999,0.19204787,0.1924606951999999,0.176744909,0.160887011,0.1563704972,0.141220422,0.1287051746,s1-procureScaling-h,high,DE,trn_freight_road,missing,missing,missing,missing,missing,missing,missing,missing,missing,MTC
1648,0.112520634,0.015715239,0.0113439489999999,0.011628028,0.010903942,0.011420346,0.011887729,0.011898054,0.01241884,s1-procureScaling-h,high,DE,trn_pass,missing,missing,missing,missing,missing,missing,missing,missing,missing,MTC
1649,0.00890613,0.0089474599,0.0127798409999999,0.013574081,0.010286178,0.008120015,0.007259546,0.006966525,0.00684249,s1-procureScaling-h,high,DE,trn_pass_road,missing,missing,missing,missing,missing,missing,missing,missing,missing,MTC
1650,0.00227553,0.0031752,0.00259901,0.00219742,0.00191668,0.00179345,0.00170158,0.00158821,0.00153378,s1-procureScaling-h,high,DE,trn_pass_road_LDV,missing,missing,missing,missing,missing,missing,missing,missing,missing,MTC
1651,0.646626235,0.902423783,0.911444583,0.8152610149999999,0.615588062,0.4650066859,0.345185714,0.3017120129999999,0.2813977089999999,s1-procureScaling-h,high,DE,trn_pass_road_LDV_4W,missing,missing,missing,missing,missing,missing,missing,missing,missing,MTC
1652,0.152638,0.248128,0.0239895,0.0242697,0.022089,0.0227165,0.0233398,0.0229622,0.0237728,s1-procureScaling-h,high,DE,trn_shipping_intl,missing,missing,missing,missing,missing,missing,missing,missing,missing,MTC
1653,0.0,0.0,0.0019333005,0.0021655586529999,0.00964535206,0.0143337512799999,0.01993624672,0.0233884545299999,0.0261283676149999,s1-procureScaling-h,high,DC,base load generation,missing,missing,missing,missing,missing,missing,missing,missing,missing,MTC
1654,0.01015574,0.01951154,0.01714661,0.01763914,0.0186455699999999,0.019437308,0.020478038,0.021305103,0.022186403,s1-procureScaling-h,high,DC,comm cooking,missing,missing,missing,missing,missing,missing,missing,missing,missing,MTC
1655,0.00119848,0.00231176,0.0007081310000000001,0.000711404,0.000732793,0.0007748482,0.0008299964,0.000877372,0.0009170328,s1-procureScaling-h,high,DC,comm cooling,missing,missing,missing,missing,missing,missing,missing,missing,missing,MTC
1656,0.28607459,0.258073401,0.148689051,0.147495819,0.149339417,0.151361963,0.1541578759999999,0.151935262,0.1569158533,s1-procureScaling-h,high,DC,comm heating,missing,missing,missing,missing,missing,missing,missing,missing,missing,MTC
1657,0.04198291,0.03682455,0.037099636,0.0375618299999999,0.0401283359,0.0428038403,0.0459963278,0.04831484285,0.05076375821,s1-procureScaling-h,high,DC,comm hot water,missing,missing,missing,missing,missing,missing,missing,missing,missing,MTC
1658,0.0312584999999999,0.01453926,0.04449048,0.0519152,0.0760947,0.1003681999999999,0.1158547,0.1228316,0.129333,s1-procureScaling-h,high,DC,comm other,missing,missing,missing,missing,missing,missing,missing,missing,missing,MTC
1659,0.005699628,0.00673899,0.0018729780899999,0.00192477317,0.0020957211899999,0.0022390925199999,0.00237022508,0.0024484637,0.0025273716099999,s1-procureScaling-h,high,DC,industrial energy use,missing,missing,missing,missing,missing,missing,missing,missing,missing,MTC
1660,0.0754603,0.0490159,0.0058276687,0.00673897169,0.0150092754,0.0207166565,0.0268786406999999,0.0459960836,0.0632595342,s1-procureScaling-h,high,DC,intermediate generation,missing,missing,missing,missing,missing,missing,missing,missing,missing,MTC
1661,0.0,0.0,0.0,0.0,0.0,0.0,0.0,0.0,0.0,s1-procureScaling-h,high,DC,peak generation,missing,missing,missing,missing,missing,missing,missing,missing,missing,MTC
1662,-0.0247435,-0.00104421,-0.00540483,-0.00509064,-0.00891586,-0.00927578,-0.0088962,-0.00744356,-0.00704614,s1-procureScaling-h,high,DC,regional biomass,missing,missing,missing,missing,missing,missing,missing,missing,missing,MTC
1663,0.00238702,0.00321772,0.0014043279999999,0.001433672,0.0015393079999999,0.001691314,0.001863609,0.001974282,0.002026457,s1-procureScaling-h,high,DC,resid clothes dryers,missing,missing,missing,missing,missing,missing,missing,missing,missing,MTC
1664,0.0082147971999999,0.009818317,0.0061134291,0.0060305903,0.0062103298,0.0064808830999999,0.00682130365,0.0071097224199999,0.0072948208699999,s1-procureScaling-h,high,DC,resid cooking,missing,missing,missing,missing,missing,missing,missing,missing,missing,MTC
1665,0.211702352,0.162318093,0.133219494,0.1255101429999999,0.117435997,0.108798921,0.1008999388,0.0936951565999999,0.088038628,s1-procureScaling-h,high,DC,resid heating,missing,missing,missing,missing,missing,missing,missing,missing,missing,MTC
1666,0.0452600262,0.056566533,0.0414762157,0.0405650925999999,0.0436001241999999,0.0467060035,0.0507158236,0.0525701434,0.0535609469,s1-procureScaling-h,high,DC,resid hot water,missing,missing,missing,missing,missing,missing,missing,missing,missing,MTC
1667,0.00267514,0.00079184,0.0060756959999999,0.006256805,0.00801877,0.0087737029999999,0.009548676,0.00939336,0.00963538,s1-procureScaling-h,high,DC,resid other,missing,missing,missing,missing,missing,missing,missing,missing,missing,MTC
1668,0.018865,0.012254,0.0,0.0,0.0,0.0,0.0,0.0,0.0,s1-procureScaling-h,high,DC,subpeak generation,missing,missing,missing,missing,missing,missing,missing,missing,missing,MTC
1669,0.000126486,0.0,0.0,0.0,0.0,0.0,0.0,0.0,0.0,s1-procureScaling-h,high,DC,trn_aviation_intl,missing,missing,missing,missing,missing,missing,missing,missing,missing,MTC
1670,0.0092448872,0.00499776,0.0031265,0.00331846,0.00355896,0.00379478,0.00401481,0.00435572,0.00469375,s1-procureScaling-h,high,DC,trn_freight,missing,missing,missing,missing,missing,missing,missing,missing,missing,MTC
1671,0.1391243999999999,0.0756760099999999,0.0470734768,0.0489963134,0.0493331232,0.0473343451599999,0.0468667146,0.0464074466,0.0458028683,s1-procureScaling-h,high,DC,trn_freight_road,missing,missing,missing,missing,missing,missing,missing,missing,missing,MTC
1672,0.000870242,0.00021364,0.000128009,0.00013263,0.000141968,0.000148539,0.000153683,0.000158821,0.000164348,s1-procureScaling-h,high,DC,trn_pass,missing,missing,missing,missing,missing,missing,missing,missing,missing,MTC
1673,0.00533513,0.003196667,0.004465097,0.00486493,0.003953567,0.003343059,0.003106846,0.003052601,0.003046061,s1-procureScaling-h,high,DC,trn_pass_road,missing,missing,missing,missing,missing,missing,missing,missing,missing,MTC
1674,0.00111524,0.000917275,0.000672225,0.000590482,0.000540681,0.000498268,0.0004629,0.000433321,0.000407719,s1-procureScaling-h,high,DC,trn_pass_road_LDV,missing,missing,missing,missing,missing,missing,missing,missing,missing,MTC
1675,0.316624699,0.260480462,0.219745847,0.1953847545,0.1514061631,0.1183302705,0.0919943473,0.0843235998,0.082205109,s1-procureScaling-h,high,DC,trn_pass_road_LDV_4W,missing,missing,missing,missing,missing,missing,missing,missing,missing,MTC
1676,0.000513545,0.0,0.0,0.0,0.0,0.0,0.0,0.0,0.0,s1-procureScaling-h,high,DC,trn_shipping_intl,missing,missing,missing,missing,missing,missing,missing,missing,missing,MTC
1677,0.0,0.0,0.0,-0.17124807,-0.3385741999999999,-0.8735040000000001,-2.274472,-6.3133420000000005,-23.80475,s1-procureScaling-h,high,FL,CDR_regional,missing,missing,missing,missing,missing,missing,missing,missing,missing,MTC
1678,2.1773,1.45086,1.549321,1.625426,1.4438265,1.2448731,1.0620041999999998,0.8182725999999999,0.6677112,s1-procureScaling-h,high,FL,N fertilizer,missing,missing,missing,missing,missing,missing,missing,missing,missing,MTC
1679,15.1174595,21.0764159,17.361480077000003,17.6375983494,12.3530151816,10.8233401653,10.259822811499996,5.675981698699999,5.076055119060002,s1-procureScaling-h,high,FL,base load generation,missing,missing,missing,missing,missing,missing,missing,missing,missing,MTC
1680,0.0,6.83965e-05,0.00136471,0.00131334,0.00100047,0.000781644,0.000586738,0.000373841,0.000165699,s1-procureScaling-h,high,FL,biomass liquids,missing,missing,missing,missing,missing,missing,missing,missing,missing,MTC
1681,0.0,0.0,0.06153752,0.244556879,1.0933083439999998,1.3718573590000005,1.4273159369999997,1.956513654,2.332378785,s1-procureScaling-h,high,FL,biorefining,missing,missing,missing,missing,missing,missing,missing,missing,missing,MTC
1682,0.701497,0.991415,0.769091,0.87698,0.1643625,0.1499445,0.1553089999999999,0.1092655,0.1120834,s1-procureScaling-h,high,FL,cement,missing,missing,missing,missing,missing,missing,missing,missing,missing,MTC
1683,0.0717606,0.2146386,0.1488919999999999,0.1555507,0.14734706,0.14384293,0.1437013399999999,0.1307324,0.12546441,s1-procureScaling-h,high,FL,comm cooking,missing,missing,missing,missing,missing,missing,missing,missing,missing,MTC
1684,0.0184628,0.0553147,0.01327594,0.01381263,0.01405437,0.01457883,0.0152027999999999,0.014731074,0.014452803,s1-procureScaling-h,high,FL,comm cooling,missing,missing,missing,missing,missing,missing,missing,missing,missing,MTC
1685,0.27538332,0.203826269,0.06839027,0.06966408,0.06640713,0.06386947,0.060666678,0.0492233039999999,0.0455137499999999,s1-procureScaling-h,high,FL,comm heating,missing,missing,missing,missing,missing,missing,missing,missing,missing,MTC
1686,0.684124,0.489275,0.3796605999999999,0.39082908,0.3768088,0.36601758,0.36197607,0.313413314,0.300901023,s1-procureScaling-h,high,FL,comm hot water,missing,missing,missing,missing,missing,missing,missing,missing,missing,MTC
1687,0.505282,0.4571081,0.8557980000000001,0.934646,1.008747,1.117423,1.202911,1.123009,1.165614,s1-procureScaling-h,high,FL,comm other,missing,missing,missing,missing,missing,missing,missing,missing,missing,MTC
1688,0.0,0.0,0.0,0.0,0.0,0.0,0.0,1.77003e-06,1.830473e-05,s1-procureScaling-h,high,FL,gas to liquids,missing,missing,missing,missing,missing,missing,missing,missing,missing,MTC
1689,5.047564799999999,4.4007395,4.918474890000001,5.290822329999999,6.221516786,6.773757030899999,7.056456186600001,6.426992718500001,6.581293934500001,s1-procureScaling-h,high,FL,industrial energy use,missing,missing,missing,missing,missing,missing,missing,missing,missing,MTC
1690,8.311465,13.0372686,9.018799977000004,8.9144497764,7.449028841199999,6.88111744,6.384593102590001,5.463174764000004,5.035477330600002,s1-procureScaling-h,high,FL,intermediate generation,missing,missing,missing,missing,missing,missing,missing,missing,missing,MTC
1691,0.08860199,0.1253455,0.10614773856,0.0961528287566999,0.0626144704797,0.0539690710512,0.0465397885617999,0.0262570349362,0.0191343838381,s1-procureScaling-h,high,FL,peak generation,missing,missing,missing,missing,missing,missing,missing,missing,missing,MTC
1692,0.56356453,0.80486526,0.61551375,0.6936504900000001,0.4679866,0.4883119999999999,0.5163459,0.5135796,0.5331579,s1-procureScaling-h,high,FL,process heat cement,missing,missing,missing,missing,missing,missing,missing,missing,missing,MTC
1693,-3.95484,-3.8014,-3.62095,-4.03384,-8.73199,-11.1622,-12.2726,-32.2014,-37.8488,s1-procureScaling-h,high,FL,regional biomass,missing,missing,missing,missing,missing,missing,missing,missing,missing,MTC
1694,0.0,-0.000970124,-0.0338684,-0.0420032,-0.0629233,-0.0700187,-0.0697775,-0.0961167,-0.119333,s1-procureScaling-h,high,FL,regional biomassOil,missing,missing,missing,missing,missing,missing,missing,missing,missing,MTC
1695,0.0,0.0,-0.0208831,-0.0464904,-0.129994,-0.163474,-0.172548,-0.272712,-0.354705,s1-procureScaling-h,high,FL,regional corn for ethanol,missing,missing,missing,missing,missing,missing,missing,missing,missing,MTC
1696,0.00473712,0.016854,0.00556927,0.00606621,0.00627061,0.006474734,0.0068285659999999,0.0066233909999999,0.00629318,s1-procureScaling-h,high,FL,resid clothes dryers,missing,missing,missing,missing,missing,missing,missing,missing,missing,MTC
1697,0.0308838,0.0678398,0.031559659,0.03136343,0.0300193039999999,0.028756056,0.0274573459999999,0.025603835,0.02351725,s1-procureScaling-h,high,FL,resid cooking,missing,missing,missing,missing,missing,missing,missing,missing,missing,MTC
1698,0.69330958,0.098267877,0.091765905,0.085581879,0.0760367129999999,0.0648001389999999,0.053958903,0.0426411492,0.0344540985,s1-procureScaling-h,high,FL,resid heating,missing,missing,missing,missing,missing,missing,missing,missing,missing,MTC
1699,0.10199911,0.17363388,0.099690377,0.1065160649999999,0.121404228,0.145220822,0.170544767,0.165235981,0.16554831,s1-procureScaling-h,high,FL,resid hot water,missing,missing,missing,missing,missing,missing,missing,missing,missing,MTC
1700,0.04906452,0.083592,0.0378059,0.0414082,0.0481146,0.0521902,0.0567818999999999,0.0459835,0.0476153,s1-procureScaling-h,high,FL,resid other,missing,missing,missing,missing,missing,missing,missing,missing,missing,MTC
1701,0.63793629,1.18488497,0.7683069830000001,0.7077123329520001,0.497064741337,0.4369232275099999,0.38350725522,0.2537977948500001,0.2068578509599999,s1-procureScaling-h,high,FL,subpeak generation,missing,missing,missing,missing,missing,missing,missing,missing,missing,MTC
1702,0.748878,0.656815,0.882422,0.953051,0.945547,0.976433,1.0149,1.03037,1.06735,s1-procureScaling-h,high,FL,trn_aviation_intl,missing,missing,missing,missing,missing,missing,missing,missing,missing,MTC
1703,0.48194,0.753873,1.221417,1.3312780000000002,1.178605,1.238887,1.296489,1.28518,1.383817,s1-procureScaling-h,high,FL,trn_freight,missing,missing,missing,missing,missing,missing,missing,missing,missing,MTC
1704,4.353923,6.444397,6.317335969999999,6.76528632,6.52031205,6.062496199999999,5.858110910000001,5.271236670000001,4.78201864,s1-procureScaling-h,high,FL,trn_freight_road,missing,missing,missing,missing,missing,missing,missing,missing,missing,MTC
1705,2.8738655,2.5279654,3.5689005,3.9420182,3.733761,3.95077,4.1401768,4.1462173,4.3643623,s1-procureScaling-h,high,FL,trn_pass,missing,missing,missing,missing,missing,missing,missing,missing,missing,MTC
1706,0.16697,0.25219006,0.3437716999999999,0.3596691,0.26677433,0.20813245,0.1858346,0.17805566,0.17492149,s1-procureScaling-h,high,FL,trn_pass_road,missing,missing,missing,missing,missing,missing,missing,missing,missing,MTC
1707,0.0401481,0.0622863,0.0608244,0.0578752,0.0524981,0.0494432,0.0471933,0.0441607,0.0430316,s1-procureScaling-h,high,FL,trn_pass_road_LDV,missing,missing,missing,missing,missing,missing,missing,missing,missing,MTC
1708,11.40697343,17.6970282,17.69177259,16.24431665,12.515566169999998,9.61433047,7.27977323,6.316780790000002,5.89647126,s1-procureScaling-h,high,FL,trn_pass_road_LDV_4W,missing,missing,missing,missing,missing,missing,missing,missing,missing,MTC
1709,1.68695,3.05713,3.23382,3.39452,3.11838,3.20886,3.29868,3.24559,3.36166,s1-procureScaling-h,high,FL,trn_shipping_intl,missing,missing,missing,missing,missing,missing,missing,missing,missing,MTC
1710,0.0,0.0,0.0,-0.07654028,-0.14831485,-0.2795056,-0.73532,-2.006497,-6.30631,s1-procureScaling-h,high,GA,CDR_regional,missing,missing,missing,missing,missing,missing,missing,missing,missing,MTC
1711,0.35145,0.23419,0.2539171,0.2671454,0.23755624,0.2061806,0.17741282,0.1380150899999999,0.11303111,s1-procureScaling-h,high,GA,N fertilizer,missing,missing,missing,missing,missing,missing,missing,missing,missing,MTC
1712,8.109183,12.63771945,8.597456810300004,8.82009976146,3.247181403610001,2.55060814108,2.6554512533400016,1.5005309103790012,1.5371293748380002,s1-procureScaling-h,high,GA,base load generation,missing,missing,missing,missing,missing,missing,missing,missing,missing,MTC
1713,0.0,0.0001649156,0.0472516699999999,0.0454605499999999,0.03479263,0.02718529,0.0204072,0.013004126,0.0057638249999999,s1-procureScaling-h,high,GA,biomass liquids,missing,missing,missing,missing,missing,missing,missing,missing,missing,MTC
1714,0.0,0.0,0.0601642529999999,0.241464446,1.078031649,1.352251545,1.4068009679999998,1.812294934,2.0163575290000004,s1-procureScaling-h,high,GA,biorefining,missing,missing,missing,missing,missing,missing,missing,missing,missing,MTC
1715,0.307418,0.434469,0.33176,0.3688,0.0684261999999999,0.0620200999999999,0.0639744,0.0448166,0.0457681,s1-procureScaling-h,high,GA,cement,missing,missing,missing,missing,missing,missing,missing,missing,missing,MTC
1716,0.0512505,0.0827548999999999,0.07128316,0.07238253,0.06677482,0.06302279,0.06113102,0.054721438,0.052536572,s1-procureScaling-h,high,GA,comm cooking,missing,missing,missing,missing,missing,missing,missing,missing,missing,MTC
1717,0.00771201,0.0139941,0.00415458,0.004149193,0.004031804,0.003960813,0.003941543,0.003716504,0.0036689419999999,s1-procureScaling-h,high,GA,comm cooling,missing,missing,missing,missing,missing,missing,missing,missing,missing,MTC
1718,0.5829857,0.6248391999999999,0.41281391,0.406031632,0.366086665,0.326081378,0.2876294889999999,0.19978276,0.180006284,s1-procureScaling-h,high,GA,comm heating,missing,missing,missing,missing,missing,missing,missing,missing,missing,MTC
1719,0.2073151,0.15472893,0.17482442,0.17469578,0.16251716,0.15179187,0.1457773489999999,0.124812369,0.1214759089999999,s1-procureScaling-h,high,GA,comm hot water,missing,missing,missing,missing,missing,missing,missing,missing,missing,MTC
1720,0.1544036,0.0565493,0.3485789999999999,0.379067,0.417431,0.487429,0.537428,0.520228,0.537767,s1-procureScaling-h,high,GA,comm other,missing,missing,missing,missing,missing,missing,missing,missing,missing,MTC
1721,8.026456399999999,7.4482821,7.411337518999999,7.744754009000001,8.4373630078,8.903346777730002,9.154179777899996,8.79395015312,8.844220444006,s1-procureScaling-h,high,GA,industrial energy use,missing,missing,missing,missing,missing,missing,missing,missing,missing,MTC
1722,9.4116098607,11.633487315800002,5.307123487999999,5.229234197,3.931447239599999,3.5903246934000013,3.4128958609999995,2.706977498800001,2.485986647600001,s1-procureScaling-h,high,GA,intermediate generation,missing,missing,missing,missing,missing,missing,missing,missing,missing,MTC
1723,0.0193188,0.0,0.0,0.0,0.0,0.0,0.0,0.0,0.0,s1-procureScaling-h,high,GA,oil refining,missing,missing,missing,missing,missing,missing,missing,missing,missing,MTC
1724,0.074841206,0.046375,0.06085788815,0.0547006297381299,0.03164325926691,0.0269460751745999,0.0233664711510999,0.014457191274,0.0103795548794,s1-procureScaling-h,high,GA,peak generation,missing,missing,missing,missing,missing,missing,missing,missing,missing,MTC
1725,0.2469709399999999,0.3527162,0.26554871,0.29173732,0.19460401,0.2021816,0.21279285,0.21011236,0.21720825,s1-procureScaling-h,high,GA,process heat cement,missing,missing,missing,missing,missing,missing,missing,missing,missing,MTC
1726,-4.21922,-4.03375,-4.95488,-5.46926,-9.06579,-10.5505,-11.1029,-15.3652,-18.3248,s1-procureScaling-h,high,GA,regional biomass,missing,missing,missing,missing,missing,missing,missing,missing,missing,MTC
1727,0.0,-0.00169827,-0.0480364,-0.055511,-0.0726877,-0.077279,-0.0749222,-0.0929269,-0.102951,s1-procureScaling-h,high,GA,regional biomassOil,missing,missing,missing,missing,missing,missing,missing,missing,missing,MTC
1728,0.0,-0.000196115,-0.214538,-0.231787,-0.268463,-0.269399,-0.250218,-0.297453,-0.316211,s1-procureScaling-h,high,GA,regional corn for ethanol,missing,missing,missing,missing,missing,missing,missing,missing,missing,MTC
1729,0.0206894,0.0393028,0.0174141999999999,0.01777163,0.01737052,0.01677337,0.0171551299999999,0.0166549,0.0160252499999999,s1-procureScaling-h,high,GA,resid clothes dryers,missing,missing,missing,missing,missing,missing,missing,missing,missing,MTC
1730,0.07238977,0.11933292,0.073935111,0.0715940619999999,0.066197357,0.0609656729999999,0.0555835273,0.0527427004,0.0495036875999999,s1-procureScaling-h,high,GA,resid cooking,missing,missing,missing,missing,missing,missing,missing,missing,missing,MTC
1731,1.1748224699999998,1.2469158299999998,0.97752495,0.910610221,0.8040116240000001,0.675085399,0.543240738,0.4142125549999999,0.3144703959999999,s1-procureScaling-h,high,GA,resid heating,missing,missing,missing,missing,missing,missing,missing,missing,missing,MTC
1732,0.40529856,0.6763860799999999,0.499267172,0.482057895,0.4612452749999999,0.4194564949999999,0.4368844409999999,0.4119567779999999,0.39122959,s1-procureScaling-h,high,GA,resid hot water,missing,missing,missing,missing,missing,missing,missing,missing,missing,MTC
1733,0.02683596,0.00689332,0.0727789299999999,0.074852,0.08064948,0.0849239399999999,0.09087248,0.07964111,0.07977724,s1-procureScaling-h,high,GA,resid other,missing,missing,missing,missing,missing,missing,missing,missing,missing,MTC
1734,0.5622892946000001,0.3196732444,0.4242253598,0.3870298247429999,0.2463484336709999,0.21394815269,0.1884886935969999,0.1325913080800001,0.106984922285,s1-procureScaling-h,high,GA,subpeak generation,missing,missing,missing,missing,missing,missing,missing,missing,missing,MTC
1735,0.434485,0.225509,0.101482,0.106617,0.104691,0.107293,0.110796,0.111818,0.115049,s1-procureScaling-h,high,GA,trn_aviation_intl,missing,missing,missing,missing,missing,missing,missing,missing,missing,MTC
1736,0.2777864,0.5040749999999999,0.479821,0.512352,0.486045,0.509309,0.53165,0.5401590000000001,0.5751219999999999,s1-procureScaling-h,high,GA,trn_freight,missing,missing,missing,missing,missing,missing,missing,missing,missing,MTC
1737,3.819755,5.985185,5.00604202,5.24727471,4.888407139999999,4.50207719,4.333181320000001,3.90771082,3.57337885,s1-procureScaling-h,high,GA,trn_freight_road,missing,missing,missing,missing,missing,missing,missing,missing,missing,MTC
1738,1.6710122,0.8785708,0.4216668,0.4519746,0.4245212,0.4450513,0.4629672999999999,0.4613051999999999,0.4815531,s1-procureScaling-h,high,GA,trn_pass,missing,missing,missing,missing,missing,missing,missing,missing,missing,MTC
1739,0.146485,0.23301466,0.26693366,0.27633051,0.20122382,0.15533727,0.13795988,0.1321926,0.12963178,s1-procureScaling-h,high,GA,trn_pass_road,missing,missing,missing,missing,missing,missing,missing,missing,missing,MTC
1740,0.0233472,0.0364362,0.0339119,0.0311903,0.0279043,0.0261254,0.0247983,0.023211,0.0224467,s1-procureScaling-h,high,GA,trn_pass_road_LDV,missing,missing,missing,missing,missing,missing,missing,missing,missing,MTC
1741,6.63363208,10.35256775,9.88094081,8.92803729,6.7995756400000005,5.168891887999999,3.862649680000001,3.3586415599999992,3.13065466,s1-procureScaling-h,high,GA,trn_pass_road_LDV_4W,missing,missing,missing,missing,missing,missing,missing,missing,missing,MTC
1742,0.22162,1.01344,0.596955,0.619368,0.564972,0.580215,0.595343,0.58416,0.604017,s1-procureScaling-h,high,GA,trn_shipping_intl,missing,missing,missing,missing,missing,missing,missing,missing,missing,MTC
1743,1.184283173,1.3243461,0.8869740049999999,0.7631757176999998,0.5635378119999999,0.4925535699999999,0.4516125317599999,0.2264635424999999,0.1833975166099999,s1-procureScaling-h,high,HI,base load generation,missing,missing,missing,missing,missing,missing,missing,missing,missing,MTC
1744,0.0,5.12973e-05,0.0010235,0.000984967,0.000750337,0.000586225,0.000440049,0.000280379,0.000124274,s1-procureScaling-h,high,HI,biomass liquids,missing,missing,missing,missing,missing,missing,missing,missing,missing,MTC
1745,0.0,0.0,0.042135215,0.199510213,0.5862895419999998,0.7113909010000001,0.7369778889999997,0.902261969,0.9226179580000003,s1-procureScaling-h,high,HI,biorefining,missing,missing,missing,missing,missing,missing,missing,missing,missing,MTC
1746,0.00713031,0.00722272,0.002972911,0.002942354,0.002779426,0.0026159856,0.0025134347,0.0023187332,0.0022693243,s1-procureScaling-h,high,HI,comm cooking,missing,missing,missing,missing,missing,missing,missing,missing,missing,MTC
1747,9.37199e-05,0.000248499,7.325839000000001e-05,6.923834e-05,6.311305000000001e-05,5.679106e-05,5.186289e-05,4.448683e-05,4.382523e-05,s1-procureScaling-h,high,HI,comm cooling,missing,missing,missing,missing,missing,missing,missing,missing,missing,MTC
1748,0.008370974,0.0583721679999999,0.0618226819999999,0.062752927,0.0644878405999999,0.0670999807,0.0692341562,0.07136438861,0.07366205922,s1-procureScaling-h,high,HI,comm heating,missing,missing,missing,missing,missing,missing,missing,missing,missing,MTC
1749,0.0599272,0.0420974,0.013782994,0.0136896749999999,0.012874018,0.011698353,0.0105524548,0.0088018659999999,0.0085459069999999,s1-procureScaling-h,high,HI,comm hot water,missing,missing,missing,missing,missing,missing,missing,missing,missing,MTC
1750,0.09584672,0.02933452,0.0611602,0.0640152,0.055944,0.0454517,0.0365661,0.03134861,0.03011561,s1-procureScaling-h,high,HI,comm other,missing,missing,missing,missing,missing,missing,missing,missing,missing,MTC
1751,0.59245095,0.25487211,0.13711595091,0.1422818638899999,0.13266573548,0.1395664285199999,0.1416407898599999,0.1407247471799999,0.1368878742099999,s1-procureScaling-h,high,HI,industrial energy use,missing,missing,missing,missing,missing,missing,missing,missing,missing,MTC
1752,0.6566782963,0.6874113,0.5313122220000003,0.457700583,0.381109837,0.36166591622,0.3023305280300001,0.2068983345599999,0.17292661326,s1-procureScaling-h,high,HI,intermediate generation,missing,missing,missing,missing,missing,missing,missing,missing,missing,MTC
1753,0.509696,0.375289,0.3728085,0.3622516,0.2902603,0.2535798999999999,0.2357681,0.2027281299999999,0.17567053,s1-procureScaling-h,high,HI,oil refining,missing,missing,missing,missing,missing,missing,missing,missing,missing,MTC
1754,0.008991436,0.010171277,0.005668227211,0.00523677997941,0.00389878435206,0.0035109854652599,0.0026375932158199,0.00141244634587,0.0009640031886,s1-procureScaling-h,high,HI,peak generation,missing,missing,missing,missing,missing,missing,missing,missing,missing,MTC
1755,-0.634078,-0.196812,-0.22786,-0.495587,-1.43009,-1.75052,-1.82922,-2.32347,-2.46983,s1-procureScaling-h,high,HI,regional biomass,missing,missing,missing,missing,missing,missing,missing,missing,missing,MTC
1756,0.0,-0.000727593,-0.0236986,-0.0300768,-0.039075,-0.0416542,-0.0408075,-0.0487467,-0.048878,s1-procureScaling-h,high,HI,regional biomassOil,missing,missing,missing,missing,missing,missing,missing,missing,missing,MTC
1757,0.0,0.0,-0.00627246,-0.0155647,-0.0348111,-0.0424738,-0.0447246,-0.0619409,-0.0671848,s1-procureScaling-h,high,HI,regional corn for ethanol,missing,missing,missing,missing,missing,missing,missing,missing,missing,MTC
1758,0.0002627,0.00029394,8.69386e-05,8.33375e-05,7.820590000000001e-05,6.924996e-05,7.013228999999999e-05,6.834475e-05,6.64882e-05,s1-procureScaling-h,high,HI,resid clothes dryers,missing,missing,missing,missing,missing,missing,missing,missing,missing,MTC
1759,0.001334509,0.001442175,0.0010663373,0.0009975667,0.0008616852999999998,0.00073153325,0.00057934645,0.00055116245,0.00052207448,s1-procureScaling-h,high,HI,resid cooking,missing,missing,missing,missing,missing,missing,missing,missing,missing,MTC
1760,0.00159351358,0.00508835585,0.00048047011,0.0004407149399999999,0.00038495099599999993,0.00031766313,0.00024776595800000007,0.00018569599,0.00013848209,s1-procureScaling-h,high,HI,resid heating,missing,missing,missing,missing,missing,missing,missing,missing,missing,MTC
1761,0.0069759915,0.0118815079999999,0.008806787,0.008702978,0.0083038533,0.0075194374,0.0080823875,0.008258637,0.008686225,s1-procureScaling-h,high,HI,resid hot water,missing,missing,missing,missing,missing,missing,missing,missing,missing,MTC
1762,0.00158766,0.00269892,0.001129629,0.001345638,0.001227205,0.001253953,0.00131103,0.0012441219999999,0.00125507,s1-procureScaling-h,high,HI,resid other,missing,missing,missing,missing,missing,missing,missing,missing,missing,MTC
1763,0.0647235,0.07321753,0.0384490093499999,0.0339872930225999,0.0254573065355,0.0229197122818,0.0176644145178999,0.0106703219693999,0.0076463368202999,s1-procureScaling-h,high,HI,subpeak generation,missing,missing,missing,missing,missing,missing,missing,missing,missing,MTC
1764,0.296341,0.385561,0.308242,0.311362,0.30464,0.313738,0.325772,0.331731,0.343627,s1-procureScaling-h,high,HI,trn_aviation_intl,missing,missing,missing,missing,missing,missing,missing,missing,missing,MTC
1765,0.0919083,0.0627908,0.083497,0.086372,0.0755574,0.0796874,0.0839029,0.0839458,0.0903910999999999,s1-procureScaling-h,high,HI,trn_freight,missing,missing,missing,missing,missing,missing,missing,missing,missing,MTC
1766,0.6053764,0.5357376,0.2844033499,0.2933561086,0.2860457113999999,0.2700261932,0.2656591993,0.2488045698,0.2307548979,s1-procureScaling-h,high,HI,trn_freight_road,missing,missing,missing,missing,missing,missing,missing,missing,missing,MTC
1767,1.1340451299999998,1.47475914,1.229633689,1.265439996,1.193432226,1.254818305,1.311985361,1.323166433,1.3878459129999998,s1-procureScaling-h,high,HI,trn_pass,missing,missing,missing,missing,missing,missing,missing,missing,missing,MTC
1768,0.0232151,0.02054521994,0.014469123524,0.0146933933829999,0.010325763,0.007819928,0.0068604569999999,0.00654395,0.006367123,s1-procureScaling-h,high,HI,trn_pass_road,missing,missing,missing,missing,missing,missing,missing,missing,missing,MTC
1769,0.00243225,0.00330246,0.00288588,0.00256428,0.00229412,0.00216258,0.00206835,0.00197344,0.00192661,s1-procureScaling-h,high,HI,trn_pass_road_LDV,missing,missing,missing,missing,missing,missing,missing,missing,missing,MTC
1770,0.691333617,0.938331273,0.8603792330000001,0.7598238270000001,0.573049943,0.4332163085000001,0.3210966477999999,0.2831678279999999,0.263074635,s1-procureScaling-h,high,HI,trn_pass_road_LDV_4W,missing,missing,missing,missing,missing,missing,missing,missing,missing,MTC
1771,0.450603,0.255262,0.268439,0.274381,0.252956,0.261036,0.269244,0.266915,0.27774,s1-procureScaling-h,high,HI,trn_shipping_intl,missing,missing,missing,missing,missing,missing,missing,missing,missing,MTC
1772,0.0,0.0,0.0,-0.018462779,-0.04105906,-0.0581591,-0.1926502,-0.729583,-2.705852,s1-procureScaling-h,high,ID,CDR_regional,missing,missing,missing,missing,missing,missing,missing,missing,missing,MTC
1773,0.0170575,0.0215577,0.080421852,0.108300111053,0.13028972744,0.12877657322,0.12665664266,0.196987147522,0.245368304245,s1-procureScaling-h,high,ID,base load generation,missing,missing,missing,missing,missing,missing,missing,missing,missing,MTC
1774,0.0,0.0,0.0222715,0.0214266,0.0164079,0.0128205,0.00962399,0.00613278,0.00271824,s1-procureScaling-h,high,ID,biomass liquids,missing,missing,missing,missing,missing,missing,missing,missing,missing,MTC
1775,0.0,0.0,0.0592521499999999,0.239305501,1.0830197759999995,1.3593157299999998,1.4142102410000004,1.80867553,1.8994469009999992,s1-procureScaling-h,high,ID,biorefining,missing,missing,missing,missing,missing,missing,missing,missing,missing,MTC
1776,0.0567759,0.0802405,0.0639479,0.0750229,0.0144563,0.01334254,0.0139476299999999,0.00988941,0.0102260199999999,s1-procureScaling-h,high,ID,cement,missing,missing,missing,missing,missing,missing,missing,missing,missing,MTC
1777,0.00461887,0.0113579099999999,0.02547882,0.0282773,0.02795399,0.02782858,0.02801599,0.02633333,0.025821394,s1-procureScaling-h,high,ID,comm cooking,missing,missing,missing,missing,missing,missing,missing,missing,missing,MTC
1778,1.42001e-06,0.000238556,0.0002768485,0.0002965782,0.0002980184,0.0002942304,0.0002907412,0.000271306,0.0002660396,s1-procureScaling-h,high,ID,comm cooling,missing,missing,missing,missing,missing,missing,missing,missing,missing,MTC
1779,0.2061447,0.22661524,0.19961351,0.2151318699999999,0.2133675,0.21084258,0.205433911,0.179120161,0.171108413,s1-procureScaling-h,high,ID,comm heating,missing,missing,missing,missing,missing,missing,missing,missing,missing,MTC
1780,0.03485774,0.02939397,0.0549628,0.05968187,0.05882329,0.05667264,0.05463845,0.0480583089999999,0.04661852,s1-procureScaling-h,high,ID,comm hot water,missing,missing,missing,missing,missing,missing,missing,missing,missing,MTC
1781,0.00864402,0.01470028,0.0689145999999999,0.0796132,0.0848746,0.0969696,0.1065652,0.1053214,0.1101095,s1-procureScaling-h,high,ID,comm other,missing,missing,missing,missing,missing,missing,missing,missing,missing,MTC
1782,0.0,0.0,0.0,0.0,0.0,0.0,0.0,8.85013e-06,9.152386e-05,s1-procureScaling-h,high,ID,gas to liquids,missing,missing,missing,missing,missing,missing,missing,missing,missing,MTC
1783,1.16286008,1.2280729,1.0101094162,1.0653003988999996,1.084820232648,1.109500323075,1.129518579711,1.116588724133,1.1035135507849998,s1-procureScaling-h,high,ID,industrial energy use,missing,missing,missing,missing,missing,missing,missing,missing,missing,MTC
1784,0.0171809827,0.1374613999999999,0.3016462129999999,0.29058229915,0.2636012020999999,0.2329561642,0.1950217964,0.1442435023999999,0.1175622772999999,s1-procureScaling-h,high,ID,intermediate generation,missing,missing,missing,missing,missing,missing,missing,missing,missing,MTC
1785,0.0,0.005517591,0.006633383491,0.005957970736996,0.0032488989323159,0.002520030814906,0.0019718400235089,0.0010065882799299,0.0006450195760129997,s1-procureScaling-h,high,ID,peak generation,missing,missing,missing,missing,missing,missing,missing,missing,missing,MTC
1786,0.045612305,0.065141972,0.0511598889999999,0.059309515,0.04006959,0.04240212,0.0452520999999999,0.04533708,0.04751151,s1-procureScaling-h,high,ID,process heat cement,missing,missing,missing,missing,missing,missing,missing,missing,missing,MTC
1787,-0.532408,-0.80956,-0.818631,-1.14819,-4.09966,-5.10297,-5.31847,-7.50481,-8.4138,s1-procureScaling-h,high,ID,regional biomass,missing,missing,missing,missing,missing,missing,missing,missing,missing,MTC
1788,0.0,0.0,-0.0138993,-0.0225497,-0.0475367,-0.0575703,-0.0600577,-0.0827085,-0.0904427,s1-procureScaling-h,high,ID,regional biomassOil,missing,missing,missing,missing,missing,missing,missing,missing,missing,MTC
1789,0.0,0.0,-0.115755,-0.13599,-0.194623,-0.211312,-0.206221,-0.266629,-0.279474,s1-procureScaling-h,high,ID,regional corn for ethanol,missing,missing,missing,missing,missing,missing,missing,missing,missing,MTC
1790,0.00072136,0.00468032,0.0014808669999999,0.001573959,0.0015423989999999,0.001438245,0.001428175,0.001363231,0.001307988,s1-procureScaling-h,high,ID,resid clothes dryers,missing,missing,missing,missing,missing,missing,missing,missing,missing,MTC
1791,0.003054711,0.01521483,0.008537261,0.008399126,0.007519404,0.0065858131999999,0.005550829,0.0051533884,0.0047976192999999,s1-procureScaling-h,high,ID,resid cooking,missing,missing,missing,missing,missing,missing,missing,missing,missing,MTC
1792,0.20536283,0.457050328,0.4593929109999999,0.4455283579999999,0.4134755589999999,0.3714012139999998,0.3224797070000001,0.2684889699999999,0.2212353023,s1-procureScaling-h,high,ID,resid heating,missing,missing,missing,missing,missing,missing,missing,missing,missing,MTC
1793,0.034867627,0.1123471599999999,0.098378217,0.0991411369999999,0.093105657,0.080452119,0.08022829,0.074270449,0.0690821719999999,s1-procureScaling-h,high,ID,resid hot water,missing,missing,missing,missing,missing,missing,missing,missing,missing,MTC
1794,0.00253436,0.00568204,0.00958231,0.0102543099999999,0.00994435,0.0104707999999999,0.01105285,0.00989111,0.00997877,s1-procureScaling-h,high,ID,resid other,missing,missing,missing,missing,missing,missing,missing,missing,missing,MTC
1795,2.975553e-05,0.03854536,0.0375678778599999,0.0345530697929999,0.0215239945431,0.0174413995161,0.0144425649591999,0.0095246930401999,0.0074230086093,s1-procureScaling-h,high,ID,subpeak generation,missing,missing,missing,missing,missing,missing,missing,missing,missing,MTC
1796,0.0261753,0.0192764,0.0211195,0.023391,0.0236608,0.024653,0.0258066,0.026381,0.0275208,s1-procureScaling-h,high,ID,trn_aviation_intl,missing,missing,missing,missing,missing,missing,missing,missing,missing,MTC
1797,0.039349,0.0607255,0.0899623,0.100334,0.105642,0.112481,0.118803,0.123544,0.131509,s1-procureScaling-h,high,ID,trn_freight,missing,missing,missing,missing,missing,missing,missing,missing,missing,MTC
1798,0.5958791,0.919565,1.35369956,1.4745952920000005,1.3888584730000002,1.281325017,1.224877621,1.0854815560000002,0.972454102,s1-procureScaling-h,high,ID,trn_freight_road,missing,missing,missing,missing,missing,missing,missing,missing,missing,MTC
1799,0.10170371,0.07624761,0.08917202,0.10117235,0.09810404,0.10506696,0.11118001,0.11262133,0.1196296,s1-procureScaling-h,high,ID,trn_pass,missing,missing,missing,missing,missing,missing,missing,missing,missing,MTC
1800,0.0228514,0.0381678799999999,0.07492573,0.07836357,0.05750981,0.04401536,0.03843845,0.03642401,0.03530382,s1-procureScaling-h,high,ID,trn_pass_road,missing,missing,missing,missing,missing,missing,missing,missing,missing,MTC
1801,0.0031438,0.00430412,0.00531113,0.00517244,0.00483083,0.00466773,0.00455849,0.00440309,0.00439584,s1-procureScaling-h,high,ID,trn_pass_road_LDV,missing,missing,missing,missing,missing,missing,missing,missing,missing,MTC
1802,0.893164896,1.2227574369999998,1.536929749,1.418879275,1.093012007,0.8345977860000001,0.6259791749999999,0.5408389620000003,0.5039698519999999,s1-procureScaling-h,high,ID,trn_pass_road_LDV_4W,missing,missing,missing,missing,missing,missing,missing,missing,missing,MTC
1803,0.0,0.0,0.0,-0.1140743,-0.2378044,-0.5565296,-1.466496,-4.003997,-14.03955,s1-procureScaling-h,high,IL,CDR_regional,missing,missing,missing,missing,missing,missing,missing,missing,missing,MTC
1804,6.374025415,12.77920857,9.56886711,9.714813865999998,4.2465955630000005,3.761502642,3.820379620000001,2.5797203673000006,3.4654292461,s1-procureScaling-h,high,IL,base load generation,missing,missing,missing,missing,missing,missing,missing,missing,missing,MTC
1805,0.0,0.27117171,0.6108263,0.5876558,0.4501736999999999,0.3517528,0.2640552,0.16827493,0.0745849599999999,s1-procureScaling-h,high,IL,biomass liquids,missing,missing,missing,missing,missing,missing,missing,missing,missing,MTC
1806,0.0,0.0,0.057396517,0.234966466,1.086682757,1.3648384000000002,1.41966469,1.923023588,2.2634618089999994,s1-procureScaling-h,high,IL,biorefining,missing,missing,missing,missing,missing,missing,missing,missing,missing,MTC
1807,0.391098,0.552733,0.40131,0.442968,0.0810437,0.074366,0.0775238,0.0553308,0.0571282,s1-procureScaling-h,high,IL,cement,missing,missing,missing,missing,missing,missing,missing,missing,missing,MTC
1808,0.0,0.0,0.0,0.0,0.0,0.0,0.0,0.00252266,0.02695098,s1-procureScaling-h,high,IL,coal to liquids,missing,missing,missing,missing,missing,missing,missing,missing,missing,MTC
1809,0.1646531,0.1053042,0.10172723,0.10102081,0.0929587599999999,0.0870019599999999,0.08407217,0.0759253009999999,0.07364883,s1-procureScaling-h,high,IL,comm cooking,missing,missing,missing,missing,missing,missing,missing,missing,missing,MTC
1810,0.00740814,0.0340616,0.0162017,0.0155749599999999,0.01462658,0.01385321,0.0133862699999999,0.012225313,0.01212489,s1-procureScaling-h,high,IL,comm cooling,missing,missing,missing,missing,missing,missing,missing,missing,missing,MTC
1811,2.4531784,2.5093741,2.21258159,2.1900999800000003,2.0501377300000003,1.95548702,1.87781209,1.5869104790000002,1.5477434039999995,s1-procureScaling-h,high,IL,comm heating,missing,missing,missing,missing,missing,missing,missing,missing,missing,MTC
1812,0.6894773999999999,0.2664229999999999,0.34573848,0.34417454,0.3285426999999999,0.3199496599999999,0.318955469,0.295738927,0.297428958,s1-procureScaling-h,high,IL,comm hot water,missing,missing,missing,missing,missing,missing,missing,missing,missing,MTC
1813,0.1324694,0.097463,0.4484019999999999,0.4798749999999999,0.5327569999999999,0.635528,0.7079500000000001,0.699841,0.722372,s1-procureScaling-h,high,IL,comm other,missing,missing,missing,missing,missing,missing,missing,missing,missing,MTC
1814,0.0,0.0,0.0,0.0,0.0,0.0,0.0,5.31008e-06,5.491429e-05,s1-procureScaling-h,high,IL,gas to liquids,missing,missing,missing,missing,missing,missing,missing,missing,missing,MTC
1815,8.6562851,5.923115,5.220635873900001,5.28169056728,5.241211079759999,5.311867386166003,5.375754176385,5.282429185777601,5.146685065160098,s1-procureScaling-h,high,IL,industrial energy use,missing,missing,missing,missing,missing,missing,missing,missing,missing,MTC
1816,9.139692629,13.801307290000002,10.04044568,9.783660481,6.689245915000001,5.638329624999998,5.007297784000002,3.176515666,2.932436573000002,s1-procureScaling-h,high,IL,intermediate generation,missing,missing,missing,missing,missing,missing,missing,missing,missing,MTC
1817,3.26662,2.2989,2.417451,2.356977,1.888306,1.650717,1.531643,1.3143274,1.1155491,s1-procureScaling-h,high,IL,oil refining,missing,missing,missing,missing,missing,missing,missing,missing,missing,MTC
1818,0.134486821,0.08414711,0.0574408515699999,0.0512942704289,0.0326338665049999,0.0278040659993999,0.0227721212429999,0.0154476294631999,0.0109425632496,s1-procureScaling-h,high,IL,peak generation,missing,missing,missing,missing,missing,missing,missing,missing,missing,MTC
1819,0.3141980099999999,0.4487274899999999,0.32111837,0.35024733,0.22839566,0.23988851,0.25505665,0.25586965,0.26788088,s1-procureScaling-h,high,IL,process heat cement,missing,missing,missing,missing,missing,missing,missing,missing,missing,MTC
1820,-1.47615,-0.785886,-0.495102,-0.75861,-4.03588,-5.31545,-5.77633,-14.3373,-24.549,s1-procureScaling-h,high,IL,regional biomass,missing,missing,missing,missing,missing,missing,missing,missing,missing,MTC
1821,0.0,-0.0202504,-0.417478,-0.41074,-0.343077,-0.288291,-0.233053,-0.197647,-0.159706,s1-procureScaling-h,high,IL,regional biomassOil,missing,missing,missing,missing,missing,missing,missing,missing,missing,MTC
1822,0.0,-1.17082,-2.54529,-2.47183,-1.97972,-1.60276,-1.24797,-0.937718,-0.618158,s1-procureScaling-h,high,IL,regional corn for ethanol,missing,missing,missing,missing,missing,missing,missing,missing,missing,MTC
1823,0.0571905,0.105255,0.02181296,0.0210622499999999,0.01986304,0.01838975,0.0188397,0.01842791,0.01780483,s1-procureScaling-h,high,IL,resid clothes dryers,missing,missing,missing,missing,missing,missing,missing,missing,missing,MTC
1824,0.19788099,0.31738687,0.094580001,0.087775932,0.078415978,0.07064601,0.0624829657,0.0601253691999999,0.0567865886999999,s1-procureScaling-h,high,IL,resid cooking,missing,missing,missing,missing,missing,missing,missing,missing,missing,MTC
1825,5.5926993,4.59373127,4.157153320000001,3.90781611,3.54358309,3.13417263,2.7148337799999998,2.267649427,1.905306704,s1-procureScaling-h,high,IL,resid heating,missing,missing,missing,missing,missing,missing,missing,missing,missing,MTC
1826,1.2340862,1.41199996,1.00913209,0.95218367,0.901603257,0.8207430469999998,0.8473422070000002,0.8191529809999999,0.78714472,s1-procureScaling-h,high,IL,resid hot water,missing,missing,missing,missing,missing,missing,missing,missing,missing,MTC
1827,0.0674844,0.00785372,0.0834642799999999,0.08217014,0.0852511599999999,0.09117261,0.09720248,0.08724881,0.08615184,s1-procureScaling-h,high,IL,resid other,missing,missing,missing,missing,missing,missing,missing,missing,missing,MTC
1828,1.03790919,0.6221426,0.378140781,0.344720172234,0.2416061685809999,0.20946678504,0.1778920307,0.1384162837899999,0.11454482479,s1-procureScaling-h,high,IL,subpeak generation,missing,missing,missing,missing,missing,missing,missing,missing,missing,MTC
1829,0.0928332,0.930804,0.606624,0.62211,0.613283,0.629797,0.653333,0.66463,0.687044,s1-procureScaling-h,high,IL,trn_aviation_intl,missing,missing,missing,missing,missing,missing,missing,missing,missing,MTC
1830,0.35183759,0.356794451,0.4140899939999999,0.441699581,0.455709776,0.48146976,0.507872676,0.532463626,0.573292151,s1-procureScaling-h,high,IL,trn_freight,missing,missing,missing,missing,missing,missing,missing,missing,missing,MTC
1831,5.312827,5.394432999999999,6.230661840000001,6.50564699,6.02632658,5.54545416,5.375628139999999,4.86233069,4.467327459999999,s1-procureScaling-h,high,IL,trn_freight_road,missing,missing,missing,missing,missing,missing,missing,missing,missing,MTC
1832,0.3697065,3.5719476,2.4421147,2.5584269,2.4254989,2.5432217,2.6562346,2.6722241,2.7970477,s1-procureScaling-h,high,IL,trn_pass,missing,missing,missing,missing,missing,missing,missing,missing,missing,MTC
1833,0.203745,0.212629,0.3490471,0.3510408400000001,0.244893,0.18493678,0.1640431,0.15759508,0.15451889,s1-procureScaling-h,high,IL,trn_pass_road,missing,missing,missing,missing,missing,missing,missing,missing,missing,MTC
1834,0.0298879,0.0371198,0.0296547,0.0271618,0.0246598,0.0232708,0.0222801,0.0210819,0.0205412,s1-procureScaling-h,high,IL,trn_pass_road_LDV,missing,missing,missing,missing,missing,missing,missing,missing,missing,MTC
1835,8.49171896,10.54674506,8.785560470000002,7.691805819999999,5.72483742,4.2846281930000005,3.1480964600000005,2.7878470500000003,2.60750894,s1-procureScaling-h,high,IL,trn_pass_road_LDV_4W,missing,missing,missing,missing,missing,missing,missing,missing,missing,MTC
1836,0.00866032,0.00525036,0.000611319,0.000633548,0.000582525,0.000600783,0.000619752,0.000612504,0.000637358,s1-procureScaling-h,high,IL,trn_shipping_intl,missing,missing,missing,missing,missing,missing,missing,missing,missing,MTC
1837,0.0,0.0,0.0,-0.1283254999999999,-0.2346606,-0.293341,-0.84147,-2.494338,-7.610580000000001,s1-procureScaling-h,high,IN,CDR_regional,missing,missing,missing,missing,missing,missing,missing,missing,missing,MTC
1838,16.8072219,21.83136302,16.07111851,16.113237381600005,4.876821760999999,3.438311594,3.3497909919999995,1.300085563519999,1.3791016573800006,s1-procureScaling-h,high,IN,base load generation,missing,missing,missing,missing,missing,missing,missing,missing,missing,MTC
1839,0.0,0.03671392,0.4629033,0.4453524,0.3409831,0.2664304,0.20000261,0.12745194,0.05649049,s1-procureScaling-h,high,IN,biomass liquids,missing,missing,missing,missing,missing,missing,missing,missing,missing,MTC
1840,0.0,0.0,0.059020361,0.2387954109999999,1.1033214030000005,1.386181686,1.44423341,1.997257479,2.375913409999999,s1-procureScaling-h,high,IN,biorefining,missing,missing,missing,missing,missing,missing,missing,missing,missing,MTC
1841,0.215089,0.303983,0.223033,0.245021,0.0445500999999999,0.0407591,0.0423131,0.03017194,0.03103774,s1-procureScaling-h,high,IN,cement,missing,missing,missing,missing,missing,missing,missing,missing,missing,MTC
1842,0.0,0.0,0.0,0.0,0.0,0.0,0.0,0.001472605,0.015783848,s1-procureScaling-h,high,IN,coal to liquids,missing,missing,missing,missing,missing,missing,missing,missing,missing,MTC
1843,0.0593801,0.0439035,0.04079536,0.04088084,0.0376226499999999,0.03535605,0.03425316,0.030652747,0.0294600149999999,s1-procureScaling-h,high,IN,comm cooking,missing,missing,missing,missing,missing,missing,missing,missing,missing,MTC
1844,0.00258155,0.0137626,0.00637164,0.006266082,0.0060374389999999,0.0058905969999999,0.005835273,0.005454443,0.005394287,s1-procureScaling-h,high,IN,comm cooling,missing,missing,missing,missing,missing,missing,missing,missing,missing,MTC
1845,1.6197480000000002,1.292501,0.9136564,0.91499988,0.8726099300000003,0.85431586,0.83424999,0.7306231500000001,0.7108096500000001,s1-procureScaling-h,high,IN,comm heating,missing,missing,missing,missing,missing,missing,missing,missing,missing,MTC
1846,0.2661419,0.11394477,0.1473207799999999,0.14836785,0.14196272,0.13834107,0.137459208,0.125476549,0.125042044,s1-procureScaling-h,high,IN,comm hot water,missing,missing,missing,missing,missing,missing,missing,missing,missing,MTC
1847,0.0625908,0.0499348,0.229816,0.24617,0.269277,0.312471,0.343065,0.333767,0.344806,s1-procureScaling-h,high,IN,comm other,missing,missing,missing,missing,missing,missing,missing,missing,missing,MTC
1848,0.0,0.0,0.0,0.0,0.0,0.0,0.0,1.23902e-05,0.0001281335,s1-procureScaling-h,high,IN,gas to liquids,missing,missing,missing,missing,missing,missing,missing,missing,missing,MTC
1849,12.3761772,10.398056899999998,8.803741103999998,9.045791120000002,8.780432437999997,9.04514690736,9.179760702730002,9.00962180961,8.816280363500002,s1-procureScaling-h,high,IN,industrial energy use,missing,missing,missing,missing,missing,missing,missing,missing,missing,MTC
1850,10.106814,13.27982692,8.53546358,8.560870945000001,6.003537872000002,5.300850186,5.278333826600003,3.1593662327000005,2.583795856000001,s1-procureScaling-h,high,IN,intermediate generation,missing,missing,missing,missing,missing,missing,missing,missing,missing,MTC
1851,1.49779,1.10173,1.1329254000000002,1.1046976,0.8848483,0.7735254,0.7176504,0.6157268,0.5212110999999999,s1-procureScaling-h,high,IN,oil refining,missing,missing,missing,missing,missing,missing,missing,missing,missing,MTC
1852,0.113245626,0.0599047699999999,0.06703903846,0.060618377862,0.0255486316202,0.0280750143319,0.0253367995707999,0.0181348211205,0.0133404620779,s1-procureScaling-h,high,IN,peak generation,missing,missing,missing,missing,missing,missing,missing,missing,missing,MTC
1853,0.17279766,0.24678402,0.17847499,0.1937574299999999,0.12736906,0.13312379,0.14104137,0.14079934,0.14677834,s1-procureScaling-h,high,IN,process heat cement,missing,missing,missing,missing,missing,missing,missing,missing,missing,MTC
1854,-0.981039,-0.927481,-0.750395,-1.04926,-4.25313,-5.41107,-5.76368,-10.9645,-15.0294,s1-procureScaling-h,high,IN,regional biomass,missing,missing,missing,missing,missing,missing,missing,missing,missing,MTC
1855,0.0,-0.0126111,-0.265488,-0.264652,-0.232454,-0.202333,-0.169009,-0.159964,-0.147792,s1-procureScaling-h,high,IN,regional biomassOil,missing,missing,missing,missing,missing,missing,missing,missing,missing,MTC
1856,0.0,-0.155498,-1.95114,-1.90161,-1.54672,-1.2676,-0.999213,-0.79384,-0.575368,s1-procureScaling-h,high,IN,regional corn for ethanol,missing,missing,missing,missing,missing,missing,missing,missing,missing,MTC
1857,0.019721,0.0389023,0.00824455,0.00818342,0.00786929,0.007470433,0.0076520589999999,0.0074209359999999,0.00709426,s1-procureScaling-h,high,IN,resid clothes dryers,missing,missing,missing,missing,missing,missing,missing,missing,missing,MTC
1858,0.07190941,0.11878066,0.037402169,0.035110956,0.031422745,0.0282004299999999,0.0247894566,0.0233963344,0.0217048407,s1-procureScaling-h,high,IN,resid cooking,missing,missing,missing,missing,missing,missing,missing,missing,missing,MTC
1859,2.2757553,1.9834547,1.57071441,1.47884748,1.33727898,1.17414647,1.001639036,0.8161493969999999,0.6633963209999999,s1-procureScaling-h,high,IN,resid heating,missing,missing,missing,missing,missing,missing,missing,missing,missing,MTC
1860,0.45682017,0.5740631199999999,0.38678485,0.367539259,0.346946604,0.3102553979999999,0.318356939,0.2977320679999999,0.277420141,s1-procureScaling-h,high,IN,resid hot water,missing,missing,missing,missing,missing,missing,missing,missing,missing,MTC
1861,0.0342995,0.0100372,0.03609213,0.03629183,0.03874106,0.04140594,0.04393969,0.03808348,0.03784207,s1-procureScaling-h,high,IN,resid other,missing,missing,missing,missing,missing,missing,missing,missing,missing,MTC
1862,0.90797178,0.3457883442,0.3875324688,0.350257532256,0.2341725600299999,0.21192188947,0.18281409142,0.1445105105999999,0.1188757035899999,s1-procureScaling-h,high,IN,subpeak generation,missing,missing,missing,missing,missing,missing,missing,missing,missing,MTC
1863,0.422354,0.163676,0.192584,0.199829,0.196972,0.20273,0.210497,0.213897,0.221491,s1-procureScaling-h,high,IN,trn_aviation_intl,missing,missing,missing,missing,missing,missing,missing,missing,missing,MTC
1864,0.27811712,0.32163504,0.3407578899999999,0.36095204,0.36842761,0.38799152,0.40796646,0.4255885,0.45497154,s1-procureScaling-h,high,IN,trn_freight,missing,missing,missing,missing,missing,missing,missing,missing,missing,MTC
1865,4.153932,4.799526999999999,4.98752308,5.1776084,4.78892421,4.3992376250000005,4.254735660000001,3.8381563600000006,3.50763909,s1-procureScaling-h,high,IN,trn_freight_road,missing,missing,missing,missing,missing,missing,missing,missing,missing,MTC
1866,1.625593,0.638961,0.7863989,0.8330336,0.7863844000000001,0.8289728,0.8680391000000001,0.8721135,0.9171997,s1-procureScaling-h,high,IN,trn_pass,missing,missing,missing,missing,missing,missing,missing,missing,missing,MTC
1867,0.1593,0.18754749,0.26700767,0.2723777,0.19389944,0.14770851,0.13067235,0.1249262299999999,0.12202305,s1-procureScaling-h,high,IN,trn_pass_road,missing,missing,missing,missing,missing,missing,missing,missing,missing,MTC
1868,0.0174359,0.0229789,0.0201905,0.0182147,0.0164972,0.0156015,0.0149845,0.0142293,0.0139569,s1-procureScaling-h,high,IN,trn_pass_road_LDV,missing,missing,missing,missing,missing,missing,missing,missing,missing,MTC
1869,4.95391284,6.52905156,6.02629266,5.356926809999999,4.03699704,3.0490868290000006,2.2651409100000004,1.99259837,1.8627411100000004,s1-procureScaling-h,high,IN,trn_pass_road_LDV_4W,missing,missing,missing,missing,missing,missing,missing,missing,missing,MTC
1870,0.0330209,0.0436726,0.0392323,0.0405171,0.0371862,0.038291,0.039439,0.0389183,0.0404362,s1-procureScaling-h,high,IN,trn_shipping_intl,missing,missing,missing,missing,missing,missing,missing,missing,missing,MTC
1871,0.0,0.0,0.0,-0.07580682,-0.14505113,-0.1615397,-0.485633,-1.699637,-6.37371,s1-procureScaling-h,high,IA,CDR_regional,missing,missing,missing,missing,missing,missing,missing,missing,missing,MTC
1872,0.468405,0.312124,0.3401006,0.3581535,0.31849036,0.27713643,0.23921255,0.18679649,0.1531792799999999,s1-procureScaling-h,high,IA,N fertilizer,missing,missing,missing,missing,missing,missing,missing,missing,missing,MTC
1873,4.012816259999999,5.7297313700000005,4.415339914,4.466156403749999,1.2087210091999998,1.0737146343,1.0221491031999996,0.4200502776299999,0.41306853569,s1-procureScaling-h,high,IA,base load generation,missing,missing,missing,missing,missing,missing,missing,missing,missing,MTC
1874,0.0,0.4166284,1.5470109,1.4883884,1.1392569,0.8901546,0.6682153000000001,0.4258077,0.18873158,s1-procureScaling-h,high,IA,biomass liquids,missing,missing,missing,missing,missing,missing,missing,missing,missing,MTC
1875,0.0,0.0,0.060046032,0.241279431,1.066762932,1.33714361,1.3910687459999995,1.8239670839999995,2.071449137,s1-procureScaling-h,high,IA,biorefining,missing,missing,missing,missing,missing,missing,missing,missing,missing,MTC
1876,0.156345,0.22096,0.154995,0.167991,0.0310784,0.0283242999999999,0.0293879,0.02059,0.02115455,s1-procureScaling-h,high,IA,cement,missing,missing,missing,missing,missing,missing,missing,missing,missing,MTC
1877,0.0317925,0.0281494,0.02447946,0.02422682,0.02185227,0.0202225009999999,0.0192519749999999,0.016983091,0.016280153,s1-procureScaling-h,high,IA,comm cooking,missing,missing,missing,missing,missing,missing,missing,missing,missing,MTC
1878,0.000140581,0.00480243,0.0004134348,0.0004042966000000001,0.0003862031,0.0003751683,0.0003680489,0.00034298600000000004,0.0003384637,s1-procureScaling-h,high,IA,comm cooling,missing,missing,missing,missing,missing,missing,missing,missing,missing,MTC
1879,0.7785369,0.7605008,0.67951699,0.6645148599999999,0.6081194,0.5697390400000001,0.5321070200000001,0.42481606,0.405342536,s1-procureScaling-h,high,IA,comm heating,missing,missing,missing,missing,missing,missing,missing,missing,missing,MTC
1880,0.1702422,0.07761342,0.13365034,0.13295265,0.12514701,0.11938599,0.11426959,0.099862103,0.097200275,s1-procureScaling-h,high,IA,comm hot water,missing,missing,missing,missing,missing,missing,missing,missing,missing,MTC
1881,0.0599957,0.0448256999999999,0.1758597,0.1795688,0.1766057,0.1835683,0.1875185,0.1793451999999999,0.1830992,s1-procureScaling-h,high,IA,comm other,missing,missing,missing,missing,missing,missing,missing,missing,missing,MTC
1882,3.7992455,3.2362524,2.987958847,3.04075528,2.9829374800000004,3.048380918410001,3.0850098508,3.0211869559,2.961809877439999,s1-procureScaling-h,high,IA,industrial energy use,missing,missing,missing,missing,missing,missing,missing,missing,missing,MTC
1883,3.3008202600000005,4.36684915,3.546250785999999,3.5711216071,2.1738474836999995,1.9519154487,2.047442477,1.3574666867999998,1.2022748414999995,s1-procureScaling-h,high,IA,intermediate generation,missing,missing,missing,missing,missing,missing,missing,missing,missing,MTC
1884,0.046000091,0.0378508,0.01970710496,0.01751762227865,0.0102723554221,0.0088898271592,0.0071602470546,0.0055700540601999,0.0039865842282999,s1-procureScaling-h,high,IA,peak generation,missing,missing,missing,missing,missing,missing,missing,missing,missing,MTC
1885,0.1256032,0.1793827,0.12404133,0.13286972,0.08473076,0.08873126,0.09405822,0.09408999,0.09800976,s1-procureScaling-h,high,IA,process heat cement,missing,missing,missing,missing,missing,missing,missing,missing,missing,MTC
1886,-1.06134,-0.729536,-0.509985,-0.817164,-3.63357,-4.64461,-4.87298,-7.30034,-8.90299,s1-procureScaling-h,high,IA,regional biomass,missing,missing,missing,missing,missing,missing,missing,missing,missing,MTC
1887,0.0,-0.0351674,-0.715803,-0.69812,-0.561886,-0.459268,-0.361508,-0.276616,-0.187548,s1-procureScaling-h,high,IA,regional biomassOil,missing,missing,missing,missing,missing,missing,missing,missing,missing,MTC
1888,0.0,-1.79762,-6.51978,-6.29801,-4.91175,-3.89688,-2.97293,-2.03619,-1.09636,s1-procureScaling-h,high,IA,regional corn for ethanol,missing,missing,missing,missing,missing,missing,missing,missing,missing,MTC
1889,0.00704036,0.0110916,0.001983526,0.001971979,0.00188658,0.0017829,0.001807412,0.001749514,0.00167973,s1-procureScaling-h,high,IA,resid clothes dryers,missing,missing,missing,missing,missing,missing,missing,missing,missing,MTC
1890,0.0265451999999999,0.03591348,0.010330297,0.00962531,0.008442667,0.0074234665,0.0062951957,0.0059255832,0.0055238643,s1-procureScaling-h,high,IA,resid cooking,missing,missing,missing,missing,missing,missing,missing,missing,missing,MTC
1891,1.19274496,0.98794962,0.8637675799999999,0.8120649499999999,0.7302764299999999,0.6353238899999999,0.5333263599999999,0.428062968,0.3422781779999999,s1-procureScaling-h,high,IA,resid heating,missing,missing,missing,missing,missing,missing,missing,missing,missing,MTC
1892,0.22018864,0.30234366,0.19685148,0.188011913,0.176406645,0.1577302319999999,0.159340448,0.149704872,0.140491938,s1-procureScaling-h,high,IA,resid hot water,missing,missing,missing,missing,missing,missing,missing,missing,missing,MTC
1893,0.01486076,0.0127576,0.01082754,0.0107535999999999,0.01103888,0.0118961,0.0123701,0.01103532,0.01106113,s1-procureScaling-h,high,IA,resid other,missing,missing,missing,missing,missing,missing,missing,missing,missing,MTC
1894,0.3051814899999999,0.23907224,0.0253238878799999,0.0251230392411999,0.0164813094048,0.0148469139486999,0.0133699755413999,0.0210230934066999,0.0186980815361999,s1-procureScaling-h,high,IA,subpeak generation,missing,missing,missing,missing,missing,missing,missing,missing,missing,MTC
1895,0.020928,0.0233167,0.0223366,0.0228657,0.0223774,0.0229698,0.0237902,0.0241315,0.0249036,s1-procureScaling-h,high,IA,trn_aviation_intl,missing,missing,missing,missing,missing,missing,missing,missing,missing,MTC
1896,0.1068969198,0.139727,0.15089,0.158024,0.161381,0.170384,0.179607,0.188486,0.204303,s1-procureScaling-h,high,IA,trn_freight,missing,missing,missing,missing,missing,missing,missing,missing,missing,MTC
1897,1.618688,2.115918,2.27440663,2.333146698,2.1362083380000003,1.953026428,1.890279056,1.711554638,1.583061834,s1-procureScaling-h,high,IA,trn_freight_road,missing,missing,missing,missing,missing,missing,missing,missing,missing,MTC
1898,0.08453661,0.09505985,0.09546351,0.0995642799999999,0.09360475,0.09835819,0.10271556,0.10319342,0.10806167,s1-procureScaling-h,high,IA,trn_pass,missing,missing,missing,missing,missing,missing,missing,missing,missing,MTC
1899,0.0620769,0.0870848499999999,0.13597813,0.1397183599999999,0.10056165,0.0766502799999999,0.06728658,0.06383153,0.06187963,s1-procureScaling-h,high,IA,trn_pass_road,missing,missing,missing,missing,missing,missing,missing,missing,missing,MTC
1900,0.00874547,0.0112523,0.00942755,0.00831987,0.00743185,0.00705454,0.00678158,0.00646983,0.00635092,s1-procureScaling-h,high,IA,trn_pass_road_LDV,missing,missing,missing,missing,missing,missing,missing,missing,missing,MTC
1901,2.48500036,3.19683071,2.97023241,2.61979452,1.9567541729999995,1.464567128,1.0742069550000004,0.94264809,0.8777693799999999,s1-procureScaling-h,high,IA,trn_pass_road_LDV_4W,missing,missing,missing,missing,missing,missing,missing,missing,missing,MTC
1902,2.74779e-05,0.0,0.0,0.0,0.0,0.0,0.0,0.0,0.0,s1-procureScaling-h,high,IA,trn_shipping_intl,missing,missing,missing,missing,missing,missing,missing,missing,missing,MTC
1903,0.0,0.0,0.0,-0.0698361199999999,-0.14394537,-0.1240828,-0.3499069999999999,-1.161686,-4.4614,s1-procureScaling-h,high,KS,CDR_regional,missing,missing,missing,missing,missing,missing,missing,missing,missing,MTC
1904,5.586251330000001,8.598974315199998,5.9882463963,6.103514895799999,1.7447396168000002,1.1886395022999994,1.104185551200001,0.6294172157799999,0.610422087797,s1-procureScaling-h,high,KS,base load generation,missing,missing,missing,missing,missing,missing,missing,missing,missing,MTC
1905,0.0,0.04971004921,0.2003916,0.192799178,0.147581066,0.1153127119,0.0865619471,0.0551595332,0.0244484137,s1-procureScaling-h,high,KS,biomass liquids,missing,missing,missing,missing,missing,missing,missing,missing,missing,MTC
1906,0.0,0.0,0.06038398,0.242119478,1.0946780769999995,1.37430289,1.429943093,1.834901389,2.0341443350000006,s1-procureScaling-h,high,KS,biorefining,missing,missing,missing,missing,missing,missing,missing,missing,missing,MTC
1907,0.125452,0.1773,0.126915,0.139248,0.0248634,0.0227509,0.0236992,0.01694744,0.01750347,s1-procureScaling-h,high,KS,cement,missing,missing,missing,missing,missing,missing,missing,missing,missing,MTC
1908,0.0492077,0.0237975,0.0236448999999999,0.0237583899999999,0.0220035999999999,0.02078979,0.020061279,0.017989823,0.0172443399999999,s1-procureScaling-h,high,KS,comm cooking,missing,missing,missing,missing,missing,missing,missing,missing,missing,MTC
1909,0.00038908,0.00704178,0.000686339,0.000704228,0.000714028,0.000734256,0.0007506745000000001,0.0007347714,0.0007259772,s1-procureScaling-h,high,KS,comm cooling,missing,missing,missing,missing,missing,missing,missing,missing,missing,MTC
1910,0.464288959,0.3406451,0.3655740699999999,0.36139097,0.33614914,0.3190807399999999,0.302989639,0.251617914,0.241271761,s1-procureScaling-h,high,KS,comm heating,missing,missing,missing,missing,missing,missing,missing,missing,missing,MTC
1911,0.2288268,0.06374397,0.10324407,0.1033952899999999,0.09874274,0.095789546,0.0943093199999999,0.0860082689999999,0.085357712,s1-procureScaling-h,high,KS,comm hot water,missing,missing,missing,missing,missing,missing,missing,missing,missing,MTC
1912,0.08517656,0.03462772,0.1016757,0.107937,0.1177304,0.1400063,0.1551384,0.1520605,0.157474,s1-procureScaling-h,high,KS,comm other,missing,missing,missing,missing,missing,missing,missing,missing,missing,MTC
1913,0.0,0.0,0.0,0.0,0.0,0.0,0.0,0.000516848,0.005344994,s1-procureScaling-h,high,KS,gas to liquids,missing,missing,missing,missing,missing,missing,missing,missing,missing,MTC
1914,2.8645547,1.8255493,1.894091712,1.929662017,1.886594108,1.93599236332,1.9896594508300005,1.95609883967,1.9598821546500005,s1-procureScaling-h,high,KS,industrial energy use,missing,missing,missing,missing,missing,missing,missing,missing,missing,MTC
1915,1.92227122,1.9959807,0.269211251,0.2808667165000001,0.16094079629,0.141102262,0.1418441734,0.1353486248,0.1275507085,s1-procureScaling-h,high,KS,intermediate generation,missing,missing,missing,missing,missing,missing,missing,missing,missing,MTC
1916,1.22531,0.761295,0.8715066,0.8499952,0.6811497,0.5955684,0.5524025,0.4734739,0.3989864999999999,s1-procureScaling-h,high,KS,oil refining,missing,missing,missing,missing,missing,missing,missing,missing,missing,MTC
1917,0.0145879709999999,0.0038619829999999,0.0029851174,0.0026948357443,0.001185075025973,0.0009331238078529998,0.0008098802995419998,0.0006138302290609998,0.000422563542543,s1-procureScaling-h,high,KS,peak generation,missing,missing,missing,missing,missing,missing,missing,missing,missing,MTC
1918,0.100785034,0.1439377399999999,0.1015833999999999,0.1101549299999999,0.07093916,0.07464058,0.07932854,0.0795036,0.0830627999999999,s1-procureScaling-h,high,KS,process heat cement,missing,missing,missing,missing,missing,missing,missing,missing,missing,MTC
1919,-0.243716,-0.184398,-0.228464,-0.533225,-3.49007,-4.50239,-4.73815,-7.97842,-9.55956,s1-procureScaling-h,high,KS,regional biomass,missing,missing,missing,missing,missing,missing,missing,missing,missing,MTC
1920,0.0,-0.000121261,-0.0166167,-0.0252876,-0.0500524,-0.0598441,-0.0620228,-0.0849045,-0.0994238,s1-procureScaling-h,high,KS,regional biomassOil,missing,missing,missing,missing,missing,missing,missing,missing,missing,MTC
1921,0.0,-0.21573,-0.88903,-0.880962,-0.768004,-0.661433,-0.545825,-0.488461,-0.40376,s1-procureScaling-h,high,KS,regional corn for ethanol,missing,missing,missing,missing,missing,missing,missing,missing,missing,MTC
1922,0.00893322,0.0135397,0.002450219,0.002565289,0.002569787,0.002548592,0.00256808,0.002482089,0.002396953,s1-procureScaling-h,high,KS,resid clothes dryers,missing,missing,missing,missing,missing,missing,missing,missing,missing,MTC
1923,0.03139193,0.0421391,0.011244339,0.0108472,0.0100032373,0.0091657327,0.0082332461,0.0077567525999999,0.0072749917,s1-procureScaling-h,high,KS,resid cooking,missing,missing,missing,missing,missing,missing,missing,missing,missing,MTC
1924,0.86776252,0.7450920699999999,0.67465349,0.6436202200000002,0.59335496,0.536291674,0.47359144,0.4027421499999999,0.3433203150000001,s1-procureScaling-h,high,KS,resid heating,missing,missing,missing,missing,missing,missing,missing,missing,missing,MTC
1925,0.24605962,0.32102683,0.2292542949999999,0.226526418,0.221412869,0.2109677949999999,0.214289666,0.2058758309999999,0.198829916,s1-procureScaling-h,high,KS,resid hot water,missing,missing,missing,missing,missing,missing,missing,missing,missing,MTC
1926,0.0119771,0.00734412,0.01321101,0.0130058899999999,0.0130963,0.01367618,0.01445043,0.0129915799999999,0.01311144,s1-procureScaling-h,high,KS,resid other,missing,missing,missing,missing,missing,missing,missing,missing,missing,MTC
1927,0.191078174,0.243069349,0.0018040957,0.0016971259,0.0008591622,0.0008316041869999999,0.00113106743801,0.0096476139693999,0.0066769136416999,s1-procureScaling-h,high,KS,subpeak generation,missing,missing,missing,missing,missing,missing,missing,missing,missing,MTC
1928,0.086415,0.0413861,0.0373958,0.0384646,0.0377459,0.0388668,0.0403654,0.0410598,0.0424998,s1-procureScaling-h,high,KS,trn_aviation_intl,missing,missing,missing,missing,missing,missing,missing,missing,missing,MTC
1929,0.13333,0.118594,0.159666,0.169169,0.173688,0.183925,0.194238,0.203831,0.221001,s1-procureScaling-h,high,KS,trn_freight,missing,missing,missing,missing,missing,missing,missing,missing,missing,MTC
1930,2.019019,1.795864,2.39913619,2.486652206,2.2841054769999998,2.090767458,2.0168771279999995,1.820034552,1.6788172010000002,s1-procureScaling-h,high,KS,trn_freight_road,missing,missing,missing,missing,missing,missing,missing,missing,missing,MTC
1931,0.3358968899999999,0.16321274,0.15671362,0.16460067,0.1549888099999999,0.16332581,0.17103196,0.17221503,0.18087239,s1-procureScaling-h,high,KS,trn_pass,missing,missing,missing,missing,missing,missing,missing,missing,missing,MTC
1932,0.077429,0.083689,0.14656057,0.14964746,0.10645094,0.08106135,0.07131425,0.0677745,0.0658799499999999,s1-procureScaling-h,high,KS,trn_pass_road,missing,missing,missing,missing,missing,missing,missing,missing,missing,MTC
1933,0.00795164,0.00819861,0.00810562,0.00729387,0.00657999,0.00626247,0.00604776,0.00579015,0.0057066,s1-procureScaling-h,high,KS,trn_pass_road_LDV,missing,missing,missing,missing,missing,missing,missing,missing,missing,MTC
1934,2.2590214,2.32952844,2.38522667,2.093577036000001,1.561154225,1.167965788,0.857047642,0.7563872760000001,0.707802664,s1-procureScaling-h,high,KS,trn_pass_road_LDV_4W,missing,missing,missing,missing,missing,missing,missing,missing,missing,MTC
1935,0.0,0.0,0.0,0.0,0.0,0.0,0.0,0.0,0.0,s1-procureScaling-h,high,KS,trn_shipping_intl,missing,missing,missing,missing,missing,missing,missing,missing,missing,MTC
1936,0.0,0.0,0.0,-0.07986142,-0.1457619,-0.1767987999999999,-0.508069,-1.519263,-4.53903,s1-procureScaling-h,high,KY,CDR_regional,missing,missing,missing,missing,missing,missing,missing,missing,missing,MTC
1937,11.89226083297,15.800438335,11.987199560000004,11.799809215700002,3.4802902180000013,2.4106391960000004,2.372449619000001,1.0762925376999997,1.1805710653,s1-procureScaling-h,high,KY,base load generation,missing,missing,missing,missing,missing,missing,missing,missing,missing,MTC
1938,0.0,0.009428548,0.02248088,0.0216305899999999,0.01653237,0.01291725,0.00969654,0.00617878,0.0027386399999999,s1-procureScaling-h,high,KY,biomass liquids,missing,missing,missing,missing,missing,missing,missing,missing,missing,MTC
1939,0.0,0.0,0.059020361,0.2387954109999999,1.1033214030000005,1.386181686,1.442080042,1.8930672940000004,2.1448942170000005,s1-procureScaling-h,high,KY,biorefining,missing,missing,missing,missing,missing,missing,missing,missing,missing,MTC
1940,0.0998713,0.141147,0.100754,0.10995,0.02014515,0.01843266,0.01920295,0.01370773,0.01412999,s1-procureScaling-h,high,KY,cement,missing,missing,missing,missing,missing,missing,missing,missing,missing,MTC
1941,0.0,0.0,0.0,0.0,0.0,0.0,0.0,0.002095585,0.022461135,s1-procureScaling-h,high,KY,coal to liquids,missing,missing,missing,missing,missing,missing,missing,missing,missing,MTC
1942,0.01788696,0.0322605,0.03286521,0.03266068,0.02990587,0.02775772,0.0266788299999999,0.023598866,0.0225512639999999,s1-procureScaling-h,high,KY,comm cooking,missing,missing,missing,missing,missing,missing,missing,missing,missing,MTC
1943,1.278e-05,0.000708579,0.0003816611,0.0003743082,0.0003618022,0.00035270439999999994,0.0003498655,0.0003266875,0.0003230409,s1-procureScaling-h,high,KY,comm cooling,missing,missing,missing,missing,missing,missing,missing,missing,missing,MTC
1944,0.6506003,0.6585299,0.3447722499999999,0.33514359,0.30528933,0.27620953,0.2487153799999999,0.178756508,0.164386872,s1-procureScaling-h,high,KY,comm heating,missing,missing,missing,missing,missing,missing,missing,missing,missing,MTC
1945,0.1298097299999999,0.0844197699999999,0.12034648,0.11961422,0.11289581,0.1073838299999999,0.104573051,0.091549281,0.089769452,s1-procureScaling-h,high,KY,comm hot water,missing,missing,missing,missing,missing,missing,missing,missing,missing,MTC
1946,0.0253735,0.0242367,0.0892815999999999,0.1005623,0.1225874,0.1584242,0.1816717,0.177448,0.1842788,s1-procureScaling-h,high,KY,comm other,missing,missing,missing,missing,missing,missing,missing,missing,missing,MTC
1947,0.0,0.0,0.0,0.0,0.0,0.0,0.0,0.000207093,0.002141656,s1-procureScaling-h,high,KY,gas to liquids,missing,missing,missing,missing,missing,missing,missing,missing,missing,MTC
1948,3.8551268,3.978761,3.0122204463,3.0632792604000003,3.066321799393,3.116015345386,3.1613664721820003,3.1057438014640004,3.046556711256999,s1-procureScaling-h,high,KY,industrial energy use,missing,missing,missing,missing,missing,missing,missing,missing,missing,MTC
1949,7.14842469749,9.608669239,6.057534938999999,6.028488543,4.139619000999999,3.591999814999998,3.6654024322000014,2.482888580300001,2.4822744616999994,s1-procureScaling-h,high,KY,intermediate generation,missing,missing,missing,missing,missing,missing,missing,missing,missing,MTC
1950,0.76265,0.578856,0.7161178,0.6982721000000001,0.5593064,0.4889404,0.4536222,0.3891968,0.3294538,s1-procureScaling-h,high,KY,oil refining,missing,missing,missing,missing,missing,missing,missing,missing,missing,MTC
1951,0.07386691512,0.029514975,0.0636925392899999,0.0575931585109,0.0242929067275999,0.0266901083973999,0.0240988580937,0.0172750404834,0.0127762549548,s1-procureScaling-h,high,KY,peak generation,missing,missing,missing,missing,missing,missing,missing,missing,missing,MTC
1952,0.080233981,0.1145876999999999,0.080625091,0.086946108,0.05759512,0.06020307,0.0640089,0.0639681,0.06682106,s1-procureScaling-h,high,KY,process heat cement,missing,missing,missing,missing,missing,missing,missing,missing,missing,MTC
1953,-0.343403,-0.775215,-0.74797,-1.04664,-4.15313,-5.24199,-5.53838,-9.97902,-13.1956,s1-procureScaling-h,high,KY,regional biomass,missing,missing,missing,missing,missing,missing,missing,missing,missing,MTC
1954,0.0,-0.00594172,-0.13241,-0.136584,-0.134895,-0.126112,-0.111707,-0.118559,-0.118728,s1-procureScaling-h,high,KY,regional biomassOil,missing,missing,missing,missing,missing,missing,missing,missing,missing,MTC
1955,0.0,-0.0391064,-0.0802067,-0.101631,-0.168289,-0.190545,-0.190428,-0.263191,-0.309694,s1-procureScaling-h,high,KY,regional corn for ethanol,missing,missing,missing,missing,missing,missing,missing,missing,missing,MTC
1956,0.00598246,0.00670098,0.00657106,0.00655878,0.0063836699999999,0.006116584,0.0063143409999999,0.0061567869999999,0.00591724,s1-procureScaling-h,high,KY,resid clothes dryers,missing,missing,missing,missing,missing,missing,missing,missing,missing,MTC
1957,0.02272038,0.0213455099999999,0.028656062,0.027196675,0.024781818,0.0226167968999999,0.0203305487,0.0193117809999999,0.0180240922,s1-procureScaling-h,high,KY,resid cooking,missing,missing,missing,missing,missing,missing,missing,missing,missing,MTC
1958,1.1126316400000005,0.98493611,0.6591627499999998,0.606883255,0.533463504,0.4461184139999999,0.3561278060000001,0.2699754689999999,0.202978897,s1-procureScaling-h,high,KY,resid heating,missing,missing,missing,missing,missing,missing,missing,missing,missing,MTC
1959,0.166338005,0.2214319,0.118925539,0.11043369,0.102978322,0.090895678,0.096328592,0.090920128,0.0861963209999999,s1-procureScaling-h,high,KY,resid hot water,missing,missing,missing,missing,missing,missing,missing,missing,missing,MTC
1960,0.01312078,0.00600544,0.02712529,0.02738626,0.0294677299999999,0.03153816,0.0335928,0.02929184,0.0291267,s1-procureScaling-h,high,KY,resid other,missing,missing,missing,missing,missing,missing,missing,missing,missing,MTC
1961,0.5329807855000002,0.96539051,0.2114990704,0.190175078635,0.120864355285,0.1143911841989999,0.10226647691,0.08595858061,0.07515687774,s1-procureScaling-h,high,KY,subpeak generation,missing,missing,missing,missing,missing,missing,missing,missing,missing,MTC
1962,0.134805,0.195081,0.250528,0.2592,0.256795,0.264895,0.276313,0.281286,0.292414,s1-procureScaling-h,high,KY,trn_aviation_intl,missing,missing,missing,missing,missing,missing,missing,missing,missing,MTC
1963,0.188004,0.2353116367,0.204336,0.215399,0.223074,0.23529,0.248849,0.261071,0.280626,s1-procureScaling-h,high,KY,trn_freight,missing,missing,missing,missing,missing,missing,missing,missing,missing,MTC
1964,2.846972,3.562358,3.07958634,3.1809557,2.957766992999999,2.718183101,2.647291059,2.3973644540000003,2.20094723,s1-procureScaling-h,high,KY,trn_freight_road,missing,missing,missing,missing,missing,missing,missing,missing,missing,MTC
1965,0.52313626,0.7554721,1.01324843,1.07140469,1.01551359,1.07516157,1.1330722,1.1410709,1.2072901,s1-procureScaling-h,high,KY,trn_pass,missing,missing,missing,missing,missing,missing,missing,missing,missing,MTC
1966,0.109179,0.14094069,0.17722443,0.18162801,0.1296415599999999,0.09813019,0.08563239,0.08088475,0.07801764,s1-procureScaling-h,high,KY,trn_pass_road,missing,missing,missing,missing,missing,missing,missing,missing,missing,MTC
1967,0.0119833,0.0157661,0.0137057,0.0123049,0.0113548,0.010815,0.0105386,0.0101226,0.0100667,s1-procureScaling-h,high,KY,trn_pass_road_LDV,missing,missing,missing,missing,missing,missing,missing,missing,missing,MTC
1968,3.40469788,4.47966928,4.17252767,3.70108673,2.787467824,2.1027659789999995,1.5616917699999997,1.3771241600000004,1.2859722399999998,s1-procureScaling-h,high,KY,trn_pass_road_LDV_4W,missing,missing,missing,missing,missing,missing,missing,missing,missing,MTC
1969,0.0,0.000615338,0.0,0.0,0.0,0.0,0.0,0.0,0.0,s1-procureScaling-h,high,KY,trn_shipping_intl,missing,missing,missing,missing,missing,missing,missing,missing,missing,MTC
1970,0.0,0.0,0.0,-0.12436585,-0.2372464,-0.4062772,-1.05327,-2.633505,-8.24854,s1-procureScaling-h,high,LA,CDR_regional,missing,missing,missing,missing,missing,missing,missing,missing,missing,MTC
1971,2.35182,1.56715,1.699151,1.787683,1.5896763,1.3797154,1.1872075,0.9235664,0.7563799999999999,s1-procureScaling-h,high,LA,N fertilizer,missing,missing,missing,missing,missing,missing,missing,missing,missing,MTC
1972,2.39872371,3.73319676,3.835254464,3.964975430800001,1.806954823,1.540837053,1.626804649,1.0394040944999998,1.066568644899999,s1-procureScaling-h,high,LA,base load generation,missing,missing,missing,missing,missing,missing,missing,missing,missing,MTC
1973,0.0,0.0,0.0,0.0,0.0,0.0,0.0,0.0,0.0,s1-procureScaling-h,high,LA,biomass liquids,missing,missing,missing,missing,missing,missing,missing,missing,missing,MTC
1974,0.0,0.0,0.0601642529999999,0.241464446,1.078031649,1.352251545,1.4068009679999998,1.893716214,2.1930192190000017,s1-procureScaling-h,high,LA,biorefining,missing,missing,missing,missing,missing,missing,missing,missing,missing,MTC
1975,0.116218,0.164249,0.112654,0.121322,0.02264453,0.02075354,0.0216321,0.01532737,0.01583797,s1-procureScaling-h,high,LA,cement,missing,missing,missing,missing,missing,missing,missing,missing,missing,MTC
1976,0.0,0.0,0.0,0.0,0.0,0.0,0.0,4.2781e-05,0.0004577257,s1-procureScaling-h,high,LA,coal to liquids,missing,missing,missing,missing,missing,missing,missing,missing,missing,MTC
1977,0.0255222999999999,0.0720932,0.03839052,0.03754168,0.03389862,0.03144767,0.030164075,0.026727938,0.0257229109999999,s1-procureScaling-h,high,LA,comm cooking,missing,missing,missing,missing,missing,missing,missing,missing,missing,MTC
1978,0.0003408,0.00399162,0.01225767,0.01183858,0.0113449199999999,0.01107644,0.010966245,0.0102835499999999,0.010169073,s1-procureScaling-h,high,LA,comm cooling,missing,missing,missing,missing,missing,missing,missing,missing,missing,MTC
1979,0.2737966,0.2287385599999999,0.109464308,0.104468698,0.09309767,0.083038746,0.073958222,0.0516739332999999,0.0476779449,s1-procureScaling-h,high,LA,comm heating,missing,missing,missing,missing,missing,missing,missing,missing,missing,MTC
1980,0.1259885,0.1164028,0.084559337,0.081965936,0.0753590879999999,0.0705160399999999,0.068053015,0.0587424451,0.0577181178999999,s1-procureScaling-h,high,LA,comm hot water,missing,missing,missing,missing,missing,missing,missing,missing,missing,MTC
1981,0.0565454,0.0940322,0.2257223,0.2360979,0.259163,0.3013289999999999,0.331238,0.322064,0.331487,s1-procureScaling-h,high,LA,comm other,missing,missing,missing,missing,missing,missing,missing,missing,missing,MTC
1982,0.0,0.0,0.0,0.0,0.0,0.0,0.0,0.00459145,0.04748261,s1-procureScaling-h,high,LA,gas to liquids,missing,missing,missing,missing,missing,missing,missing,missing,missing,MTC
1983,20.1470154,17.00648358,18.5827241597,18.933464437900003,19.119285558030004,19.888419658360004,20.676833199360004,20.557531682291,20.928628560758007,s1-procureScaling-h,high,LA,industrial energy use,missing,missing,missing,missing,missing,missing,missing,missing,missing,MTC
1984,1.22932,1.52232,2.70513,2.65312,1.56656,1.46834,1.50355,1.22512,1.20964,s1-procureScaling-h,high,LA,industrial feedstocks,missing,missing,missing,missing,missing,missing,missing,missing,missing,MTC
1985,5.111272680000001,6.47615965,4.3060244700000005,4.182513601999999,3.2889637641,2.963462050200001,2.7269996633000004,2.2178251584000006,2.0130677149000005,s1-procureScaling-h,high,LA,intermediate generation,missing,missing,missing,missing,missing,missing,missing,missing,missing,MTC
1986,7.96693,6.44726,8.613497,8.399092,6.727555000000001,5.881800999999999,5.456021,4.679753,3.953838,s1-procureScaling-h,high,LA,oil refining,missing,missing,missing,missing,missing,missing,missing,missing,missing,MTC
1987,0.179156585,0.18009101,0.05844899827,0.0524516793891699,0.03009225706862,0.0255875839457,0.0221780289164999,0.0137180830187999,0.0098373196677,s1-procureScaling-h,high,LA,peak generation,missing,missing,missing,missing,missing,missing,missing,missing,missing,MTC
1988,0.093366534,0.13334308,0.0901709379999999,0.095971418,0.06440107,0.06765524,0.0719532299999999,0.0718586299999999,0.0751645,s1-procureScaling-h,high,LA,process heat cement,missing,missing,missing,missing,missing,missing,missing,missing,missing,MTC
1989,-2.6707,-3.26872,-2.64198,-2.99801,-6.05129,-7.31585,-7.85746,-11.8145,-14.7864,s1-procureScaling-h,high,LA,regional biomass,missing,missing,missing,missing,missing,missing,missing,missing,missing,MTC
1990,0.0,0.0,-0.0141616,-0.0229115,-0.0478542,-0.0578771,-0.0603583,-0.087564,-0.108854,s1-procureScaling-h,high,LA,regional biomassOil,missing,missing,missing,missing,missing,missing,missing,missing,missing,MTC
1991,0.0,0.0,-0.0198084,-0.0444411,-0.125045,-0.157339,-0.166097,-0.256327,-0.322068,s1-procureScaling-h,high,LA,regional corn for ethanol,missing,missing,missing,missing,missing,missing,missing,missing,missing,MTC
1992,0.0189116,0.0165217,0.00576727,0.0058101,0.00574342,0.005629532,0.005876125,0.005788679,0.00563128,s1-procureScaling-h,high,LA,resid clothes dryers,missing,missing,missing,missing,missing,missing,missing,missing,missing,MTC
1993,0.06628783,0.0509135099999999,0.0247616054,0.0233850741,0.0212773011,0.0193901932,0.017419286,0.0166191955999999,0.0156035438999999,s1-procureScaling-h,high,LA,resid cooking,missing,missing,missing,missing,missing,missing,missing,missing,missing,MTC
1994,0.4763117429999999,0.25400225,0.249419888,0.230150987,0.2020951370000001,0.168585173,0.1347805969999999,0.1024694166999999,0.0780710739,s1-procureScaling-h,high,LA,resid heating,missing,missing,missing,missing,missing,missing,missing,missing,missing,MTC
1995,0.31168274,0.34057232,0.177640442,0.168269254,0.1613220429999999,0.1477463108999999,0.157401299,0.150476762,0.144975556,s1-procureScaling-h,high,LA,resid hot water,missing,missing,missing,missing,missing,missing,missing,missing,missing,MTC
1996,0.02487784,0.00652876,0.0239040399999999,0.0242534599999999,0.02650086,0.02845355,0.03099794,0.02735004,0.02769182,s1-procureScaling-h,high,LA,resid other,missing,missing,missing,missing,missing,missing,missing,missing,missing,MTC
1997,1.21671973,1.350382,0.4093618409,0.3733851945209999,0.233757718554,0.202627090881,0.1794934435709999,0.125636037976,0.101057791253,s1-procureScaling-h,high,LA,subpeak generation,missing,missing,missing,missing,missing,missing,missing,missing,missing,MTC
1998,0.609278,0.665401,0.701667,0.712984,0.700835,0.723573,0.75264,0.766373,0.795346,s1-procureScaling-h,high,LA,trn_aviation_intl,missing,missing,missing,missing,missing,missing,missing,missing,missing,MTC
1999,0.653662,0.5096769999999999,0.6278760000000001,0.654579,0.5869800000000001,0.6223190000000001,0.6579170000000001,0.665825,0.72791,s1-procureScaling-h,high,LA,trn_freight,missing,missing,missing,missing,missing,missing,missing,missing,missing,MTC
2000,3.464205,3.846792,4.037463399999999,4.14228947,3.94136987,3.660731945000001,3.5952585900000003,3.31370433,3.0867842,s1-procureScaling-h,high,LA,trn_freight_road,missing,missing,missing,missing,missing,missing,missing,missing,missing,MTC
2001,2.33789057,2.5534386,2.804879,2.9081226,2.7396541,2.8948702,3.035677,3.0561426,3.2184804,s1-procureScaling-h,high,LA,trn_pass,missing,missing,missing,missing,missing,missing,missing,missing,missing,MTC
2002,0.132851,0.1697118,0.2588659,0.2648768999999999,0.1895794999999999,0.14420577,0.12668176,0.1200478599999999,0.11629025,s1-procureScaling-h,high,LA,trn_pass_road,missing,missing,missing,missing,missing,missing,missing,missing,missing,MTC
2003,0.0124319,0.0165792,0.0139153,0.0122809,0.0112351,0.0107527,0.0104289,0.00999261,0.0098988,s1-procureScaling-h,high,LA,trn_pass_road_LDV,missing,missing,missing,missing,missing,missing,missing,missing,missing,MTC
2004,3.53222211,4.7102901500000005,4.367798919999999,3.81067748,2.842444548,2.134587733,1.5769063449999998,1.40518112,1.31666556,s1-procureScaling-h,high,LA,trn_pass_road_LDV_4W,missing,missing,missing,missing,missing,missing,missing,missing,missing,MTC
2005,3.68678,2.38057,1.52426,1.56204,1.43063,1.47818,1.52638,1.50894,1.5734,s1-procureScaling-h,high,LA,trn_shipping_intl,missing,missing,missing,missing,missing,missing,missing,missing,missing,MTC
2006,0.0,0.0,0.0,-0.003689131,-0.00868066,-0.02804528,-0.07714985,-0.2236589,-0.7031206999999999,s1-procureScaling-h,high,ME,CDR_regional,missing,missing,missing,missing,missing,missing,missing,missing,missing,MTC
2007,0.4260836,0.9433156,0.2766420412,0.268937530434,0.34670223893,0.3848247818999999,0.36178107005,0.372034957525,0.4806363421810001,s1-procureScaling-h,high,ME,base load generation,missing,missing,missing,missing,missing,missing,missing,missing,missing,MTC
2008,0.0,8.54956e-06,0.000170588,0.000164166,0.000125058,9.77053e-05,7.33422e-05,4.673e-05,2.07123e-05,s1-procureScaling-h,high,ME,biomass liquids,missing,missing,missing,missing,missing,missing,missing,missing,missing,MTC
2009,0.0,0.0,0.055501981,0.23055119,0.938770575,1.1670116439999996,1.212218345,1.5226648499999995,1.576540487,s1-procureScaling-h,high,ME,biorefining,missing,missing,missing,missing,missing,missing,missing,missing,missing,MTC
2010,0.00099526,0.0025088899999999,0.003269855,0.003221234,0.002925874,0.002675232,0.0025265688999999,0.0022153439,0.0021076445,s1-procureScaling-h,high,ME,comm cooking,missing,missing,missing,missing,missing,missing,missing,missing,missing,MTC
2011,6.10615e-05,0.000492767,0.00101933,0.001000234,0.000956676,0.000921631,0.0009005663000000001,0.0008350842000000001,0.0008202926,s1-procureScaling-h,high,ME,comm cooling,missing,missing,missing,missing,missing,missing,missing,missing,missing,MTC
2012,0.4938504999999999,0.52822336,0.3468198899999999,0.3443405699999999,0.33613238,0.33087624,0.31922749,0.28156183,0.267815174,s1-procureScaling-h,high,ME,comm heating,missing,missing,missing,missing,missing,missing,missing,missing,missing,MTC
2013,0.09731229,0.02262625,0.0136770879999999,0.0134347329999999,0.012418003,0.011255552,0.0102211731,0.008223682,0.0077430483,s1-procureScaling-h,high,ME,comm hot water,missing,missing,missing,missing,missing,missing,missing,missing,missing,MTC
2014,0.01048806,0.00918412,0.0794801,0.0807996,0.0791139999999999,0.081243,0.0831763,0.079236,0.0806885,s1-procureScaling-h,high,ME,comm other,missing,missing,missing,missing,missing,missing,missing,missing,missing,MTC
2015,2.39711607,1.9770763,1.5897321134000002,1.6437431924,1.7676363080500002,1.875512082994,1.9384574888849997,1.9115743876090008,1.9109082585169987,s1-procureScaling-h,high,ME,industrial energy use,missing,missing,missing,missing,missing,missing,missing,missing,missing,MTC
2016,0.63520008,1.16614492,0.460546113,0.4587480928999999,0.4954600357999999,0.4955420426999998,0.4760940177,0.4637981951,0.4444978413000001,s1-procureScaling-h,high,ME,intermediate generation,missing,missing,missing,missing,missing,missing,missing,missing,missing,MTC
2017,0.00738426,0.010412837,0.0020918392832,0.0018515394787,0.0010909103635179,0.0009754565984390002,0.0008519101683500002,0.00053588264246,0.0003859786946399998,s1-procureScaling-h,high,ME,peak generation,missing,missing,missing,missing,missing,missing,missing,missing,missing,MTC
2018,-2.57517,-2.96893,-2.34488,-2.66785,-5.36877,-6.45731,-6.77247,-8.77757,-9.995,s1-procureScaling-h,high,ME,regional biomass,missing,missing,missing,missing,missing,missing,missing,missing,missing,MTC
2019,0.0,-0.000121266,-0.0153363,-0.0235497,-0.0442865,-0.0523393,-0.0540647,-0.0719284,-0.0766095,s1-procureScaling-h,high,ME,regional biomassOil,missing,missing,missing,missing,missing,missing,missing,missing,missing,MTC
2020,0.0,0.0,-0.0162036,-0.0371995,-0.0994075,-0.123937,-0.130601,-0.185907,-0.20356,s1-procureScaling-h,high,ME,regional corn for ethanol,missing,missing,missing,missing,missing,missing,missing,missing,missing,MTC
2021,8.52e-05,0.00018176,0.0001817337,0.0001811236,0.00017355409999999998,0.0001626595,0.000164541,0.0001586547,0.0001520353,s1-procureScaling-h,high,ME,resid clothes dryers,missing,missing,missing,missing,missing,missing,missing,missing,missing,MTC
2022,0.001615278,0.002739903,0.0044866300999999,0.0042005596,0.0036994363,0.0032853334,0.00286620579,0.0027302319199999,0.00261149101,s1-procureScaling-h,high,ME,resid cooking,missing,missing,missing,missing,missing,missing,missing,missing,missing,MTC
2023,0.6984325499999999,1.076507149,0.8867382070000001,0.856672369,0.8230058820000001,0.7900996740000001,0.743843494,0.6755914289999998,0.6021876820000001,s1-procureScaling-h,high,ME,resid heating,missing,missing,missing,missing,missing,missing,missing,missing,missing,MTC
2024,0.058559137,0.1308162239999999,0.049041388,0.044464941,0.037972696,0.0268818987999999,0.024531546,0.0200021227,0.015302934,s1-procureScaling-h,high,ME,resid hot water,missing,missing,missing,missing,missing,missing,missing,missing,missing,MTC
2025,0.0040659599999999,0.0106114,0.006200603,0.006155543,0.006034993,0.006534918,0.0069175569999999,0.006110801,0.006292107,s1-procureScaling-h,high,ME,resid other,missing,missing,missing,missing,missing,missing,missing,missing,missing,MTC
2026,0.043101416747,0.0732205851,0.0129582910169999,0.0116816257837299,0.0075141355633399,0.0067959263433,0.0060633072079999,0.0045099852185,0.0035621036562,s1-procureScaling-h,high,ME,subpeak generation,missing,missing,missing,missing,missing,missing,missing,missing,missing,MTC
2027,0.0584544,0.0335621,0.0223982,0.0233114,0.0230577,0.0238229,0.024919,0.0254535,0.0264281,s1-procureScaling-h,high,ME,trn_aviation_intl,missing,missing,missing,missing,missing,missing,missing,missing,missing,MTC
2028,0.05401869,0.0655424,0.0618538,0.065783,0.0644254,0.0683147,0.0727939,0.0758568,0.0820999999999999,s1-procureScaling-h,high,ME,trn_freight,missing,missing,missing,missing,missing,missing,missing,missing,missing,MTC
2029,0.7744082,0.6406311,0.705161838,0.7367546549999999,0.6929734380000001,0.6458009001999998,0.6351668980000001,0.584160917,0.544377968,s1-procureScaling-h,high,ME,trn_freight_road,missing,missing,missing,missing,missing,missing,missing,missing,missing,MTC
2030,0.22554446,0.13005715,0.0922508299999999,0.09828186,0.09308972,0.09876618,0.1044539999999999,0.10569339,0.11164589,s1-procureScaling-h,high,ME,trn_pass,missing,missing,missing,missing,missing,missing,missing,missing,missing,MTC
2031,0.0296975,0.024879479,0.037522106,0.038188293,0.026879925,0.020053424,0.017277327,0.01615469,0.015443989,s1-procureScaling-h,high,ME,trn_pass_road,missing,missing,missing,missing,missing,missing,missing,missing,missing,MTC
2032,0.00399834,0.00519594,0.0052295,0.00483044,0.0044533,0.00428962,0.00423924,0.00412723,0.00413011,s1-procureScaling-h,high,ME,trn_pass_road_LDV,missing,missing,missing,missing,missing,missing,missing,missing,missing,MTC
2033,1.136148598,1.476035023,1.520681656,1.3579407570000002,1.025172619,0.773994282,0.5743820119999999,0.5023005220000001,0.4666399630000001,s1-procureScaling-h,high,ME,trn_pass_road_LDV_4W,missing,missing,missing,missing,missing,missing,missing,missing,missing,MTC
2034,0.0249818,0.216369,0.0618847,0.0640809,0.0590617,0.0610642,0.06336,0.0629281,0.065732,s1-procureScaling-h,high,ME,trn_shipping_intl,missing,missing,missing,missing,missing,missing,missing,missing,missing,MTC
2035,0.0,0.0,0.0,-0.02875974,-0.06171943,-0.1847421,-0.4963729,-1.31147,-3.5313670000000004,s1-procureScaling-h,high,MD,CDR_regional,missing,missing,missing,missing,missing,missing,missing,missing,missing,MTC
2036,3.2529443,4.1720456,2.14880786,2.2231218161000004,0.985238888,0.8291781461000002,0.9234494565,0.6089845172000002,0.7111599091999999,s1-procureScaling-h,high,MD,base load generation,missing,missing,missing,missing,missing,missing,missing,missing,missing,MTC
2037,0.0,0.0,0.0578784989999999,0.236048615,1.071674574,1.3448262460000002,1.3988181529999997,1.7851363259999995,1.898795063999999,s1-procureScaling-h,high,MD,biorefining,missing,missing,missing,missing,missing,missing,missing,missing,missing,MTC
2038,0.159062,0.2248,0.165548,0.179721,0.0337149,0.0308033,0.0319643,0.02244676,0.02302771,s1-procureScaling-h,high,MD,cement,missing,missing,missing,missing,missing,missing,missing,missing,missing,MTC
2039,0.0,0.0,0.0,0.0,0.0,0.0,0.0,6.94476e-05,0.0007427146,s1-procureScaling-h,high,MD,coal to liquids,missing,missing,missing,missing,missing,missing,missing,missing,missing,MTC
2040,0.01786928,0.0735258,0.06653802,0.06695241,0.06252097,0.06034738,0.0598635899999999,0.055250747,0.054202331,s1-procureScaling-h,high,MD,comm cooking,missing,missing,missing,missing,missing,missing,missing,missing,missing,MTC
2041,0.00158046,0.00659021,0.002076644,0.0020375519999999,0.001963385,0.0019219699999999,0.0019123369999999,0.0017948594,0.0017771012,s1-procureScaling-h,high,MD,comm cooling,missing,missing,missing,missing,missing,missing,missing,missing,missing,MTC
2042,0.5938634999999999,1.0368887,0.71640083,0.699844134,0.6422520650000001,0.593110896,0.5464840092999999,0.4176941599999999,0.39072634,s1-procureScaling-h,high,MD,comm heating,missing,missing,missing,missing,missing,missing,missing,missing,missing,MTC
2043,0.0936112,0.13891065,0.1572448399999999,0.15581889,0.14625219,0.139586488,0.1372183219999999,0.121724397,0.120529467,s1-procureScaling-h,high,MD,comm hot water,missing,missing,missing,missing,missing,missing,missing,missing,missing,MTC
2044,0.0694902,0.0553213999999999,0.273718,0.290103,0.312706,0.361107,0.398124,0.3855079999999999,0.39968,s1-procureScaling-h,high,MD,comm other,missing,missing,missing,missing,missing,missing,missing,missing,missing,MTC
2045,2.8067789000000003,1.6061786999999998,0.806312281,0.8288997008999999,0.8363686482400001,0.8583984388399998,0.8793125175200001,0.863449464243,0.8529225605259999,s1-procureScaling-h,high,MD,industrial energy use,missing,missing,missing,missing,missing,missing,missing,missing,missing,MTC
2046,3.8738084,4.9659374000000005,1.6966627719999998,1.736478475,1.3250066052,1.2892857291000004,1.3511637165999997,1.0310089715,1.0408079963,s1-procureScaling-h,high,MD,intermediate generation,missing,missing,missing,missing,missing,missing,missing,missing,missing,MTC
2047,0.04680244,0.0176142499999999,0.007548732052,0.00678091571836,0.0042385714837599,0.00368612649888,0.00314705823094,0.00205710813304,0.00149091625859,s1-procureScaling-h,high,MD,peak generation,missing,missing,missing,missing,missing,missing,missing,missing,missing,MTC
2048,0.1277862199999999,0.18250059,0.1324642899999999,0.14209569,0.09402457,0.09827673,0.10396179,0.10340061,0.10750005,s1-procureScaling-h,high,MD,process heat cement,missing,missing,missing,missing,missing,missing,missing,missing,missing,MTC
2049,-0.614237,-0.659208,-0.499034,-0.791291,-3.68966,-4.70935,-4.99945,-7.90197,-9.68886,s1-procureScaling-h,high,MD,regional biomass,missing,missing,missing,missing,missing,missing,missing,missing,missing,MTC
2050,0.0,0.0,-0.0135531,-0.022084,-0.0467566,-0.0566485,-0.059092,-0.0812259,-0.0904335,s1-procureScaling-h,high,MD,regional biomassOil,missing,missing,missing,missing,missing,missing,missing,missing,missing,MTC
2051,0.0,0.0,-0.0180282,-0.0408576,-0.11678,-0.147095,-0.155272,-0.225734,-0.255809,s1-procureScaling-h,high,MD,regional corn for ethanol,missing,missing,missing,missing,missing,missing,missing,missing,missing,MTC
2052,0.0102595,0.0190905,0.00812566,0.00811743,0.00787035,0.007574944,0.007797477,0.007603985,0.00733895,s1-procureScaling-h,high,MD,resid clothes dryers,missing,missing,missing,missing,missing,missing,missing,missing,missing,MTC
2053,0.03792159,0.05982584,0.042098482,0.040318555,0.037253266,0.034672596,0.0321278017999999,0.030863211,0.029357351,s1-procureScaling-h,high,MD,resid cooking,missing,missing,missing,missing,missing,missing,missing,missing,missing,MTC
2054,1.3765326,1.42119692,1.1052952,1.02473344,0.90607105,0.7642801600000002,0.61778839,0.472451081,0.3579664699999999,s1-procureScaling-h,high,MD,resid heating,missing,missing,missing,missing,missing,missing,missing,missing,missing,MTC
2055,0.2227852,0.37566824,0.2547904,0.240853245,0.2261547379999999,0.201048942,0.2095345519999999,0.19661888,0.1855458099999999,s1-procureScaling-h,high,MD,resid hot water,missing,missing,missing,missing,missing,missing,missing,missing,missing,MTC
2056,0.0193735,0.0123696,0.0444637,0.0449512,0.0471499,0.0504359999999999,0.054494,0.0476696999999999,0.048305,s1-procureScaling-h,high,MD,resid other,missing,missing,missing,missing,missing,missing,missing,missing,missing,MTC
2057,0.3831318,0.2609253,0.05229613583,0.0479048771002,0.0330725172957,0.029431982714,0.025875824427,0.0198044207229999,0.0167263281649999,s1-procureScaling-h,high,MD,subpeak generation,missing,missing,missing,missing,missing,missing,missing,missing,missing,MTC
2058,0.084637,0.102728,0.0329715,0.0337565,0.0330971,0.0339887,0.0351962,0.0356757,0.0367872,s1-procureScaling-h,high,MD,trn_aviation_intl,missing,missing,missing,missing,missing,missing,missing,missing,missing,MTC
2059,0.1281472,0.1625106,0.12537229,0.13153553,0.1327722,0.13970643,0.14635367,0.15154739,0.16039301,s1-procureScaling-h,high,MD,trn_freight,missing,missing,missing,missing,missing,missing,missing,missing,missing,MTC
2060,1.4003770000000002,2.031454,1.81478727,1.869560986,1.7186509230000002,1.577820433,1.5237195309999998,1.369592416,1.245083855,s1-procureScaling-h,high,MD,trn_freight_road,missing,missing,missing,missing,missing,missing,missing,missing,missing,MTC
2061,0.32736546,0.39827218,0.13685191,0.14263457,0.13427523,0.14081795,0.1467894099999999,0.14697622,0.1535105699999999,s1-procureScaling-h,high,MD,trn_pass,missing,missing,missing,missing,missing,missing,missing,missing,missing,MTC
2062,0.0537037,0.07938097,0.10216234,0.10500593,0.07567281,0.05845493,0.05222088,0.05028319,0.04953591,s1-procureScaling-h,high,MD,trn_pass_road,missing,missing,missing,missing,missing,missing,missing,missing,missing,MTC
2063,0.0134573,0.0193725,0.0185305,0.0165533,0.0146846,0.0137722,0.0130904,0.012227,0.0118176,s1-procureScaling-h,high,MD,trn_pass_road_LDV,missing,missing,missing,missing,missing,missing,missing,missing,missing,MTC
2064,3.82382619,5.50424543,5.48400186,4.87313681,3.66692729,2.767199685,2.0532844600000004,1.80065977,1.6835365599999996,s1-procureScaling-h,high,MD,trn_pass_road_LDV_4W,missing,missing,missing,missing,missing,missing,missing,missing,missing,MTC
2065,0.309511,0.264097,0.0198765,0.0204269,0.0186768,0.0192276,0.0197747,0.0194687,0.0201708,s1-procureScaling-h,high,MD,trn_shipping_intl,missing,missing,missing,missing,missing,missing,missing,missing,missing,MTC
2066,0.0,0.0,0.0,-0.01661,-0.03690986,-0.1182809,-0.2849778,-0.6142957,-1.6166969999999998,s1-procureScaling-h,high,MA,CDR_regional,missing,missing,missing,missing,missing,missing,missing,missing,missing,MTC
2067,3.0197873799999995,3.736098530000001,0.7587971299999999,0.74277895818,0.6285148253999999,0.5954337613000003,0.5425362160000001,0.3627012203999997,0.4393556677000003,s1-procureScaling-h,high,MA,base load generation,missing,missing,missing,missing,missing,missing,missing,missing,missing,MTC
2068,0.0,8.54956e-06,0.000170588,0.000164166,0.000125058,9.77053e-05,7.33422e-05,4.673e-05,2.07123e-05,s1-procureScaling-h,high,MA,biomass liquids,missing,missing,missing,missing,missing,missing,missing,missing,missing,MTC
2069,0.0,0.0,0.055501981,0.23055119,0.938770575,1.1670116439999996,1.212218345,1.5226648499999995,1.626433135,s1-procureScaling-h,high,MA,biorefining,missing,missing,missing,missing,missing,missing,missing,missing,missing,MTC
2070,0.0881206,0.12454,0.0930024,0.10529,0.0241867399999999,0.02254929,0.02429538,0.01638939,0.01730959,s1-procureScaling-h,high,MA,cement,missing,missing,missing,missing,missing,missing,missing,missing,missing,MTC
2071,0.039594,0.0392107,0.0441867399999999,0.04503638,0.0425966299999999,0.0410709,0.0406622399999999,0.0377410929999999,0.037072072,s1-procureScaling-h,high,MA,comm cooking,missing,missing,missing,missing,missing,missing,missing,missing,missing,MTC
2072,0.00473002,0.0141915,0.02605361,0.02608793,0.0254134099999999,0.02494183,0.02479615,0.0234513599999999,0.023324646,s1-procureScaling-h,high,MA,comm cooling,missing,missing,missing,missing,missing,missing,missing,missing,missing,MTC
2073,1.4345444,1.4211838,1.05517917,1.05711363,0.99640282,0.94231362,0.88784614,0.7268132600000001,0.6932065369999999,s1-procureScaling-h,high,MA,comm heating,missing,missing,missing,missing,missing,missing,missing,missing,missing,MTC
2074,0.49222,0.1186111,0.11377359,0.11462899,0.1093149799999999,0.1054543889999999,0.104421302,0.0952879579999999,0.095491613,s1-procureScaling-h,high,MA,comm hot water,missing,missing,missing,missing,missing,missing,missing,missing,missing,MTC
2075,0.0793658999999999,0.0454165,0.5139389,0.5313179,0.5288138,0.5398886,0.5557181999999999,0.5316836,0.5426997,s1-procureScaling-h,high,MA,comm other,missing,missing,missing,missing,missing,missing,missing,missing,missing,MTC
2076,1.22915933,0.91487381,0.8884917499999999,0.9208063516,0.93865125338,0.9742286697300002,1.0101756718499997,1.0033218462300002,1.0048078561849996,s1-procureScaling-h,high,MA,industrial energy use,missing,missing,missing,missing,missing,missing,missing,missing,missing,MTC
2077,3.68464443,3.20002605,1.435787707,1.389724703,1.252025592,1.1599809149999991,1.051360842999999,0.9236660703,0.8318717186000003,s1-procureScaling-h,high,MA,intermediate generation,missing,missing,missing,missing,missing,missing,missing,missing,missing,MTC
2078,0.04966155,0.03204512,0.0183288356699999,0.01622372949254,0.0095739190021699,0.00856637315988,0.0074730758703,0.0047140424212999,0.0034027182297,s1-procureScaling-h,high,MA,peak generation,missing,missing,missing,missing,missing,missing,missing,missing,missing,MTC
2079,0.070793773,0.101105496,0.074419223,0.083236004,0.05999513,0.06369021,0.06912868,0.0698075,0.07381328,s1-procureScaling-h,high,MA,process heat cement,missing,missing,missing,missing,missing,missing,missing,missing,missing,MTC
2080,-1.2576,-0.808359,-0.780103,-1.0684,-3.50363,-4.38243,-4.5885,-6.30471,-7.46062,s1-procureScaling-h,high,MA,regional biomass,missing,missing,missing,missing,missing,missing,missing,missing,missing,MTC
2081,0.0,-0.000121266,-0.0153363,-0.0235497,-0.0442865,-0.0523393,-0.0540647,-0.0719284,-0.0798609,s1-procureScaling-h,high,MA,regional biomassOil,missing,missing,missing,missing,missing,missing,missing,missing,missing,MTC
2082,0.0,0.0,-0.0162036,-0.0371995,-0.0994075,-0.123937,-0.130601,-0.185907,-0.21178,s1-procureScaling-h,high,MA,regional corn for ethanol,missing,missing,missing,missing,missing,missing,missing,missing,missing,MTC
2083,0.0183734,0.0242863,0.01135739,0.0115882,0.01136443,0.01099286,0.01132963,0.01113376,0.01090472,s1-procureScaling-h,high,MA,resid clothes dryers,missing,missing,missing,missing,missing,missing,missing,missing,missing,MTC
2084,0.0682236,0.07842979,0.057741251,0.056208714,0.0524799419999999,0.0493353709999999,0.0461694839999999,0.0447877859999999,0.043326606,s1-procureScaling-h,high,MA,resid cooking,missing,missing,missing,missing,missing,missing,missing,missing,missing,MTC
2085,3.0804757,2.85105681,2.2076215,2.1541984,2.0397300999999994,1.909325,1.7528425,1.54703743,1.35443315,s1-procureScaling-h,high,MA,resid heating,missing,missing,missing,missing,missing,missing,missing,missing,missing,MTC
2086,0.7095819000000001,0.6722424,0.6037791400000001,0.5928816,0.57028948,0.52704863,0.5371861099999999,0.51410953,0.4932425500000001,s1-procureScaling-h,high,MA,resid hot water,missing,missing,missing,missing,missing,missing,missing,missing,missing,MTC
2087,0.035639,0.0269657,0.0622283,0.0627403,0.0639388999999999,0.0691526,0.0743523,0.0669096,0.0686212,s1-procureScaling-h,high,MA,resid other,missing,missing,missing,missing,missing,missing,missing,missing,missing,MTC
2088,0.3634673,0.29771782,0.1134097982,0.1022693021855999,0.0663099864072,0.0601193447449999,0.053475644577,0.0403435475889999,0.03240659822,s1-procureScaling-h,high,MA,subpeak generation,missing,missing,missing,missing,missing,missing,missing,missing,missing,MTC
2089,0.231313,0.212532,0.15256,0.159623,0.159817,0.165167,0.173035,0.177709,0.184618,s1-procureScaling-h,high,MA,trn_aviation_intl,missing,missing,missing,missing,missing,missing,missing,missing,missing,MTC
2090,0.1119293,0.129091,0.1164853399999999,0.1264987,0.13075896,0.14041008,0.15142632,0.16129127,0.17580983,s1-procureScaling-h,high,MA,trn_freight,missing,missing,missing,missing,missing,missing,missing,missing,missing,MTC
2091,1.290673,1.715804,1.62659227,1.73070694,1.63876561,1.548673592,1.538155872,1.425150641,1.340765362,s1-procureScaling-h,high,MA,trn_freight_road,missing,missing,missing,missing,missing,missing,missing,missing,missing,MTC
2092,0.88752777,0.81696033,0.61192697,0.65226301,0.62999691,0.6636097900000001,0.6993483500000001,0.71056561,0.7451939099999999,s1-procureScaling-h,high,MA,trn_pass,missing,missing,missing,missing,missing,missing,missing,missing,missing,MTC
2093,0.0494973,0.06713113,0.09601338,0.09901605,0.07157606,0.05495442,0.04844703,0.04607804,0.0448081199999999,s1-procureScaling-h,high,MA,trn_pass_road,missing,missing,missing,missing,missing,missing,missing,missing,missing,MTC
2094,0.0159719,0.0204505,0.0184372,0.0173429,0.0160517,0.0154211,0.0151368,0.0145594,0.0143976,s1-procureScaling-h,high,MA,trn_pass_road_LDV,missing,missing,missing,missing,missing,missing,missing,missing,missing,MTC
2095,4.53784652,5.81066729,5.45095268,4.88150684,3.69189851,2.794780896,2.0779362000000003,1.81444736,1.6909379299999996,s1-procureScaling-h,high,MA,trn_pass_road_LDV_4W,missing,missing,missing,missing,missing,missing,missing,missing,missing,MTC
2096,0.231654,0.146986,0.0337071,0.0352795,0.0327529,0.034082,0.0355818,0.0355512,0.0373589,s1-procureScaling-h,high,MA,trn_shipping_intl,missing,missing,missing,missing,missing,missing,missing,missing,missing,MTC
2097,0.0,0.0,0.0,-0.10387526,-0.1902741,-0.2438806,-0.7103980000000001,-2.074241,-6.02985,s1-procureScaling-h,high,MI,CDR_regional,missing,missing,missing,missing,missing,missing,missing,missing,missing,MTC
2098,11.3215753,12.890336899999998,8.642796229999997,7.755695702,3.365967684000001,2.998644548000002,3.019497537999999,2.0249713566,2.21765955253,s1-procureScaling-h,high,MI,base load generation,missing,missing,missing,missing,missing,missing,missing,missing,missing,MTC
2099,0.0,0.0175596,0.107704,0.103619,0.0793519,0.0620025,0.0465439,0.0296602,0.0131463,s1-procureScaling-h,high,MI,biomass liquids,missing,missing,missing,missing,missing,missing,missing,missing,missing,MTC
2100,0.0,0.0,0.059020361,0.2387954109999999,1.1033214030000005,1.386181686,1.442080042,1.9445487240000003,2.259895917,s1-procureScaling-h,high,MI,biorefining,missing,missing,missing,missing,missing,missing,missing,missing,missing,MTC
2101,0.227933,0.322134,0.241687,0.270738,0.0494924999999999,0.0453014,0.0470546,0.03357392,0.03455814,s1-procureScaling-h,high,MI,cement,missing,missing,missing,missing,missing,missing,missing,missing,missing,MTC
2102,0.1233404,0.0834261,0.07577517,0.07629056,0.07071672,0.06668423,0.06468303,0.058134563,0.055888446,s1-procureScaling-h,high,MI,comm cooking,missing,missing,missing,missing,missing,missing,missing,missing,missing,MTC
2103,0.00341084,0.0174319,0.00777846,0.00765289,0.007364999,0.007157131,0.007058717,0.0065665739999999,0.006478115,s1-procureScaling-h,high,MI,comm cooling,missing,missing,missing,missing,missing,missing,missing,missing,missing,MTC
2104,2.313065,2.4759231,2.0286091,2.0379939,1.9510375,1.9108947999999997,1.86858114,1.6481140200000004,1.6054585900000002,s1-procureScaling-h,high,MI,comm heating,missing,missing,missing,missing,missing,missing,missing,missing,missing,MTC
2105,0.5263185,0.21207776,0.26187713,0.2639506199999999,0.25351482,0.24741187,0.246378566,0.2267981669999999,0.226529319,s1-procureScaling-h,high,MI,comm hot water,missing,missing,missing,missing,missing,missing,missing,missing,missing,MTC
2106,0.1075637,0.0804753,0.365715,0.393315,0.436079,0.513086,0.566684,0.552954,0.571071,s1-procureScaling-h,high,MI,comm other,missing,missing,missing,missing,missing,missing,missing,missing,missing,MTC
2107,0.0,0.0,0.0,0.0,0.0,0.0,0.0,0.000212403,0.002196572,s1-procureScaling-h,high,MI,gas to liquids,missing,missing,missing,missing,missing,missing,missing,missing,missing,MTC
2108,8.0744706,5.5708027,4.984600251000001,5.114737476999999,5.1509532183300015,5.273000669639999,5.38228324974,5.293143309422999,5.219053871742999,s1-procureScaling-h,high,MI,industrial energy use,missing,missing,missing,missing,missing,missing,missing,missing,missing,MTC
2109,6.900934499999999,8.0517706,5.223566150000001,4.673049095,3.08813066,2.8738726639000007,2.7286403515,1.964917511,1.6613996479999995,s1-procureScaling-h,high,MI,intermediate generation,missing,missing,missing,missing,missing,missing,missing,missing,missing,MTC
2110,0.413204,0.254444,0.3394103,0.330953,0.2650883,0.231738,0.2149984,0.18446415,0.15614802,s1-procureScaling-h,high,MI,oil refining,missing,missing,missing,missing,missing,missing,missing,missing,missing,MTC
2111,0.16724577,0.2206687,0.05159684603,0.0466556358395999,0.0196695961648,0.0216129506203,0.0195087817704,0.0139721090996999,0.0103020231104999,s1-procureScaling-h,high,MI,peak generation,missing,missing,missing,missing,missing,missing,missing,missing,missing,MTC
2112,0.18311522,0.26151951,0.1934016099999999,0.2140934099999999,0.14149953,0.14795921,0.15684633,0.1566751,0.16342703,s1-procureScaling-h,high,MI,process heat cement,missing,missing,missing,missing,missing,missing,missing,missing,missing,MTC
2113,-1.75815,-2.33043,-2.32002,-2.60063,-6.27196,-7.66676,-8.12455,-15.4945,-20.7405,s1-procureScaling-h,high,MI,regional biomass,missing,missing,missing,missing,missing,missing,missing,missing,missing,MTC
2114,0.0,0.0,-0.013849,-0.0224861,-0.047978,-0.0582057,-0.0607333,-0.0885421,-0.110808,s1-procureScaling-h,high,MI,regional biomassOil,missing,missing,missing,missing,missing,missing,missing,missing,missing,MTC
2115,0.0,-0.0762176,-0.4864,-0.49242,-0.467556,-0.424381,-0.365963,-0.382717,-0.377986,s1-procureScaling-h,high,MI,regional corn for ethanol,missing,missing,missing,missing,missing,missing,missing,missing,missing,MTC
2116,0.0394007,0.079716,0.01632643,0.01624716,0.01567491,0.01492098,0.01526299,0.01481578,0.01420663,s1-procureScaling-h,high,MI,resid clothes dryers,missing,missing,missing,missing,missing,missing,missing,missing,missing,MTC
2117,0.14221836,0.24488209,0.076004663,0.072150512,0.066092738,0.060898778,0.0553632849999999,0.052897393,0.0498133039999999,s1-procureScaling-h,high,MI,resid cooking,missing,missing,missing,missing,missing,missing,missing,missing,missing,MTC
2118,5.0192022,5.15449163,4.16571631,3.9732021300000007,3.68174108,3.365061509999999,3.0154666100000003,2.59602082,2.2286558980000004,s1-procureScaling-h,high,MI,resid heating,missing,missing,missing,missing,missing,missing,missing,missing,missing,MTC
2119,0.9003388699999999,1.2287318,0.7898352400000002,0.76184315,0.7334545100000002,0.6806708650000001,0.6976498230000002,0.6649382279999998,0.6322526899999998,s1-procureScaling-h,high,MI,resid hot water,missing,missing,missing,missing,missing,missing,missing,missing,missing,MTC
2120,0.0641771,0.027734,0.074522,0.0743818,0.0786337,0.0838202,0.0887423,0.0779681,0.0777127,s1-procureScaling-h,high,MI,resid other,missing,missing,missing,missing,missing,missing,missing,missing,missing,MTC
2121,1.1092329,1.2565025,0.4459808754999999,0.405627144361,0.2788607963749999,0.24898509399,0.21370710565,0.1685300468,0.13857877031,s1-procureScaling-h,high,MI,subpeak generation,missing,missing,missing,missing,missing,missing,missing,missing,missing,MTC
2122,0.235946,0.080799,0.0923977,0.0969447,0.095877,0.0986786,0.102479,0.104178,0.107896,s1-procureScaling-h,high,MI,trn_aviation_intl,missing,missing,missing,missing,missing,missing,missing,missing,missing,MTC
2123,0.15274331,0.21982652,0.2420159,0.2608915,0.2655482999999999,0.2797408,0.2942845,0.3065445,0.3279012,s1-procureScaling-h,high,MI,trn_freight,missing,missing,missing,missing,missing,missing,missing,missing,missing,MTC
2124,2.285855,3.25596,3.4109125499999995,3.60003659,3.3530614300000003,3.092117054,2.9891473900000003,2.6960893300000004,2.46511656,s1-procureScaling-h,high,MI,trn_freight_road,missing,missing,missing,missing,missing,missing,missing,missing,missing,MTC
2125,0.90804153,0.31792579,0.38204063,0.410394,0.3891435,0.4100781,0.4293939,0.4316163,0.4538887,s1-procureScaling-h,high,MI,trn_pass,missing,missing,missing,missing,missing,missing,missing,missing,missing,MTC
2126,0.0876604,0.1392183,0.19546733,0.19975532,0.1423723,0.10842396,0.0955903299999999,0.09108022,0.0887012,s1-procureScaling-h,high,MI,trn_pass_road,missing,missing,missing,missing,missing,missing,missing,missing,missing,MTC
2127,0.0281768,0.035713,0.0317714,0.0298974,0.0273032,0.0257866,0.0247311,0.0234545,0.0229778,s1-procureScaling-h,high,MI,trn_pass_road_LDV,missing,missing,missing,missing,missing,missing,missing,missing,missing,MTC
2128,8.005947540000001,10.14676254,9.08285893,8.11668196,6.12699741,4.631456321,3.44082141,3.0147592599999995,2.8131364699999994,s1-procureScaling-h,high,MI,trn_pass_road_LDV_4W,missing,missing,missing,missing,missing,missing,missing,missing,missing,MTC
2129,0.0155669,0.0448308,0.0626625,0.0653283,0.0601294,0.0619269,0.0637978,0.0629712,0.065443,s1-procureScaling-h,high,MI,trn_shipping_intl,missing,missing,missing,missing,missing,missing,missing,missing,missing,MTC
2130,0.0,0.0,0.0,-0.07068227,-0.13515562,-0.1490572,-0.446864,-1.558039,-5.64292,s1-procureScaling-h,high,MN,CDR_regional,missing,missing,missing,missing,missing,missing,missing,missing,missing,MTC
2131,4.44883657,5.683824800000002,3.849476724,3.68174385799,1.2075759339000005,0.967622795,0.9071696188000002,0.8223747749300001,0.8487263957999996,s1-procureScaling-h,high,MN,base load generation,missing,missing,missing,missing,missing,missing,missing,missing,missing,MTC
2132,0.0,0.1590246629999999,0.4733249,0.4553906,0.3485581,0.2723451,0.20444196,0.13027667,0.0577428,s1-procureScaling-h,high,MN,biomass liquids,missing,missing,missing,missing,missing,missing,missing,missing,missing,MTC
2133,0.0,0.0,0.057571184,0.235434595,1.0531071490000004,1.3201754,1.3731300349999993,1.7860431730000002,2.014033678,s1-procureScaling-h,high,MN,biorefining,missing,missing,missing,missing,missing,missing,missing,missing,missing,MTC
2134,0.168441,0.238055,0.176956,0.195979,0.0365357,0.0334014,0.0347578,0.02443337,0.02517981,s1-procureScaling-h,high,MN,cement,missing,missing,missing,missing,missing,missing,missing,missing,missing,MTC
2135,0.0486628,0.0503922,0.0389648,0.03881954,0.0350593499999999,0.03211702,0.03021275,0.026263948,0.024884298,s1-procureScaling-h,high,MN,comm cooking,missing,missing,missing,missing,missing,missing,missing,missing,missing,MTC
2136,0.000133479,0.00522845,0.0003985096,0.0003946506,0.0003795508,0.0003697407,0.0003633450000000001,0.0003394908,0.0003350146,s1-procureScaling-h,high,MN,comm cooling,missing,missing,missing,missing,missing,missing,missing,missing,missing,MTC
2137,1.1030476,1.3032284,1.1762739800000002,1.17091665,1.0908431899999995,1.03520405,0.977543409,0.80304362,0.7632830300000001,s1-procureScaling-h,high,MN,comm heating,missing,missing,missing,missing,missing,missing,missing,missing,missing,MTC
2138,0.313667,0.13520571,0.17763734,0.17780768,0.16669759,0.1584076199999999,0.152801629,0.134577857,0.13223153,s1-procureScaling-h,high,MN,comm hot water,missing,missing,missing,missing,missing,missing,missing,missing,missing,MTC
2139,0.1035926,0.0737303,0.1795309,0.1932208,0.2107517,0.2504413,0.2744801,0.2683639,0.2769446,s1-procureScaling-h,high,MN,comm other,missing,missing,missing,missing,missing,missing,missing,missing,missing,MTC
2140,2.7126196,2.7530842,2.9559535890000004,3.0433088325000006,3.0866377013999995,3.186529798679999,3.25112094873,3.2111070744019994,3.189251812527999,s1-procureScaling-h,high,MN,industrial energy use,missing,missing,missing,missing,missing,missing,missing,missing,missing,MTC
2141,3.6777422299999993,4.3544161,3.451571164,3.2432023044000005,1.8242039064,0.9427498588999998,0.8074898790999998,0.8281307898,0.7934649994999999,s1-procureScaling-h,high,MN,intermediate generation,missing,missing,missing,missing,missing,missing,missing,missing,missing,MTC
2142,0.93058,0.888755,0.9746861,0.9505189,0.7615519,0.6657219999999999,0.6176519,0.5296898999999999,0.4477579,s1-procureScaling-h,high,MN,oil refining,missing,missing,missing,missing,missing,missing,missing,missing,missing,MTC
2143,0.0510445069999999,0.0465276,0.05497015808,0.0495084209337999,0.0309074604735999,0.0261374400585,0.0209076772112999,0.0157831425779999,0.0112054811094999,s1-procureScaling-h,high,MN,peak generation,missing,missing,missing,missing,missing,missing,missing,missing,missing,MTC
2144,0.1353208099999999,0.19326099,0.14161637,0.15500601,0.09960939,0.10463607,0.11124504,0.11165309,0.11665939,s1-procureScaling-h,high,MN,process heat cement,missing,missing,missing,missing,missing,missing,missing,missing,missing,MTC
2145,-1.11089,-1.38703,-1.43911,-1.74161,-4.89946,-6.16435,-6.41237,-10.3071,-12.4315,s1-procureScaling-h,high,MN,regional biomass,missing,missing,missing,missing,missing,missing,missing,missing,missing,MTC
2146,0.0,-0.0127323,-0.2675,-0.266422,-0.23232,-0.201257,-0.167366,-0.151051,-0.12887,s1-procureScaling-h,high,MN,regional biomassOil,missing,missing,missing,missing,missing,missing,missing,missing,missing,MTC
2147,0.0,-0.686352,-1.9945,-1.9422,-1.57053,-1.28176,-1.00617,-0.770065,-0.516597,s1-procureScaling-h,high,MN,regional corn for ethanol,missing,missing,missing,missing,missing,missing,missing,missing,missing,MTC
2148,0.00886222,0.0181022,0.0031288,0.003154061,0.003038041,0.002879901,0.002917167,0.002826459,0.002719295,s1-procureScaling-h,high,MN,resid clothes dryers,missing,missing,missing,missing,missing,missing,missing,missing,missing,MTC
2149,0.03450134,0.05798301,0.015439085,0.014507043,0.0127756519999999,0.0112496190999999,0.0095550835,0.0089911395,0.008386886,s1-procureScaling-h,high,MN,resid cooking,missing,missing,missing,missing,missing,missing,missing,missing,missing,MTC
2150,1.9032254,1.97703888,1.78474332,1.68922916,1.53244214,1.3497338200000002,1.14941691,0.93847716,0.763230529,s1-procureScaling-h,high,MN,resid heating,missing,missing,missing,missing,missing,missing,missing,missing,missing,MTC
2151,0.29300683,0.47568386,0.30032782,0.28987709,0.2734244539999999,0.2457545099999999,0.2489947529999999,0.234737903,0.221246835,s1-procureScaling-h,high,MN,resid hot water,missing,missing,missing,missing,missing,missing,missing,missing,missing,MTC
2152,0.02197662,0.0177811,0.01605908,0.01612623,0.01660526,0.01792429,0.01869392,0.0167298,0.01679434,s1-procureScaling-h,high,MN,resid other,missing,missing,missing,missing,missing,missing,missing,missing,missing,MTC
2153,0.4086427499999999,0.4041112,0.07084363526,0.07066938068082,0.04879024243389,0.0431620867629,0.0384780884214999,0.0588651648499,0.0521282572372999,s1-procureScaling-h,high,MN,subpeak generation,missing,missing,missing,missing,missing,missing,missing,missing,missing,MTC
2154,0.120407,0.298051,0.118293,0.123061,0.121248,0.124508,0.129064,0.131174,0.135463,s1-procureScaling-h,high,MN,trn_aviation_intl,missing,missing,missing,missing,missing,missing,missing,missing,missing,MTC
2155,0.104784,0.16758502,0.17264691,0.18390385,0.1870141,0.1978572999999999,0.2089298999999999,0.21892071,0.2367668899999999,s1-procureScaling-h,high,MN,trn_freight,missing,missing,missing,missing,missing,missing,missing,missing,missing,MTC
2156,1.586746,2.451199,2.48097831,2.5877073799999994,2.389852034,2.201053494,2.127540382,1.927957543,1.7807324899999997,s1-procureScaling-h,high,MN,trn_freight_road,missing,missing,missing,missing,missing,missing,missing,missing,missing,MTC
2157,0.46457073,1.14580502,0.4793441699999999,0.5081159500000001,0.48033993,0.50431235,0.52662899,0.5295228,0.5542121799999999,s1-procureScaling-h,high,MN,trn_pass,missing,missing,missing,missing,missing,missing,missing,missing,missing,MTC
2158,0.0608517,0.1054518,0.1410487799999999,0.1455297599999999,0.10533738,0.08074632,0.07111544,0.06767934,0.06581951,s1-procureScaling-h,high,MN,trn_pass_road,missing,missing,missing,missing,missing,missing,missing,missing,missing,MTC
2159,0.0129379,0.0193117,0.0169081,0.0153887,0.0138273,0.0131085,0.0125826,0.0119822,0.0117379,s1-procureScaling-h,high,MN,trn_pass_road_LDV,missing,missing,missing,missing,missing,missing,missing,missing,missing,MTC
2160,3.67602819,5.486943650000001,5.075562689999999,4.538663559999999,3.42080735,2.5750663409999994,1.8991105700000004,1.6513966899999997,1.5356801299999998,s1-procureScaling-h,high,MN,trn_pass_road_LDV_4W,missing,missing,missing,missing,missing,missing,missing,missing,missing,MTC
2161,0.0,0.0532324,0.0316218,0.0327494,0.0300189,0.0309822,0.0319788,0.0316265,0.0329295,s1-procureScaling-h,high,MN,trn_shipping_intl,missing,missing,missing,missing,missing,missing,missing,missing,missing,MTC
2162,0.0,0.0,0.0,-0.0428172589999999,-0.08142026,-0.1352005,-0.3529132,-0.992103,-3.2441690000000003,s1-procureScaling-h,high,MS,CDR_regional,missing,missing,missing,missing,missing,missing,missing,missing,missing,MTC
2163,1.2043657,2.5587318000000003,1.6868783943300003,1.7392497455899996,0.7741585044600001,0.6489352790400001,0.6798396971399996,0.433058252573,0.4475489136729998,s1-procureScaling-h,high,MS,base load generation,missing,missing,missing,missing,missing,missing,missing,missing,missing,MTC
2164,0.0,0.000897704,0.0304854,0.0293343999999999,0.0223915,0.01749475,0.01313256,0.00836788,0.00370892,s1-procureScaling-h,high,MS,biomass liquids,missing,missing,missing,missing,missing,missing,missing,missing,missing,MTC
2165,0.0,0.0,0.0601642529999999,0.241464446,1.078031649,1.352251545,1.4068009679999998,1.799964554,1.9291038489999996,s1-procureScaling-h,high,MS,biorefining,missing,missing,missing,missing,missing,missing,missing,missing,missing,MTC
2166,0.0937435,0.132486,0.0924773,0.0996643,0.01863796,0.01693124,0.01759276,0.01239695,0.01274354,s1-procureScaling-h,high,MS,cement,missing,missing,missing,missing,missing,missing,missing,missing,missing,MTC
2167,0.0,0.0,0.0,0.0,0.0,0.0,0.0,4.86529e-05,0.0005205508000000001,s1-procureScaling-h,high,MS,coal to liquids,missing,missing,missing,missing,missing,missing,missing,missing,missing,MTC
2168,0.01498118,0.0319358,0.02794095,0.02767867,0.02536447,0.02373911,0.023008124,0.0205865909999999,0.019874425,s1-procureScaling-h,high,MS,comm cooking,missing,missing,missing,missing,missing,missing,missing,missing,missing,MTC
2169,1.988e-05,0.0013064,0.000584928,0.0005716222,0.0005547252999999999,0.0005443363,0.0005429082,0.0005120058,0.0005074684,s1-procureScaling-h,high,MS,comm cooling,missing,missing,missing,missing,missing,missing,missing,missing,missing,MTC
2170,0.20465076,0.2294469,0.123997892,0.120084353,0.1088062139999999,0.098153446,0.088201273,0.063197395,0.0581807172999999,s1-procureScaling-h,high,MS,comm heating,missing,missing,missing,missing,missing,missing,missing,missing,missing,MTC
2171,0.10995055,0.08443106,0.1076657299999999,0.10646959,0.10056996,0.0958492,0.093188567,0.081995483,0.08063392,s1-procureScaling-h,high,MS,comm hot water,missing,missing,missing,missing,missing,missing,missing,missing,missing,MTC
2172,0.0259365,0.02745864,0.0874776,0.0938345,0.1057925999999999,0.1271054,0.1421802999999999,0.1382055,0.1432882,s1-procureScaling-h,high,MS,comm other,missing,missing,missing,missing,missing,missing,missing,missing,missing,MTC
2173,0.0,0.0,0.0,0.0,0.0,0.0,0.0,8.14212e-05,0.0008420198,s1-procureScaling-h,high,MS,gas to liquids,missing,missing,missing,missing,missing,missing,missing,missing,missing,MTC
2174,3.4900633999999995,2.7296982,2.7298638574,2.7759836069999992,2.86938329923,2.9623990375,3.03844476088,2.9529358663200003,2.95344153078,s1-procureScaling-h,high,MS,industrial energy use,missing,missing,missing,missing,missing,missing,missing,missing,missing,MTC
2175,2.02016935,3.7115171399999993,3.865446593,3.722228657000001,2.986686612800001,2.66183900469,2.390933322479999,1.9411640266000008,1.7254043492799989,s1-procureScaling-h,high,MS,intermediate generation,missing,missing,missing,missing,missing,missing,missing,missing,missing,MTC
2176,1.26262,0.92618,0.9362325,0.9129284,0.7312423,0.6393146,0.5930340000000001,0.5086589,0.4297577999999999,s1-procureScaling-h,high,MS,oil refining,missing,missing,missing,missing,missing,missing,missing,missing,missing,MTC
2177,0.0464994204,0.08582486,0.056702571596,0.0509488085741,0.02936222095469,0.0249795841785919,0.0216675203529009,0.013370477658345,0.009570662526499,s1-procureScaling-h,high,MS,peak generation,missing,missing,missing,missing,missing,missing,missing,missing,missing,MTC
2178,0.0753110569999999,0.10755696,0.07402111,0.078838961,0.0530061999999999,0.0551946799999999,0.05851731,0.05812025,0.06047889,s1-procureScaling-h,high,MS,process heat cement,missing,missing,missing,missing,missing,missing,missing,missing,missing,MTC
2179,-1.89176,-1.43502,-1.2389,-1.56091,-4.44992,-5.47864,-5.76455,-7.98781,-9.1721,s1-procureScaling-h,high,MS,regional biomass,missing,missing,missing,missing,missing,missing,missing,missing,missing,MTC
2180,0.0,-0.0127329,-0.268221,-0.267406,-0.234104,-0.203391,-0.169587,-0.152648,-0.124177,s1-procureScaling-h,high,MS,regional biomassOil,missing,missing,missing,missing,missing,missing,missing,missing,missing,MTC
2181,0.0,0.0,-0.074384,-0.0969472,-0.16524,-0.188745,-0.189673,-0.256978,-0.28341,s1-procureScaling-h,high,MS,regional corn for ethanol,missing,missing,missing,missing,missing,missing,missing,missing,missing,MTC
2182,0.00450566,0.00493166,0.00520047,0.00518327,0.00506438,0.004885899,0.00503314,0.004906669,0.004730971,s1-procureScaling-h,high,MS,resid clothes dryers,missing,missing,missing,missing,missing,missing,missing,missing,missing,MTC
2183,0.01792903,0.01611148,0.023525386,0.022303213,0.020457279,0.0187790344,0.0170660552,0.0162670005999999,0.0153071087999999,s1-procureScaling-h,high,MS,resid cooking,missing,missing,missing,missing,missing,missing,missing,missing,missing,MTC
2184,0.48428534,0.37201468,0.213601251,0.1962568869999999,0.171785595,0.142546384,0.11273781,0.084508594,0.0628855356,s1-procureScaling-h,high,MS,resid heating,missing,missing,missing,missing,missing,missing,missing,missing,missing,MTC
2185,0.1291917,0.1727661399999999,0.099116729,0.092161669,0.086238335,0.0761315799999999,0.079992329,0.07531549,0.071554806,s1-procureScaling-h,high,MS,resid hot water,missing,missing,missing,missing,missing,missing,missing,missing,missing,MTC
2186,0.01233782,0.00637784,0.0233402599999999,0.02338793,0.02501685,0.02639113,0.02826182,0.02483561,0.02492396,s1-procureScaling-h,high,MS,resid other,missing,missing,missing,missing,missing,missing,missing,missing,missing,MTC
2187,0.344701698,0.631890971,0.3963409361,0.361660446094,0.2273186464725,0.1968818815342999,0.1740408805361,0.1207743417891,0.0962882831555,s1-procureScaling-h,high,MS,subpeak generation,missing,missing,missing,missing,missing,missing,missing,missing,missing,MTC
2188,0.162483,0.13899,0.239233,0.245522,0.241949,0.249972,0.261015,0.265536,0.276461,s1-procureScaling-h,high,MS,trn_aviation_intl,missing,missing,missing,missing,missing,missing,missing,missing,missing,MTC
2189,0.131905,0.168728,0.199426,0.2082336,0.2037231,0.2144536,0.2263767,0.2341122,0.2533125,s1-procureScaling-h,high,MS,trn_freight,missing,missing,missing,missing,missing,missing,missing,missing,missing,MTC
2190,1.543853,2.333051,2.34288205,2.4015363929999998,2.241681116,2.061084559,2.013394836,1.835607927,1.7026689810000002,s1-procureScaling-h,high,MS,trn_freight_road,missing,missing,missing,missing,missing,missing,missing,missing,missing,MTC
2191,0.62522319,0.5376757999999999,0.96850527,1.0170838000000002,0.95526661,1.0140044,1.07021368,1.07591801,1.14179417,s1-procureScaling-h,high,MS,trn_pass,missing,missing,missing,missing,missing,missing,missing,missing,missing,MTC
2192,0.0592069,0.1007046,0.1508679,0.15567784,0.11188477,0.08497856,0.07379016,0.0692479999999999,0.06641765,s1-procureScaling-h,high,MS,trn_pass_road,missing,missing,missing,missing,missing,missing,missing,missing,missing,MTC
2193,0.00813388,0.0116423,0.0107625,0.00957774,0.00883543,0.00841543,0.0082183,0.00792283,0.00791082,s1-procureScaling-h,high,MS,trn_pass_road_LDV,missing,missing,missing,missing,missing,missing,missing,missing,missing,MTC
2194,2.3110066700000003,3.30784517,3.25403939,2.87080928,2.158816784,1.6305553780000002,1.215274823,1.0812024800000002,1.01381632,s1-procureScaling-h,high,MS,trn_pass_road_LDV_4W,missing,missing,missing,missing,missing,missing,missing,missing,missing,MTC
2195,0.259899,0.136521,0.18503,0.189661,0.173938,0.179032,0.184742,0.182281,0.189745,s1-procureScaling-h,high,MS,trn_shipping_intl,missing,missing,missing,missing,missing,missing,missing,missing,missing,MTC
2196,0.0,0.0,0.0,-0.07372718,-0.13864108,-0.1749043,-0.504869,-1.581574,-5.508579999999999,s1-procureScaling-h,high,MO,CDR_regional,missing,missing,missing,missing,missing,missing,missing,missing,missing,MTC
2197,1.01496,0.676325,0.7639480000000001,0.810065,0.7245889000000001,0.6393028000000001,0.5621460000000001,0.4474066,0.3703870999999999,s1-procureScaling-h,high,MO,N fertilizer,missing,missing,missing,missing,missing,missing,missing,missing,missing,MTC
2198,5.384503666,10.6971828,8.168744065,8.247000372299999,2.1189784737,1.5800004789000004,1.5561622984999997,0.5647271961000001,0.7285698199,s1-procureScaling-h,high,MO,base load generation,missing,missing,missing,missing,missing,missing,missing,missing,missing,MTC
2199,0.0,0.03771782,0.1363403,0.1311765,0.1003674,0.0784222,0.0588697,0.0375144399999999,0.01662768,s1-procureScaling-h,high,MO,biomass liquids,missing,missing,missing,missing,missing,missing,missing,missing,missing,MTC
2200,0.0,0.0,0.057396517,0.234966466,1.086682757,1.3648384000000002,1.41966469,1.8834194180000003,2.161146979,s1-procureScaling-h,high,MO,biorefining,missing,missing,missing,missing,missing,missing,missing,missing,missing,MTC
2201,0.247148,0.349291,0.253116,0.280675,0.0512189,0.0470443,0.0490548,0.03502097,0.03613621,s1-procureScaling-h,high,MO,cement,missing,missing,missing,missing,missing,missing,missing,missing,missing,MTC
2202,0.0,0.0,0.0,0.0,0.0,0.0,0.0,1.289047e-05,0.00013771625,s1-procureScaling-h,high,MO,coal to liquids,missing,missing,missing,missing,missing,missing,missing,missing,missing,MTC
2203,0.0543165,0.0507762999999999,0.03827767,0.03707515,0.03276303,0.0289929599999999,0.026634758,0.022616987,0.021320037,s1-procureScaling-h,high,MO,comm cooking,missing,missing,missing,missing,missing,missing,missing,missing,missing,MTC
2204,0.000379141,0.0138081,0.00098556,0.000944994,0.000879912,0.0008263534999999999,0.0007920414,0.0007162877,0.0007061138,s1-procureScaling-h,high,MO,comm cooling,missing,missing,missing,missing,missing,missing,missing,missing,missing,MTC
2205,0.9010019,0.8616207,0.64649415,0.6273839500000001,0.5745808300000002,0.5306172100000001,0.48881415,0.3772904099999999,0.3554221149999998,s1-procureScaling-h,high,MO,comm heating,missing,missing,missing,missing,missing,missing,missing,missing,missing,MTC
2206,0.3172653,0.13806529,0.17582497,0.17180197,0.1583135499999999,0.1468785399999999,0.139645637,0.119851726,0.117007269,s1-procureScaling-h,high,MO,comm hot water,missing,missing,missing,missing,missing,missing,missing,missing,missing,MTC
2207,0.1083518,0.0774917,0.1736798,0.1900433,0.2180253,0.2720787,0.3067472,0.2999632,0.3083807,s1-procureScaling-h,high,MO,comm other,missing,missing,missing,missing,missing,missing,missing,missing,missing,MTC
2208,2.0601366,2.1568022,1.5828146656200002,1.60845552657,1.6014509241087995,1.6207389816524,1.6382104928653995,1.6075015576185,1.5647202415727002,s1-procureScaling-h,high,MO,industrial energy use,missing,missing,missing,missing,missing,missing,missing,missing,missing,MTC
2209,7.740412956000001,11.5811794,9.979916919999996,10.105460317999995,7.436283937000001,6.793646881999999,6.697929899,3.7103320170000007,3.183773911,s1-procureScaling-h,high,MO,intermediate generation,missing,missing,missing,missing,missing,missing,missing,missing,missing,MTC
2210,0.109012148,0.04590742,0.0307272624299999,0.0272782128649,0.0167808802379999,0.0145855554062999,0.0120435359939,0.0082234841599999,0.0058597759240999,s1-procureScaling-h,high,MO,peak generation,missing,missing,missing,missing,missing,missing,missing,missing,missing,MTC
2211,0.19855245,0.28356614,0.20253726,0.2219244299999999,0.14434463,0.15175426,0.16139244,0.1619491599999999,0.16944661,s1-procureScaling-h,high,MO,process heat cement,missing,missing,missing,missing,missing,missing,missing,missing,missing,MTC
2212,-0.358877,-0.666395,-0.552563,-0.82744,-3.78431,-4.8054,-5.04917,-8.11494,-11.2338,s1-procureScaling-h,high,MO,regional biomass,missing,missing,missing,missing,missing,missing,missing,missing,missing,MTC
2213,0.0,-0.0243752,-0.499744,-0.489908,-0.403386,-0.335409,-0.268422,-0.218302,-0.163901,s1-procureScaling-h,high,MO,regional biomassOil,missing,missing,missing,missing,missing,missing,missing,missing,missing,MTC
2214,0.0,-0.156255,-0.460602,-0.466256,-0.44293,-0.401948,-0.346539,-0.357604,-0.347492,s1-procureScaling-h,high,MO,regional corn for ethanol,missing,missing,missing,missing,missing,missing,missing,missing,missing,MTC
2215,0.0152409,0.02319,0.003785882,0.003673412,0.003442643,0.003146601,0.003209255,0.0031181659999999,0.0029868169999999,s1-procureScaling-h,high,MO,resid clothes dryers,missing,missing,missing,missing,missing,missing,missing,missing,missing,MTC
2216,0.05556751,0.07298817,0.018044692,0.0164074449999999,0.013956152,0.0118387984,0.0096311615999999,0.0090862990999999,0.0084054475,s1-procureScaling-h,high,MO,resid cooking,missing,missing,missing,missing,missing,missing,missing,missing,missing,MTC
2217,1.67221162,1.56476805,1.24325966,1.15783789,1.0369144,0.8965156630000001,0.7477676439999998,0.5976281389999999,0.474031379,s1-procureScaling-h,high,MO,resid heating,missing,missing,missing,missing,missing,missing,missing,missing,missing,MTC
2218,0.44910004,0.57299687,0.35079682,0.325331463,0.2975845720000001,0.251863896,0.258118541,0.24266137,0.2258830289999999,s1-procureScaling-h,high,MO,resid hot water,missing,missing,missing,missing,missing,missing,missing,missing,missing,MTC
2219,0.0264835,0.0165522,0.01655577,0.01656096,0.01719262,0.01843987,0.0196327,0.01733401,0.01705984,s1-procureScaling-h,high,MO,resid other,missing,missing,missing,missing,missing,missing,missing,missing,missing,MTC
2220,0.6772081729999999,0.3376031699999999,0.1850927864,0.1696064174969999,0.119564365804,0.105143140272,0.0911403248069999,0.07421866157,0.0649550384299999,s1-procureScaling-h,high,MO,subpeak generation,missing,missing,missing,missing,missing,missing,missing,missing,missing,MTC
2221,0.156936,0.155415,0.0750023,0.0782542,0.0771393,0.0797229,0.0830685,0.0847224,0.087972,s1-procureScaling-h,high,MO,trn_aviation_intl,missing,missing,missing,missing,missing,missing,missing,missing,missing,MTC
2222,0.184091527,0.249105143,0.24121,0.257824,0.265295,0.280851,0.29681,0.312079,0.336657,s1-procureScaling-h,high,MO,trn_freight,missing,missing,missing,missing,missing,missing,missing,missing,missing,MTC
2223,2.777766,3.76716,3.63127866,3.79842116,3.510308364,3.234950758,3.1417406900000007,2.84849211,2.6229446,s1-procureScaling-h,high,MO,trn_freight_road,missing,missing,missing,missing,missing,missing,missing,missing,missing,MTC
2224,0.60750824,0.6044854,0.3109136,0.331701,0.3131625,0.3317119,0.3487303,0.3519429,0.3712265,s1-procureScaling-h,high,MO,trn_pass,missing,missing,missing,missing,missing,missing,missing,missing,missing,MTC
2225,0.106525,0.1458336099999999,0.19929138,0.20281269,0.1438891199999999,0.10870506,0.09555927,0.09100023,0.0884893399999999,s1-procureScaling-h,high,MO,trn_pass_road,missing,missing,missing,missing,missing,missing,missing,missing,missing,MTC
2226,0.0181102,0.0227319,0.020021,0.0184667,0.0167325,0.0159664,0.0154578,0.0148368,0.0146392,s1-procureScaling-h,high,MO,trn_pass_road_LDV,missing,missing,missing,missing,missing,missing,missing,missing,missing,MTC
2227,5.14538829,6.45876648,6.05944135,5.39594965,4.059284209999999,3.0636184740000005,2.27318391,2.00267353,1.87139702,s1-procureScaling-h,high,MO,trn_pass_road_LDV_4W,missing,missing,missing,missing,missing,missing,missing,missing,missing,MTC
2228,0.00571873,0.00311416,0.0,0.0,0.0,0.0,0.0,0.0,0.0,s1-procureScaling-h,high,MO,trn_shipping_intl,missing,missing,missing,missing,missing,missing,missing,missing,missing,MTC
2229,0.0,0.0,0.0,-0.025777237,-0.05670065,-0.0675868,-0.2102602,-0.7664040000000001,-3.225193,s1-procureScaling-h,high,MT,CDR_regional,missing,missing,missing,missing,missing,missing,missing,missing,missing,MTC
2230,1.61986588,1.9183626000000005,0.7677474635000002,0.9293380964,0.4104492372999999,0.3785083281500001,0.40596451705,0.3637883295336,0.4199348876405,s1-procureScaling-h,high,MT,base load generation,missing,missing,missing,missing,missing,missing,missing,missing,missing,MTC
2231,0.0,0.0,0.0592521499999999,0.239305501,1.0830197759999995,1.3593157299999998,1.4142102410000004,1.80867553,1.919346751,s1-procureScaling-h,high,MT,biorefining,missing,missing,missing,missing,missing,missing,missing,missing,missing,MTC
2232,0.0,0.0,0.0,0.0,0.0,0.0,0.0,0.001205003,0.0128465709999999,s1-procureScaling-h,high,MT,coal to liquids,missing,missing,missing,missing,missing,missing,missing,missing,missing,MTC
2233,0.0059527999999999,0.00959898,0.02295409,0.0239349,0.02320362,0.023310058,0.023866501,0.02280529,0.022918741,s1-procureScaling-h,high,MT,comm cooking,missing,missing,missing,missing,missing,missing,missing,missing,missing,MTC
2234,0.0,0.000117864,0.0001509952,0.0001521778,0.0001505302,0.0001485997,0.0001475565,0.00013811258,0.00013743428,s1-procureScaling-h,high,MT,comm cooling,missing,missing,missing,missing,missing,missing,missing,missing,missing,MTC
2235,0.20893335,0.262507,0.20523422,0.208407077,0.202271456,0.2004864559999999,0.1970961639999999,0.170769018,0.16648699,s1-procureScaling-h,high,MT,comm heating,missing,missing,missing,missing,missing,missing,missing,missing,missing,MTC
2236,0.04194192,0.0244161,0.04206108,0.0431008239999999,0.0416447529999999,0.0407178459999999,0.0404461759999999,0.0365439179,0.0365768012999999,s1-procureScaling-h,high,MT,comm hot water,missing,missing,missing,missing,missing,missing,missing,missing,missing,MTC
2237,0.01033014,0.01152562,0.0452160999999999,0.0498476,0.0549235,0.0658412999999999,0.07438,0.0745806,0.0784508,s1-procureScaling-h,high,MT,comm other,missing,missing,missing,missing,missing,missing,missing,missing,missing,MTC
2238,0.0,0.0,0.0,0.0,0.0,0.0,0.0,0.000104432,0.001079982,s1-procureScaling-h,high,MT,gas to liquids,missing,missing,missing,missing,missing,missing,missing,missing,missing,MTC
2239,0.7217336,0.8160234299999999,0.4757839150999999,0.4865972945,0.4825338788019999,0.4888022183220001,0.4942875359169999,0.478508527584,0.4666762472519999,s1-procureScaling-h,high,MT,industrial energy use,missing,missing,missing,missing,missing,missing,missing,missing,missing,MTC
2240,2.4034345261000007,3.5735243372000003,2.6902441189000004,2.890272449500001,1.8619019705000008,1.7109877998000005,1.8312359595000005,1.1813874949300005,1.222337618839999,s1-procureScaling-h,high,MT,intermediate generation,missing,missing,missing,missing,missing,missing,missing,missing,missing,MTC
2241,0.48652,0.461053,0.5235685,0.5105182,0.4092655,0.3578718999999999,0.3320104,0.28482458,0.2413247,s1-procureScaling-h,high,MT,oil refining,missing,missing,missing,missing,missing,missing,missing,missing,missing,MTC
2242,0.06455159868,9.974699e-05,0.0015816020443999,0.0014196064006319,0.0007747697485449997,0.0006007957822230002,0.0004698564332420001,0.000239540678191,0.00015307969881199997,s1-procureScaling-h,high,MT,peak generation,missing,missing,missing,missing,missing,missing,missing,missing,missing,MTC
2243,-0.262399,-0.422216,-0.364955,-0.666313,-3.53427,-4.52037,-4.75102,-7.08772,-8.31471,s1-procureScaling-h,high,MT,regional biomass,missing,missing,missing,missing,missing,missing,missing,missing,missing,MTC
2244,0.0,0.0,-0.0138993,-0.0225497,-0.0475367,-0.0575703,-0.0600577,-0.0827085,-0.0917562,s1-procureScaling-h,high,MT,regional biomassOil,missing,missing,missing,missing,missing,missing,missing,missing,missing,MTC
2245,0.0,0.0,-0.0190852,-0.0429873,-0.123405,-0.155665,-0.164448,-0.240009,-0.271362,s1-procureScaling-h,high,MT,regional corn for ethanol,missing,missing,missing,missing,missing,missing,missing,missing,missing,MTC
2246,0.00126096,0.00371756,0.000941935,0.000948934,0.000910868,0.00083971,0.0008390050000000001,0.0008039420000000001,0.000771205,s1-procureScaling-h,high,MT,resid clothes dryers,missing,missing,missing,missing,missing,missing,missing,missing,missing,MTC
2247,0.004885976,0.01267818,0.008586841,0.00825546,0.007388771,0.0065507682999999,0.0056207727,0.0053026355,0.0050084508,s1-procureScaling-h,high,MT,resid cooking,missing,missing,missing,missing,missing,missing,missing,missing,missing,MTC
2248,0.29741617,0.43520186,0.4213514000000001,0.401774214,0.3710102139999999,0.333549337,0.2898587129999999,0.241774395,0.199305417,s1-procureScaling-h,high,MT,resid heating,missing,missing,missing,missing,missing,missing,missing,missing,missing,MTC
2249,0.0539464999999999,0.1017263099999999,0.07949684,0.077218895,0.071332311,0.0602117539999999,0.059277632,0.0542064389999999,0.0493423589999999,s1-procureScaling-h,high,MT,resid hot water,missing,missing,missing,missing,missing,missing,missing,missing,missing,MTC
2250,0.00305632,0.00737744,0.01044183,0.01072885,0.01023309,0.01077618,0.0113096799999999,0.01020195,0.01033661,s1-procureScaling-h,high,MT,resid other,missing,missing,missing,missing,missing,missing,missing,missing,missing,MTC
2251,0.4544973303,0.02919430027,0.00895906577,0.00824501728897,0.00515947807815,0.00418407661247,0.0034742999114899,0.00232566559454,0.00183091433003,s1-procureScaling-h,high,MT,subpeak generation,missing,missing,missing,missing,missing,missing,missing,missing,missing,MTC
2252,0.0165516,0.0261934,0.0217365,0.0223937,0.0221133,0.0229053,0.0238569,0.0242432,0.0251583,s1-procureScaling-h,high,MT,trn_aviation_intl,missing,missing,missing,missing,missing,missing,missing,missing,missing,MTC
2253,0.0456362,0.0702351,0.0584763,0.0608639,0.062655,0.0663894,0.0698991,0.0727147,0.0787513,s1-procureScaling-h,high,MT,trn_freight,missing,missing,missing,missing,missing,missing,missing,missing,missing,MTC
2254,0.6910839,1.063562,0.8853378799999999,0.903611293,0.829681186,0.7496984599999998,0.7202096290000002,0.640900908,0.5808986620000001,s1-procureScaling-h,high,MT,trn_freight_road,missing,missing,missing,missing,missing,missing,missing,missing,missing,MTC
2255,0.06518747,0.10309382,0.08903907,0.0934289,0.0881852499999999,0.09395691,0.09896218,0.09962707,0.10534105,s1-procureScaling-h,high,MT,trn_pass,missing,missing,missing,missing,missing,missing,missing,missing,missing,MTC
2256,0.0265029,0.04499166,0.05513586,0.0573519299999999,0.0417563999999999,0.03166749,0.0274610299999999,0.02584771,0.02488757,s1-procureScaling-h,high,MT,trn_pass_road,missing,missing,missing,missing,missing,missing,missing,missing,missing,MTC
2257,0.00276358,0.00338879,0.00309135,0.00267434,0.00241073,0.00231713,0.00225376,0.00216748,0.00215512,s1-procureScaling-h,high,MT,trn_pass_road_LDV,missing,missing,missing,missing,missing,missing,missing,missing,missing,MTC
2258,0.785363347,0.962954931,1.0148982210000002,0.898900241,0.6727299790000001,0.5026629307999999,0.368221846,0.322471999,0.3001823079999999,s1-procureScaling-h,high,MT,trn_pass_road_LDV_4W,missing,missing,missing,missing,missing,missing,missing,missing,missing,MTC
2259,0.0,0.0,0.0,0.0,0.0,0.0,0.0,0.0,0.0,s1-procureScaling-h,high,MT,trn_shipping_intl,missing,missing,missing,missing,missing,missing,missing,missing,missing,MTC
2260,0.0,0.0,0.0,-0.05339446,-0.101987,-0.106261,-0.304179,-1.003939,-3.772233,s1-procureScaling-h,high,NE,CDR_regional,missing,missing,missing,missing,missing,missing,missing,missing,missing,MTC
2261,2.00013677,3.4611878300000005,3.724385002,3.854483311420001,1.1612091336000003,1.0715342871000002,1.0210531692999998,0.4878192622899999,0.4810486080799999,s1-procureScaling-h,high,NE,base load generation,missing,missing,missing,missing,missing,missing,missing,missing,missing,MTC
2262,0.0,0.204437,0.753008,0.724469,0.554616,0.43335,0.325304,0.207295,0.0918796,s1-procureScaling-h,high,NE,biomass liquids,missing,missing,missing,missing,missing,missing,missing,missing,missing,MTC
2263,0.0,0.0,0.060046032,0.241279431,1.066762932,1.33714361,1.3910687459999995,1.7786598239999996,1.959321837,s1-procureScaling-h,high,NE,biorefining,missing,missing,missing,missing,missing,missing,missing,missing,missing,MTC
2264,0.0685495,0.09688,0.0685834,0.074591,0.01384113,0.0126606299999999,0.01318161,0.00926186,0.00954619,s1-procureScaling-h,high,NE,cement,missing,missing,missing,missing,missing,missing,missing,missing,missing,MTC
2265,0.0262483,0.0175420999999999,0.0152582939999999,0.0151091459999999,0.013592075,0.01249599,0.011829208,0.010335645,0.009856918,s1-procureScaling-h,high,NE,comm cooking,missing,missing,missing,missing,missing,missing,missing,missing,missing,MTC
2266,0.000139161,0.00376016,0.0003279369,0.00032291490000000003,0.0003105085,0.0003040816,0.0003006661,0.0002823643,0.00027971143,s1-procureScaling-h,high,NE,comm cooling,missing,missing,missing,missing,missing,missing,missing,missing,missing,MTC
2267,0.34599979,0.32849319,0.3191084999999999,0.3148623999999999,0.28815598,0.2691271699999999,0.251553166,0.1994603689999999,0.189453165,s1-procureScaling-h,high,NE,comm heating,missing,missing,missing,missing,missing,missing,missing,missing,missing,MTC
2268,0.1287165,0.04634009,0.06568369,0.06536058,0.061009467,0.058328833,0.0568745119999999,0.0505261002,0.0500530373,s1-procureScaling-h,high,NE,comm hot water,missing,missing,missing,missing,missing,missing,missing,missing,missing,MTC
2269,0.04691064,0.0243983799999999,0.0591161,0.0644539,0.0732873,0.0905039,0.10089,0.0990653,0.1025228,s1-procureScaling-h,high,NE,comm other,missing,missing,missing,missing,missing,missing,missing,missing,missing,MTC
2270,0.0,0.0,0.0,0.0,0.0,0.0,0.0,1.77003e-06,1.830473e-05,s1-procureScaling-h,high,NE,gas to liquids,missing,missing,missing,missing,missing,missing,missing,missing,missing,MTC
2271,0.8764093000000001,0.9461075,1.128754283,1.1510602500000002,1.1327079330999998,1.1546297265499998,1.1671338909999998,1.1433733270139996,1.1164444584239994,s1-procureScaling-h,high,NE,industrial energy use,missing,missing,missing,missing,missing,missing,missing,missing,missing,MTC
2272,1.64354347,2.64236799,2.911644749,2.9863719186000006,1.8830447562,1.6952198764999993,1.7555661906000002,1.2146143470999995,1.1195919521999995,s1-procureScaling-h,high,NE,intermediate generation,missing,missing,missing,missing,missing,missing,missing,missing,missing,MTC
2273,0.025231873,0.01426135,0.004853463236,0.00432444535042,0.00260981927926,0.00223841726968,0.00179926469775,0.00138602564712,0.0009938670077199998,s1-procureScaling-h,high,NE,peak generation,missing,missing,missing,missing,missing,missing,missing,missing,missing,MTC
2274,0.055070808,0.078650478,0.054886691,0.0589966079999999,0.03773591,0.03966181,0.04218877,0.04232395,0.04422798,s1-procureScaling-h,high,NE,process heat cement,missing,missing,missing,missing,missing,missing,missing,missing,missing,MTC
2275,-0.0865241,-0.193066,-0.169316,-0.47301,-3.28796,-4.29072,-4.51385,-6.86535,-8.20693,s1-procureScaling-h,high,NE,regional biomass,missing,missing,missing,missing,missing,missing,missing,missing,missing,MTC
2276,0.0,0.0,-0.0141163,-0.0228503,-0.0474829,-0.057375,-0.059828,-0.0822203,-0.0958536,s1-procureScaling-h,high,NE,regional biomassOil,missing,missing,missing,missing,missing,missing,missing,missing,missing,MTC
2277,0.0,-0.887361,-3.28815,-3.18885,-2.53154,-2.0371,-1.57685,-1.13961,-0.682939,s1-procureScaling-h,high,NE,regional corn for ethanol,missing,missing,missing,missing,missing,missing,missing,missing,missing,MTC
2278,0.00408534,0.00642692,0.00114478,0.0011447039999999,0.001100564,0.001047489,0.001066712,0.0010354779999999,0.0009968389999999998,s1-procureScaling-h,high,NE,resid clothes dryers,missing,missing,missing,missing,missing,missing,missing,missing,missing,MTC
2279,0.014730602,0.02036132,0.0055506874,0.0051828486,0.0045472817,0.0039977612,0.0033881556799999,0.0031843186,0.0029618779,s1-procureScaling-h,high,NE,resid cooking,missing,missing,missing,missing,missing,missing,missing,missing,missing,MTC
2280,0.5726642399999999,0.505749499,0.44421066,0.417073898,0.373463764,0.322510756,0.2683613740000001,0.2132257909999999,0.169037289,s1-procureScaling-h,high,NE,resid heating,missing,missing,missing,missing,missing,missing,missing,missing,missing,MTC
2281,0.11801299,0.16257618,0.108952137,0.104272689,0.09799036,0.0878098199,0.0892370104999999,0.083881336,0.0788568629999999,s1-procureScaling-h,high,NE,resid hot water,missing,missing,missing,missing,missing,missing,missing,missing,missing,MTC
2282,0.00660982,0.00523516,0.00569657,0.00570493,0.00591874,0.00639856,0.0066809999999999,0.00595011,0.00596845,s1-procureScaling-h,high,NE,resid other,missing,missing,missing,missing,missing,missing,missing,missing,missing,MTC
2283,0.161142348,0.0822528509999999,0.0061735996259999,0.0061123629173799,0.0044527666754899,0.00427396467481,0.00452715054765,0.0146437844177999,0.01395015830856,s1-procureScaling-h,high,NE,subpeak generation,missing,missing,missing,missing,missing,missing,missing,missing,missing,MTC
2284,0.0345812,0.0220013,0.0263068,0.0270167,0.0265252,0.0272826,0.0283193,0.0287844,0.0297579,s1-procureScaling-h,high,NE,trn_aviation_intl,missing,missing,missing,missing,missing,missing,missing,missing,missing,MTC
2285,0.0860005,0.0992845,0.129827,0.136263,0.139449,0.147615,0.155978,0.164036,0.178456,s1-procureScaling-h,high,NE,trn_freight,missing,missing,missing,missing,missing,missing,missing,missing,missing,MTC
2286,1.302327,1.50349,1.95619996,2.010979862,1.845055505,1.692330148,1.6409256099999998,1.4887530459999998,1.3816906970000002,s1-procureScaling-h,high,NE,trn_freight_road,missing,missing,missing,missing,missing,missing,missing,missing,missing,MTC
2287,0.1358081,0.08830375,0.11017803,0.1152098199999999,0.10869964,0.11439654,0.11969988,0.12048863,0.12632468,s1-procureScaling-h,high,NE,trn_pass,missing,missing,missing,missing,missing,missing,missing,missing,missing,MTC
2288,0.0499442,0.05994319,0.11354158,0.11641268,0.0837507699999999,0.06403072,0.05658453,0.05398477,0.0526191399999999,s1-procureScaling-h,high,NE,trn_pass_road,missing,missing,missing,missing,missing,missing,missing,missing,missing,MTC
2289,0.00497835,0.00575452,0.00520081,0.00455995,0.0040863,0.00389208,0.003753,0.00358598,0.00352651,s1-procureScaling-h,high,NE,trn_pass_road_LDV,missing,missing,missing,missing,missing,missing,missing,missing,missing,MTC
2290,1.414596819,1.63472785,1.649807693,1.452849911,1.086789959,0.815519775,0.6006423009999999,0.528900212,0.4944628179999999,s1-procureScaling-h,high,NE,trn_pass_road_LDV_4W,missing,missing,missing,missing,missing,missing,missing,missing,missing,MTC
2291,0.0,0.0,0.0,0.0,0.0,0.0,0.0,0.0,0.0,s1-procureScaling-h,high,NE,trn_shipping_intl,missing,missing,missing,missing,missing,missing,missing,missing,missing,MTC
2292,0.0,0.0,0.0,-0.023474057,-0.05211159,-0.0717317,-0.2315974999999999,-0.8237939999999999,-2.5817330000000003,s1-procureScaling-h,high,NV,CDR_regional,missing,missing,missing,missing,missing,missing,missing,missing,missing,MTC
2293,1.584876,1.895174,0.5516202515,0.5226509793300002,0.3026491834800001,0.24792063904,0.2408126055299999,0.2086145563499999,0.246190568431,s1-procureScaling-h,high,NV,base load generation,missing,missing,missing,missing,missing,missing,missing,missing,missing,MTC
2294,0.0,8.54956e-06,0.000170589,0.000164167,0.000125058,9.77054e-05,7.33422e-05,4.67301e-05,2.07123e-05,s1-procureScaling-h,high,NV,biomass liquids,missing,missing,missing,missing,missing,missing,missing,missing,missing,MTC
2295,0.0,0.0,0.0592521499999999,0.239305501,1.0830197759999995,1.3593157299999998,1.4142102410000004,1.80867553,1.9119133709999996,s1-procureScaling-h,high,NV,biorefining,missing,missing,missing,missing,missing,missing,missing,missing,missing,MTC
2296,0.163772,0.231457,0.178339,0.205338,0.0395643,0.0367806,0.0387113,0.02763243,0.02875619,s1-procureScaling-h,high,NV,cement,missing,missing,missing,missing,missing,missing,missing,missing,missing,MTC
2297,0.010998,0.0321284,0.06058184,0.06761999,0.0683893999999999,0.0706917099999999,0.07373455,0.07225538,0.07337114,s1-procureScaling-h,high,NV,comm cooking,missing,missing,missing,missing,missing,missing,missing,missing,missing,MTC
2298,7.10001e-06,0.00183464,0.0015958489999999,0.0017088189999999,0.001741981,0.00175334,0.001764308,0.0016775032,0.0016641669,s1-procureScaling-h,high,NV,comm cooling,missing,missing,missing,missing,missing,missing,missing,missing,missing,MTC
2299,0.1645152,0.297624652,0.22848638,0.24673963,0.24166476,0.238332253,0.2344897849999999,0.204853849,0.199655682,s1-procureScaling-h,high,NV,comm heating,missing,missing,missing,missing,missing,missing,missing,missing,missing,MTC
2300,0.07997538,0.08097935,0.1190822,0.13027824,0.1317305799999999,0.13252405,0.13351823,0.124544967,0.1247537049999999,s1-procureScaling-h,high,NV,comm hot water,missing,missing,missing,missing,missing,missing,missing,missing,missing,MTC
2301,0.01976014,0.03703446,0.140323,0.1607724999999999,0.1711497,0.1907972,0.2079656,0.207811,0.2182091,s1-procureScaling-h,high,NV,comm other,missing,missing,missing,missing,missing,missing,missing,missing,missing,MTC
2302,0.40852583,0.45861122,0.4480253344999999,0.4660873354,0.4672910641829998,0.4715333590089999,0.475557275818,0.4635532641489999,0.449738949211,s1-procureScaling-h,high,NV,industrial energy use,missing,missing,missing,missing,missing,missing,missing,missing,missing,MTC
2303,2.6081636299999995,4.940989176,2.500008375,2.1547162070000003,1.6972608786,1.4623178793999998,1.2809229190000002,0.8933699063999997,0.7686383934999995,s1-procureScaling-h,high,NV,intermediate generation,missing,missing,missing,missing,missing,missing,missing,missing,missing,MTC
2304,0.0,0.0050794,0.00515016,0.005021791,0.004025797,0.003520269,0.003265867,0.0028017196,0.0023738268,s1-procureScaling-h,high,NV,oil refining,missing,missing,missing,missing,missing,missing,missing,missing,missing,MTC
2305,0.073600875,0.07239682,0.05176570589,0.0465070244550499,0.02537288831905,0.0196642000647999,0.0153945522655,0.0078609458946999,0.00508405744298,s1-procureScaling-h,high,NV,peak generation,missing,missing,missing,missing,missing,missing,missing,missing,missing,MTC
2306,0.13157051,0.18790519,0.1426754499999999,0.16233033,0.1096631399999999,0.11688757,0.12559595,0.12667826,0.13360533,s1-procureScaling-h,high,NV,process heat cement,missing,missing,missing,missing,missing,missing,missing,missing,missing,MTC
2307,-0.0562625,-0.0712382,-0.146147,-0.450754,-3.30573,-4.27038,-4.48656,-6.44961,-7.37641,s1-procureScaling-h,high,NV,regional biomass,missing,missing,missing,missing,missing,missing,missing,missing,missing,MTC
2308,0.0,-0.000121266,-0.0163189,-0.0248782,-0.0493105,-0.0589561,-0.061098,-0.0833713,-0.091559,s1-procureScaling-h,high,NV,regional biomassOil,missing,missing,missing,missing,missing,missing,missing,missing,missing,MTC
2309,0.0,0.0,-0.0190852,-0.0429873,-0.123405,-0.155665,-0.164448,-0.240009,-0.269984,s1-procureScaling-h,high,NV,regional corn for ethanol,missing,missing,missing,missing,missing,missing,missing,missing,missing,MTC
2310,0.00207462,0.0106102,0.00325001,0.003459669,0.003428348,0.003262184,0.003289388,0.003175939,0.003075784,s1-procureScaling-h,high,NV,resid clothes dryers,missing,missing,missing,missing,missing,missing,missing,missing,missing,MTC
2311,0.007887213,0.032761843,0.014824645,0.014760548,0.0134714359999999,0.0120562841,0.0104506707999999,0.0097677947,0.0091055607999999,s1-procureScaling-h,high,NV,resid cooking,missing,missing,missing,missing,missing,missing,missing,missing,missing,MTC
2312,0.2514705619999999,0.3434738198,0.328900681,0.3198855389999999,0.292918529,0.2579747329999999,0.220111574,0.1794586382,0.146461382,s1-procureScaling-h,high,NV,resid heating,missing,missing,missing,missing,missing,missing,missing,missing,missing,MTC
2313,0.08647014,0.2182195699999999,0.201266329,0.20804949,0.202728744,0.187031815,0.1907451929999999,0.182096603,0.174813885,s1-procureScaling-h,high,NV,resid hot water,missing,missing,missing,missing,missing,missing,missing,missing,missing,MTC
2314,0.00457558,0.00450996,0.01524478,0.01654173,0.01638117,0.01730594,0.0184178399999999,0.01653703,0.01665637,s1-procureScaling-h,high,NV,resid other,missing,missing,missing,missing,missing,missing,missing,missing,missing,MTC
2315,0.527972551,0.506956636,0.2926589666,0.2680577082590001,0.164423726203,0.132016784529,0.108016251355,0.068351308806,0.050920537898,s1-procureScaling-h,high,NV,subpeak generation,missing,missing,missing,missing,missing,missing,missing,missing,missing,MTC
2316,0.141892,0.192085,0.133653,0.145579,0.147311,0.154011,0.161841,0.166237,0.17395,s1-procureScaling-h,high,NV,trn_aviation_intl,missing,missing,missing,missing,missing,missing,missing,missing,missing,MTC
2317,0.0376458,0.0790036,0.0685871,0.0752346,0.0791265,0.0847172,0.0899624,0.0940819,0.100691,s1-procureScaling-h,high,NV,trn_freight,missing,missing,missing,missing,missing,missing,missing,missing,missing,MTC
2318,0.5700848000000001,1.196378,1.033486203,1.108259009,1.0413357509999996,0.962399479,0.926340304,0.8262483100000002,0.743763394,s1-procureScaling-h,high,NV,trn_freight_road,missing,missing,missing,missing,missing,missing,missing,missing,missing,MTC
2319,0.54379221,0.7373611600000001,0.53787358,0.5981665500000001,0.58014328,0.62260826,0.66084862,0.6722996,0.71528225,s1-procureScaling-h,high,NV,trn_pass,missing,missing,missing,missing,missing,missing,missing,missing,missing,MTC
2320,0.0218614,0.04731082,0.0614069099999999,0.06500742,0.04856978,0.03773741,0.03321561,0.0316429099999999,0.0308320299999999,s1-procureScaling-h,high,NV,trn_pass_road,missing,missing,missing,missing,missing,missing,missing,missing,missing,MTC
2321,0.00421587,0.00808095,0.00766361,0.0072604,0.00673169,0.00652028,0.00637929,0.00616728,0.00615875,s1-procureScaling-h,high,NV,trn_pass_road_LDV,missing,missing,missing,missing,missing,missing,missing,missing,missing,MTC
2322,1.1978527469999998,2.29602687,2.32033253,2.137980028,1.6439867709999998,1.255581446,0.94235635,0.8167438000000002,0.763204081,s1-procureScaling-h,high,NV,trn_pass_road_LDV_4W,missing,missing,missing,missing,missing,missing,missing,missing,missing,MTC
2323,0.0,0.0,0.0,0.0,0.0,0.0,0.0,0.0,0.0,s1-procureScaling-h,high,NV,trn_shipping_intl,missing,missing,missing,missing,missing,missing,missing,missing,missing,MTC
2324,0.0,0.0,0.0,-0.0034070669999999,-0.00817947,-0.02785871,-0.0727419099999999,-0.1832556,-0.5048623000000001,s1-procureScaling-h,high,NH,CDR_regional,missing,missing,missing,missing,missing,missing,missing,missing,missing,MTC
2325,0.9309405,1.4025221999999995,0.5274234400000001,0.5642585299,0.4629950992999999,0.4668028367,0.4386244474000001,0.3009392252999999,0.3580404495000002,s1-procureScaling-h,high,NH,base load generation,missing,missing,missing,missing,missing,missing,missing,missing,missing,MTC
2326,0.0,3.41982e-05,0.000682353,0.000656664,0.000500232,0.000390821,0.000293369,0.00018692,8.28493e-05,s1-procureScaling-h,high,NH,biomass liquids,missing,missing,missing,missing,missing,missing,missing,missing,missing,MTC
2327,0.0,0.0,0.055501981,0.23055119,0.938770575,1.1670116439999996,1.212218345,1.5226648499999995,1.576540487,s1-procureScaling-h,high,NH,biorefining,missing,missing,missing,missing,missing,missing,missing,missing,missing,MTC
2328,0.00327626,0.0055079299999999,0.003380451,0.003351134,0.0030527119999999,0.002794146,0.0026414029999999,0.0023125143,0.0021969573,s1-procureScaling-h,high,NH,comm cooking,missing,missing,missing,missing,missing,missing,missing,missing,missing,MTC
2329,0.000299626,0.00156911,0.001570222,0.001554814,0.001496938,0.0014511279999999,0.001426312,0.0013297652,0.0013099553,s1-procureScaling-h,high,NH,comm cooling,missing,missing,missing,missing,missing,missing,missing,missing,missing,MTC
2330,0.25665644,0.44169361,0.24876976,0.24753124,0.23705595,0.22667173,0.2117884199999999,0.1731290099999999,0.160841151,s1-procureScaling-h,high,NH,comm heating,missing,missing,missing,missing,missing,missing,missing,missing,missing,MTC
2331,0.0673843,0.0256280799999999,0.013069818,0.0129143419999999,0.011954309,0.0108693989999999,0.009955181,0.0080867598999999,0.0076720503,s1-procureScaling-h,high,NH,comm hot water,missing,missing,missing,missing,missing,missing,missing,missing,missing,MTC
2332,0.00923254,0.01012186,0.0736329,0.0761246,0.0764286999999999,0.0815656,0.0856555,0.0823534,0.0844216,s1-procureScaling-h,high,NH,comm other,missing,missing,missing,missing,missing,missing,missing,missing,missing,MTC
2333,0.33063508,0.3168115399999999,0.2304799353,0.2366489224999999,0.2434819013999999,0.2526569494,0.2596926486,0.25662438864,0.2553964218299999,s1-procureScaling-h,high,NH,industrial energy use,missing,missing,missing,missing,missing,missing,missing,missing,missing,MTC
2334,0.7295128,1.0069969,0.615787861,0.6072502172,0.5908864469999998,0.5688954042,0.5293266357000002,0.4871295665999999,0.4510880763999998,s1-procureScaling-h,high,NH,intermediate generation,missing,missing,missing,missing,missing,missing,missing,missing,missing,MTC
2335,0.00829179,0.0097630211,0.0049989502230999,0.0044249988629,0.002608141859345,0.0023324788002899,0.00203730050625,0.00128254381241,0.00092486268819,s1-procureScaling-h,high,NH,peak generation,missing,missing,missing,missing,missing,missing,missing,missing,missing,MTC
2336,-0.694334,-0.610066,-0.838541,-1.114,-3.52538,-4.34843,-4.51424,-5.93646,-6.6123,s1-procureScaling-h,high,NH,regional biomass,missing,missing,missing,missing,missing,missing,missing,missing,missing,MTC
2337,0.0,-0.000485062,-0.022595,-0.0305352,-0.0496079,-0.0564969,-0.0571855,-0.0739168,-0.0774908,s1-procureScaling-h,high,NH,regional biomassOil,missing,missing,missing,missing,missing,missing,missing,missing,missing,MTC
2338,0.0,0.0,-0.0162036,-0.0371995,-0.0994075,-0.123937,-0.130601,-0.185907,-0.20356,s1-procureScaling-h,high,NH,regional corn for ethanol,missing,missing,missing,missing,missing,missing,missing,missing,missing,MTC
2339,0.00083922,0.00131208,0.000579891,0.000583028,0.000562357,0.0005314356999999999,0.0005402568,0.0005233729,0.0005042952,s1-procureScaling-h,high,NH,resid clothes dryers,missing,missing,missing,missing,missing,missing,missing,missing,missing,MTC
2340,0.00393216,0.00540522,0.005747824,0.005444822,0.0048673359,0.0043810033,0.0038890973,0.0037112780999999,0.0035470993999999,s1-procureScaling-h,high,NH,resid cooking,missing,missing,missing,missing,missing,missing,missing,missing,missing,MTC
2341,0.56272062,0.7121027600000001,0.6655558699999999,0.64465534,0.6163594200000001,0.586701453,0.5462756489999999,0.489212099,0.4299745699999999,s1-procureScaling-h,high,NH,resid heating,missing,missing,missing,missing,missing,missing,missing,missing,missing,MTC
2342,0.06705351,0.10455619,0.061721963,0.057518481,0.051182509,0.0403304,0.0387158269999999,0.033804877,0.028865796,s1-procureScaling-h,high,NH,resid hot water,missing,missing,missing,missing,missing,missing,missing,missing,missing,MTC
2343,0.00407126,0.00710304,0.00728138,0.00727472,0.00721701,0.0078129,0.00831574,0.00736972,0.00757092,s1-procureScaling-h,high,NH,resid other,missing,missing,missing,missing,missing,missing,missing,missing,missing,MTC
2344,0.0481347,0.0778196974,0.0309837812,0.0279465326243,0.0180019386741,0.0162949343609,0.0145537136603999,0.0108682924,0.0086229866116,s1-procureScaling-h,high,NH,subpeak generation,missing,missing,missing,missing,missing,missing,missing,missing,missing,MTC
2345,0.0148169,0.0106501,0.00826721,0.00860976,0.00854297,0.00880094,0.00918585,0.00937611,0.00970291,s1-procureScaling-h,high,NH,trn_aviation_intl,missing,missing,missing,missing,missing,missing,missing,missing,missing,MTC
2346,0.01567543,0.0234307,0.0226197,0.0242511,0.0252434,0.0268878,0.0287819,0.030582,0.0331216,s1-procureScaling-h,high,NH,trn_freight,missing,missing,missing,missing,missing,missing,missing,missing,missing,MTC
2347,0.2131944,0.3548272,0.339952508,0.357262942,0.3345371523999999,0.3128356803,0.3084714605,0.2839091596,0.265598136,s1-procureScaling-h,high,NH,trn_freight_road,missing,missing,missing,missing,missing,missing,missing,missing,missing,MTC
2348,0.057225958,0.0416931,0.03406524,0.03622592,0.03457185,0.03644438,0.038368,0.03878667,0.04068077,s1-procureScaling-h,high,NH,trn_pass,missing,missing,missing,missing,missing,missing,missing,missing,missing,MTC
2349,0.00817511,0.01362524,0.0177348241,0.018058822,0.0127701139999999,0.009569238,0.0083048369999999,0.007816386,0.007519488,s1-procureScaling-h,high,NH,trn_pass_road,missing,missing,missing,missing,missing,missing,missing,missing,missing,MTC
2350,0.00334374,0.00504307,0.00474858,0.00442383,0.00407381,0.00390907,0.00384131,0.0037071,0.0036766,s1-procureScaling-h,high,NH,trn_pass_road_LDV,missing,missing,missing,missing,missing,missing,missing,missing,missing,MTC
2351,0.950007136,1.4329125880000002,1.3985040740000003,1.25236423,0.945769006,0.7131748189999999,0.527410264,0.457714592,0.423652528,s1-procureScaling-h,high,NH,trn_pass_road_LDV_4W,missing,missing,missing,missing,missing,missing,missing,missing,missing,MTC
2352,0.0138657,0.0,0.0,0.0,0.0,0.0,0.0,0.0,0.0,s1-procureScaling-h,high,NH,trn_shipping_intl,missing,missing,missing,missing,missing,missing,missing,missing,missing,MTC
2353,0.0,0.0,0.0,-0.0492427799999999,-0.1045067,-0.2898413,-0.7040144,-1.59417,-4.891086,s1-procureScaling-h,high,NJ,CDR_regional,missing,missing,missing,missing,missing,missing,missing,missing,missing,MTC
2354,1.076526403,1.90854887,1.1186590320000005,1.2266060417999998,1.0999337724999998,1.0983335646999997,1.2260106715999992,1.0457174910000004,1.2437661493,s1-procureScaling-h,high,NJ,base load generation,missing,missing,missing,missing,missing,missing,missing,missing,missing,MTC
2355,0.0,0.0,0.0578784989999999,0.236048615,1.071674574,1.3448262460000002,1.3988181529999997,1.7851363259999995,1.975737014,s1-procureScaling-h,high,NJ,biorefining,missing,missing,missing,missing,missing,missing,missing,missing,missing,MTC
2356,0.209547,0.296149,0.213895,0.235703,0.0448774,0.041579,0.0436992,0.03112841,0.03236868,s1-procureScaling-h,high,NJ,cement,missing,missing,missing,missing,missing,missing,missing,missing,missing,MTC
2357,0.1549294,0.1751698,0.1090336299999999,0.11197274,0.10706544,0.1061543,0.10765245,0.10223295,0.10200312,s1-procureScaling-h,high,NJ,comm cooking,missing,missing,missing,missing,missing,missing,missing,missing,missing,MTC
2358,0.0208981,0.0628506,0.0867012,0.0864756,0.0847082,0.0841946,0.0847229499999999,0.08085706,0.08060384,s1-procureScaling-h,high,NJ,comm cooling,missing,missing,missing,missing,missing,missing,missing,missing,missing,MTC
2359,1.7243371,2.0289135600000003,1.3143789,1.3233434,1.2611561999999998,1.2320633600000002,1.2037547700000004,1.0476519500000003,1.02334859,s1-procureScaling-h,high,NJ,comm heating,missing,missing,missing,missing,missing,missing,missing,missing,missing,MTC
2360,0.694747,0.3741302999999999,0.36857808,0.37511634,0.3655669,0.36540306,0.372061246,0.353948871,0.359744239,s1-procureScaling-h,high,NJ,comm hot water,missing,missing,missing,missing,missing,missing,missing,missing,missing,MTC
2361,0.0892013,0.175646,0.689717,0.715451,0.7203900000000001,0.7345742999999999,0.7591175,0.7237872,0.7391529,s1-procureScaling-h,high,NJ,comm other,missing,missing,missing,missing,missing,missing,missing,missing,missing,MTC
2362,2.2539802000000004,1.28292358,0.924710719,0.947468607,0.962870423,0.9971940779999998,1.0316801909999995,1.006246758,1.0072169220000002,s1-procureScaling-h,high,NJ,industrial energy use,missing,missing,missing,missing,missing,missing,missing,missing,missing,MTC
2363,1.7969069329999998,3.07562127,2.955756594,2.8070709039000006,2.38475160125,2.1400712528799994,1.8978925946399996,1.56328717718,1.3872077242500007,s1-procureScaling-h,high,NJ,intermediate generation,missing,missing,missing,missing,missing,missing,missing,missing,missing,MTC
2364,1.16541,1.6666,1.2124979,1.1821486,0.9469504,0.8278023,0.7679174,0.6588805,0.5575978,s1-procureScaling-h,high,NJ,oil refining,missing,missing,missing,missing,missing,missing,missing,missing,missing,MTC
2365,0.0585000289999999,0.106188649,0.05320771479,0.047787147996,0.0298572467550999,0.0259525875732,0.0221433382129999,0.014445473478,0.0104309397912999,s1-procureScaling-h,high,NJ,peak generation,missing,missing,missing,missing,missing,missing,missing,missing,missing,MTC
2366,0.16834439,0.2404242199999999,0.1711492999999999,0.1863585399999999,0.12515481,0.13265609,0.1421289,0.1433928,0.1511065,s1-procureScaling-h,high,NJ,process heat cement,missing,missing,missing,missing,missing,missing,missing,missing,missing,MTC
2367,-0.541094,-0.47938,-0.430667,-0.724059,-3.69456,-4.77688,-5.13516,-9.33042,-12.5652,s1-procureScaling-h,high,NJ,regional biomass,missing,missing,missing,missing,missing,missing,missing,missing,missing,MTC
2368,0.0,0.0,-0.0135531,-0.022084,-0.0467566,-0.0566485,-0.059092,-0.0812259,-0.0954674,s1-procureScaling-h,high,NJ,regional biomassOil,missing,missing,missing,missing,missing,missing,missing,missing,missing,MTC
2369,0.0,0.0,-0.0180282,-0.0408576,-0.11678,-0.147095,-0.155272,-0.225734,-0.269293,s1-procureScaling-h,high,NJ,regional corn for ethanol,missing,missing,missing,missing,missing,missing,missing,missing,missing,MTC
2370,0.0320352,0.0810295,0.02512148,0.02532608,0.02483072,0.02429286,0.02517784,0.02476734,0.0241699,s1-procureScaling-h,high,NJ,resid clothes dryers,missing,missing,missing,missing,missing,missing,missing,missing,missing,MTC
2371,0.11121516,0.2458231,0.1102004869999999,0.1074214999999999,0.1022370889999999,0.0980340639999999,0.093912809,0.091417022,0.088128064,s1-procureScaling-h,high,NJ,resid cooking,missing,missing,missing,missing,missing,missing,missing,missing,missing,MTC
2372,3.1689880200000005,2.88088523,2.46548515,2.34939858,2.15251825,1.92978829,1.69968639,1.4329858800000002,1.214075691,s1-procureScaling-h,high,NJ,resid heating,missing,missing,missing,missing,missing,missing,missing,missing,missing,MTC
2373,0.7217254,1.003418,0.8296234700000001,0.8125723800000001,0.79354912,0.754172041,0.779823253,0.7530938300000002,0.7290490199999999,s1-procureScaling-h,high,NJ,resid hot water,missing,missing,missing,missing,missing,missing,missing,missing,missing,MTC
2374,0.03892264,0.0132476,0.1095265,0.1106028,0.1164127,0.1236916,0.1331985,0.1182813,0.1193845,s1-procureScaling-h,high,NJ,resid other,missing,missing,missing,missing,missing,missing,missing,missing,missing,MTC
2375,0.40049706,0.6523078299999999,0.368329821,0.337026934891,0.231979861957,0.205944596243,0.18045571591,0.13681291669,0.11421461332,s1-procureScaling-h,high,NJ,subpeak generation,missing,missing,missing,missing,missing,missing,missing,missing,missing,MTC
2376,1.09527,0.749688,0.899505,0.927844,0.918376,0.950579,0.991896,1.01543,1.05566,s1-procureScaling-h,high,NJ,trn_aviation_intl,missing,missing,missing,missing,missing,missing,missing,missing,missing,MTC
2377,0.290538,0.652729,0.533785,0.566482,0.505661,0.539133,0.572183,0.577526,0.626628,s1-procureScaling-h,high,NJ,trn_freight,missing,missing,missing,missing,missing,missing,missing,missing,missing,MTC
2378,2.2469330000000003,3.518249,2.87676238,3.00594982,2.8923188369999995,2.7120857579999997,2.66709166,2.4574918,2.2662036900000007,s1-procureScaling-h,high,NJ,trn_freight_road,missing,missing,missing,missing,missing,missing,missing,missing,missing,MTC
2379,4.19151065,2.87459159,3.5929189100000003,3.77681718,3.59407618,3.79967588,3.99257745,4.04294393,4.25531872,s1-procureScaling-h,high,NJ,trn_pass,missing,missing,missing,missing,missing,missing,missing,missing,missing,MTC
2380,0.0861672,0.135722028,0.15690718,0.15983113,0.11371291,0.0865709399999999,0.07670627,0.0733764,0.07175549,s1-procureScaling-h,high,NJ,trn_pass_road,missing,missing,missing,missing,missing,missing,missing,missing,missing,MTC
2381,0.0221376,0.0311047,0.026016,0.0237383,0.0215415,0.0206161,0.0199769,0.0190726,0.0188171,s1-procureScaling-h,high,NJ,trn_pass_road_LDV,missing,missing,missing,missing,missing,missing,missing,missing,missing,MTC
2382,6.2901047000000005,8.83749623,7.8480788,6.96718156,5.23816401,3.953098085,2.93340811,2.5811066500000006,2.412581360000001,s1-procureScaling-h,high,NJ,trn_pass_road_LDV_4W,missing,missing,missing,missing,missing,missing,missing,missing,missing,MTC
2383,1.23348,3.91468,1.42178,1.47142,1.35535,1.40569,1.45643,1.44683,1.51286,s1-procureScaling-h,high,NJ,trn_shipping_intl,missing,missing,missing,missing,missing,missing,missing,missing,missing,MTC
2384,0.0,0.0,0.0,-0.04999932,-0.1021883599999999,-0.1025565,-0.3143465,-1.104837,-3.767175,s1-procureScaling-h,high,NM,CDR_regional,missing,missing,missing,missing,missing,missing,missing,missing,missing,MTC
2385,4.337349966,5.949274957,3.0501443272,3.10298345627,0.7750997814999999,0.5567304322999997,0.5339472395999996,0.27514862407,0.3635939411799999,s1-procureScaling-h,high,NM,base load generation,missing,missing,missing,missing,missing,missing,missing,missing,missing,MTC
2386,0.0,0.00746267,0.0,0.0,0.0,0.0,0.0,0.0,0.0,s1-procureScaling-h,high,NM,biomass liquids,missing,missing,missing,missing,missing,missing,missing,missing,missing,MTC
2387,0.0,0.0,0.06039502,0.242072145,1.111892817,1.3969317999999995,1.4534817249999996,1.862713185,2.012336291,s1-procureScaling-h,high,NM,biorefining,missing,missing,missing,missing,missing,missing,missing,missing,missing,MTC
2388,0.0607366,0.0858381,0.0605429,0.0666698,0.01201406,0.01111482,0.0116298,0.00836432,0.00866908,s1-procureScaling-h,high,NM,cement,missing,missing,missing,missing,missing,missing,missing,missing,missing,MTC
2389,0.0,0.0,0.0,0.0,0.0,0.0,0.0,0.000641739,0.006852426,s1-procureScaling-h,high,NM,coal to liquids,missing,missing,missing,missing,missing,missing,missing,missing,missing,MTC
2390,0.01574354,0.0249279899999999,0.0414493499999999,0.04404083,0.04342685,0.0442298,0.04567198,0.044078673,0.0443578299999999,s1-procureScaling-h,high,NM,comm cooking,missing,missing,missing,missing,missing,missing,missing,missing,missing,MTC
2391,4.26001e-06,0.000665978,0.0005325389,0.0005513912999999999,0.0005619846,0.0005759735,0.0005905626,0.0005703961,0.0005684532,s1-procureScaling-h,high,NM,comm cooling,missing,missing,missing,missing,missing,missing,missing,missing,missing,MTC
2392,0.2707608099999999,0.33865943,0.21657543,0.2233081,0.21800683,0.2169155149999999,0.214128712,0.1872407999999999,0.181969078,s1-procureScaling-h,high,NM,comm heating,missing,missing,missing,missing,missing,missing,missing,missing,missing,MTC
2393,0.11257282,0.0641181099999999,0.07761781,0.08077811,0.07980809,0.079568006,0.0799083969999999,0.073298619,0.073094038,s1-procureScaling-h,high,NM,comm hot water,missing,missing,missing,missing,missing,missing,missing,missing,missing,MTC
2394,0.02776758,0.03142446,0.0867244,0.0961014,0.1069657,0.1267732,0.1415966,0.1403811,0.1473544,s1-procureScaling-h,high,NM,comm other,missing,missing,missing,missing,missing,missing,missing,missing,missing,MTC
2395,0.0,0.0,0.0,0.0,0.0,0.0,0.0,0.00307454,0.0317954,s1-procureScaling-h,high,NM,gas to liquids,missing,missing,missing,missing,missing,missing,missing,missing,missing,MTC
2396,1.42337387,1.4400030100000003,1.4649837852000005,1.49603530965,1.4757653779000002,1.5107918983409998,1.54587042054,1.5233392854054002,1.5098113489426,s1-procureScaling-h,high,NM,industrial energy use,missing,missing,missing,missing,missing,missing,missing,missing,missing,MTC
2397,3.1722878640000003,3.182228957,1.9645892550000004,1.9701111031000005,1.4011492466,1.2590247458,1.1896322865000006,0.7791505897000003,0.7016318519999998,s1-procureScaling-h,high,NM,intermediate generation,missing,missing,missing,missing,missing,missing,missing,missing,missing,MTC
2398,0.260633,0.286511,0.3280242,0.3198908,0.2563309,0.2241102999999999,0.2079015,0.17833086,0.1507457099999999,s1-procureScaling-h,high,NM,oil refining,missing,missing,missing,missing,missing,missing,missing,missing,missing,MTC
2399,0.048134318,0.01611873,0.0208483926689999,0.0187893949206899,0.0105505776375399,0.0087371996870399,0.00700940449636,0.0035116647332899,0.0022901977094899,s1-procureScaling-h,high,NM,peak generation,missing,missing,missing,missing,missing,missing,missing,missing,missing,MTC
2400,0.048794115,0.0696862799999999,0.048452217,0.052731745,0.03453641,0.03659166,0.03906944,0.03927146,0.0411802999999999,s1-procureScaling-h,high,NM,process heat cement,missing,missing,missing,missing,missing,missing,missing,missing,missing,MTC
2401,-0.0778069,-0.269281,-0.292571,-0.592896,-3.57892,-4.58349,-4.8065,-6.86822,-8.33033,s1-procureScaling-h,high,NM,regional biomass,missing,missing,missing,missing,missing,missing,missing,missing,missing,MTC
2402,0.0,0.0,-0.0142017,-0.0229626,-0.0487112,-0.0590555,-0.0616172,-0.0850915,-0.0967688,s1-procureScaling-h,high,NM,regional biomassOil,missing,missing,missing,missing,missing,missing,missing,missing,missing,MTC
2403,0.0,-0.0323918,-0.0199792,-0.0448091,-0.129148,-0.162916,-0.172081,-0.251723,-0.291197,s1-procureScaling-h,high,NM,regional corn for ethanol,missing,missing,missing,missing,missing,missing,missing,missing,missing,MTC
2404,0.00301324,0.00841492,0.002352202,0.002404021,0.002375002,0.002313816,0.002366261,0.002291207,0.002202125,s1-procureScaling-h,high,NM,resid clothes dryers,missing,missing,missing,missing,missing,missing,missing,missing,missing,MTC
2405,0.0114007999999999,0.02729516,0.0129932079999999,0.0125083919999999,0.011550527,0.0107004322,0.0097273458999999,0.0092580713,0.0087313243,s1-procureScaling-h,high,NM,resid cooking,missing,missing,missing,missing,missing,missing,missing,missing,missing,MTC
2406,0.42083824,0.56217022,0.453349651,0.435156596,0.41013997,0.383747325,0.350565861,0.3074419919999999,0.2671989874,s1-procureScaling-h,high,NM,resid heating,missing,missing,missing,missing,missing,missing,missing,missing,missing,MTC
2407,0.1247183899999999,0.20068188,0.1578564589999999,0.156099527,0.1529121709999999,0.145402489,0.1487986159999999,0.142573178,0.136759032,s1-procureScaling-h,high,NM,resid hot water,missing,missing,missing,missing,missing,missing,missing,missing,missing,MTC
2408,0.0064746,0.00991172,0.01444141,0.0146768,0.01504275,0.01609128,0.01697896,0.01502071,0.0151904,s1-procureScaling-h,high,NM,resid other,missing,missing,missing,missing,missing,missing,missing,missing,missing,MTC
2409,0.326613265,0.113494003,0.04140381374,0.03890022074448,0.0246192609413,0.0212217420203999,0.0184692189050999,0.0186411185941999,0.0129737408010999,s1-procureScaling-h,high,NM,subpeak generation,missing,missing,missing,missing,missing,missing,missing,missing,missing,MTC
2410,0.066723,0.0537528,0.029346,0.0304451,0.0302303,0.0314299,0.0328492,0.0335242,0.0349059,s1-procureScaling-h,high,NM,trn_aviation_intl,missing,missing,missing,missing,missing,missing,missing,missing,missing,MTC
2411,0.0687572,0.108651,0.124922,0.132795,0.13808,0.147274,0.15613,0.163588,0.17606,s1-procureScaling-h,high,NM,trn_freight,missing,missing,missing,missing,missing,missing,missing,missing,missing,MTC
2412,1.0412,1.645314,1.88247699,1.957168654,1.8184645130000003,1.6770792320000003,1.6285210849999998,1.463712751,1.333279795,s1-procureScaling-h,high,NM,trn_freight_road,missing,missing,missing,missing,missing,missing,missing,missing,missing,MTC
2413,0.2579031,0.21003638,0.12299436,0.13052426,0.12431285,0.1326634599999999,0.14002251,0.14148231,0.14978123,s1-procureScaling-h,high,NM,trn_pass,missing,missing,missing,missing,missing,missing,missing,missing,missing,MTC
2414,0.0399286,0.0734721,0.10942787,0.11120373,0.07847018,0.05901951,0.05159853,0.04890022,0.04740232,s1-procureScaling-h,high,NM,trn_pass_road,missing,missing,missing,missing,missing,missing,missing,missing,missing,MTC
2415,0.00522137,0.00678742,0.00595991,0.00540707,0.0050036,0.00485079,0.00474002,0.00456358,0.00454949,s1-procureScaling-h,high,NM,trn_pass_road_LDV,missing,missing,missing,missing,missing,missing,missing,missing,missing,MTC
2416,1.483464895,1.92835687,1.8129508,1.5976887039999998,1.196173654,0.8999416229999999,0.6654640970000001,0.5895843050000001,0.5520870979999998,s1-procureScaling-h,high,NM,trn_pass_road_LDV_4W,missing,missing,missing,missing,missing,missing,missing,missing,missing,MTC
2417,0.0,0.0,0.0,-0.06934371,-0.1570210999999999,-0.4716124,-1.334242,-4.106616,-14.23349,s1-procureScaling-h,high,NY,CDR_regional,missing,missing,missing,missing,missing,missing,missing,missing,missing,MTC
2418,7.983802000000001,6.328238299999998,1.238734037,1.3960900406,1.0909957174930005,1.2302607519240003,1.3234132559269998,0.97383433695,1.0426008861049998,s1-procureScaling-h,high,NY,base load generation,missing,missing,missing,missing,missing,missing,missing,missing,missing,MTC
2419,0.0,0.0,0.0665092,0.0639844,0.0490509,0.0383276,0.0287721,0.0183364,0.0081273,s1-procureScaling-h,high,NY,biomass liquids,missing,missing,missing,missing,missing,missing,missing,missing,missing,MTC
2420,0.0,0.0,0.056323072,0.2324469679999999,1.034407654,1.2960415839999997,1.3477970140000006,1.7875315209999998,2.0650378929999995,s1-procureScaling-h,high,NY,biorefining,missing,missing,missing,missing,missing,missing,missing,missing,missing,MTC
2421,0.319623,0.451718,0.328975,0.363309,0.0717856,0.0662658,0.0695393,0.0488888,0.0507306,s1-procureScaling-h,high,NY,cement,missing,missing,missing,missing,missing,missing,missing,missing,missing,MTC
2422,0.237072,0.2488277,0.1875077,0.191035,0.1819641,0.1782988499999999,0.17874263,0.16931891,0.16844319,s1-procureScaling-h,high,NY,comm cooking,missing,missing,missing,missing,missing,missing,missing,missing,missing,MTC
2423,0.024681,0.0726713,0.1200519,0.1192576,0.1157223,0.1137241,0.1133046,0.10779237,0.1075181899999999,s1-procureScaling-h,high,NY,comm cooling,missing,missing,missing,missing,missing,missing,missing,missing,missing,MTC
2424,4.750236,5.724938,2.9763427,2.9789931,2.8502973000000003,2.7742778999999995,2.689017,2.34074696,2.27602012,s1-procureScaling-h,high,NY,comm heating,missing,missing,missing,missing,missing,missing,missing,missing,missing,MTC
2425,1.473391,0.730655,0.6644501,0.6708851699999999,0.65081849,0.6444384599999999,0.64915481,0.615622025,0.622376559,s1-procureScaling-h,high,NY,comm hot water,missing,missing,missing,missing,missing,missing,missing,missing,missing,MTC
2426,0.1548419,0.3785739999999999,1.390404,1.419953,1.371105,1.356902,1.363208,1.290174,1.305115,s1-procureScaling-h,high,NY,comm other,missing,missing,missing,missing,missing,missing,missing,missing,missing,MTC
2427,0.0,0.0,0.0,0.0,0.0,0.0,0.0,2.47804e-05,0.000256267,s1-procureScaling-h,high,NY,gas to liquids,missing,missing,missing,missing,missing,missing,missing,missing,missing,MTC
2428,4.7714232,2.8813134,2.262475924,2.300781338,2.3128139684000004,2.3806580839300007,2.444498248339999,2.4168028076999994,2.3941148632700004,s1-procureScaling-h,high,NY,industrial energy use,missing,missing,missing,missing,missing,missing,missing,missing,missing,MTC
2429,7.862072899999999,8.3688851,5.05908060413,4.926408747820001,4.326402999979001,4.055278643195999,3.7592718194350017,3.338055151099999,3.1470924061800005,s1-procureScaling-h,high,NY,intermediate generation,missing,missing,missing,missing,missing,missing,missing,missing,missing,MTC
2430,0.145813,0.0,0.0,0.0,0.0,0.0,0.0,0.0,0.0,s1-procureScaling-h,high,NY,oil refining,missing,missing,missing,missing,missing,missing,missing,missing,missing,MTC
2431,0.1196084999999999,0.09054369,0.06200088356,0.0548937286425,0.0326571239767,0.0289750814165999,0.0251141889496,0.0159661633663999,0.0114951537355999,s1-procureScaling-h,high,NY,peak generation,missing,missing,missing,missing,missing,missing,missing,missing,missing,MTC
2432,0.2567771,0.36672083,0.26320473,0.28717855,0.19790908,0.20889614,0.2235725599999999,0.2239887,0.235605,s1-procureScaling-h,high,NY,process heat cement,missing,missing,missing,missing,missing,missing,missing,missing,missing,MTC
2433,-2.23581,-2.6858,-1.85204,-2.16181,-5.20059,-6.56299,-7.06473,-10.9996,-14.0067,s1-procureScaling-h,high,NY,regional biomass,missing,missing,missing,missing,missing,missing,missing,missing,missing,MTC
2434,0.0,0.0,-0.0131147,-0.0214832,-0.0451157,-0.054576,-0.0569137,-0.0813825,-0.101005,s1-procureScaling-h,high,NY,regional biomassOil,missing,missing,missing,missing,missing,missing,missing,missing,missing,MTC
2435,0.0,0.0,-0.305504,-0.316158,-0.322095,-0.303688,-0.269817,-0.299343,-0.310886,s1-procureScaling-h,high,NY,regional corn for ethanol,missing,missing,missing,missing,missing,missing,missing,missing,missing,MTC
2436,0.0768078,0.13803,0.0451291,0.0466597,0.0462553,0.04543314,0.04725996,0.04698828,0.04643593,s1-procureScaling-h,high,NY,resid clothes dryers,missing,missing,missing,missing,missing,missing,missing,missing,missing,MTC
2437,0.26511394,0.4357265,0.1933678229999999,0.1911236539999999,0.181739813,0.174294486,0.1668279459999999,0.1639863969999999,0.159462192,s1-procureScaling-h,high,NY,resid cooking,missing,missing,missing,missing,missing,missing,missing,missing,missing,MTC
2438,6.811439699999999,8.12075001,6.4483199,6.360274799999997,6.105058800000001,5.8358686,5.5035484,5.022503199999998,4.5608857600000015,s1-procureScaling-h,high,NY,resid heating,missing,missing,missing,missing,missing,missing,missing,missing,missing,MTC
2439,1.6935915,2.0089027,1.6464682,1.6498857999999998,1.6250634400000004,1.5613875200000005,1.6218268399999998,1.5932086300000003,1.55800348,s1-procureScaling-h,high,NY,resid hot water,missing,missing,missing,missing,missing,missing,missing,missing,missing,MTC
2440,0.0887187,0.104693,0.1921994,0.1970608,0.201489,0.2209715,0.2416745,0.221268,0.2237699,s1-procureScaling-h,high,NY,resid other,missing,missing,missing,missing,missing,missing,missing,missing,missing,MTC
2441,0.7786403,0.8343375000000001,0.4647770753,0.4181430851829999,0.2710445263089999,0.2445385447299999,0.21809973177,0.1565002035699999,0.12896052093,s1-procureScaling-h,high,NY,subpeak generation,missing,missing,missing,missing,missing,missing,missing,missing,missing,MTC
2442,0.12693,0.471358,0.719203,0.734178,0.724448,0.744822,0.773065,0.788247,0.814714,s1-procureScaling-h,high,NY,trn_aviation_intl,missing,missing,missing,missing,missing,missing,missing,missing,missing,MTC
2443,0.2745599999999999,0.402879,0.731269,0.778508,0.698736,0.744158,0.789044,0.796773,0.867599,s1-procureScaling-h,high,NY,trn_freight,missing,missing,missing,missing,missing,missing,missing,missing,missing,MTC
2444,3.755838,3.996412,4.101658909999999,4.2959251400000005,4.11260459,3.8329624520000007,3.74511416,3.43576461,3.16236695,s1-procureScaling-h,high,NY,trn_freight_road,missing,missing,missing,missing,missing,missing,missing,missing,missing,MTC
2445,0.49561,1.8124101,2.8765629,2.9934338,2.8498311000000003,2.9878684,3.1203607,3.1488836,3.2887417,s1-procureScaling-h,high,NY,trn_pass,missing,missing,missing,missing,missing,missing,missing,missing,missing,MTC
2446,0.144036,0.15992074,0.246382,0.2504322,0.1771634,0.1348719,0.11938941,0.11419085,0.11152692,s1-procureScaling-h,high,NY,trn_pass_road,missing,missing,missing,missing,missing,missing,missing,missing,missing,MTC
2447,0.0392762,0.0411282,0.0345055,0.0314897,0.0283512,0.0269557,0.0259133,0.0245523,0.0239823,s1-procureScaling-h,high,NY,trn_pass_road_LDV,missing,missing,missing,missing,missing,missing,missing,missing,missing,MTC
2448,11.15946082,11.68570767,10.179424309999998,8.921856969999999,6.62348822,4.935231334000001,3.60345831,3.1661793900000004,2.95232092,s1-procureScaling-h,high,NY,trn_pass_road_LDV_4W,missing,missing,missing,missing,missing,missing,missing,missing,missing,MTC
2449,0.230251,1.29405,1.89461,1.96388,1.81069,1.87686,1.94358,1.9302,2.01712,s1-procureScaling-h,high,NY,trn_shipping_intl,missing,missing,missing,missing,missing,missing,missing,missing,missing,MTC
2450,0.0,0.0,0.0,-0.07173315,-0.1406098,-0.2863376,-0.7784599999999999,-2.225395,-6.70261,s1-procureScaling-h,high,NC,CDR_regional,missing,missing,missing,missing,missing,missing,missing,missing,missing,MTC
2451,0.379145,0.252646,0.2739265,0.2881978,0.25627684,0.22242854,0.19139362,0.14889121,0.12193842,s1-procureScaling-h,high,NC,N fertilizer,missing,missing,missing,missing,missing,missing,missing,missing,missing,MTC
2452,6.066911059999999,11.48272185,8.107159929000003,8.290691209099998,3.269162969,2.659562166,2.7332593158000003,1.788346824099999,1.8477415209399997,s1-procureScaling-h,high,NC,base load generation,missing,missing,missing,missing,missing,missing,missing,missing,missing,MTC
2453,0.0,8.54956e-05,0.00170589,0.00164167,0.00125058,0.000977054,0.000733423,0.000467301,0.000207123,s1-procureScaling-h,high,NC,biomass liquids,missing,missing,missing,missing,missing,missing,missing,missing,missing,MTC
2454,0.0,0.0,0.0601642529999999,0.241464446,1.078031649,1.352251545,1.4068009679999998,1.804098844,2.0006798189999992,s1-procureScaling-h,high,NC,biorefining,missing,missing,missing,missing,missing,missing,missing,missing,missing,MTC
2455,0.252481,0.356828,0.26718,0.299618,0.0556295,0.0503049,0.0517718999999999,0.03618409,0.03687316,s1-procureScaling-h,high,NC,cement,missing,missing,missing,missing,missing,missing,missing,missing,missing,MTC
2456,0.0284072,0.0622126,0.0632477,0.06412845,0.05869207,0.05468995,0.0524345799999999,0.046252998,0.043999566,s1-procureScaling-h,high,NC,comm cooking,missing,missing,missing,missing,missing,missing,missing,missing,missing,MTC
2457,0.00326032,0.00715963,0.002575994,0.002580591,0.002503571,0.002451795,0.00243262,0.002286748,0.0022529805,s1-procureScaling-h,high,NC,comm cooling,missing,missing,missing,missing,missing,missing,missing,missing,missing,MTC
2458,0.8023382000000001,1.0006866,0.6066282,0.5902570899999999,0.52835285,0.4665927499999999,0.4067703499999999,0.2738974999999999,0.24636386,s1-procureScaling-h,high,NC,comm heating,missing,missing,missing,missing,missing,missing,missing,missing,missing,MTC
2459,0.1463756,0.1330689,0.15987604,0.15955115,0.1474404099999999,0.13607694,0.1290414979999999,0.108304116,0.1045041729999999,s1-procureScaling-h,high,NC,comm hot water,missing,missing,missing,missing,missing,missing,missing,missing,missing,MTC
2460,0.1086782,0.1016117,0.345118,0.37772,0.418255,0.492437,0.544122,0.52533,0.542415,s1-procureScaling-h,high,NC,comm other,missing,missing,missing,missing,missing,missing,missing,missing,missing,MTC
2461,5.6417424,4.023517300000001,3.847343514,3.994729105999999,4.1808875609,4.318291036620001,4.40556963853,4.30462592099,4.279085654729999,s1-procureScaling-h,high,NC,industrial energy use,missing,missing,missing,missing,missing,missing,missing,missing,missing,MTC
2462,7.059253924999999,10.221721338999998,4.34594404,4.301489157,3.228867141,2.9643608968,2.805721870999999,2.262323022999999,2.0910077122999997,s1-procureScaling-h,high,NC,intermediate generation,missing,missing,missing,missing,missing,missing,missing,missing,missing,MTC
2463,0.0104445,0.0,0.0,0.0,0.0,0.0,0.0,0.0,0.0,s1-procureScaling-h,high,NC,oil refining,missing,missing,missing,missing,missing,missing,missing,missing,missing,MTC
2464,0.05651234221,0.0168059021,0.0463347025139999,0.0416599262777699,0.02406198337183,0.02046606564034,0.0177525742326,0.0109463680654999,0.0078342895437,s1-procureScaling-h,high,NC,peak generation,missing,missing,missing,missing,missing,missing,missing,missing,missing,MTC
2465,0.2028368099999999,0.2896849,0.21385762,0.2370115399999999,0.1582097499999999,0.16398981,0.17220394,0.16964051,0.17499433,s1-procureScaling-h,high,NC,process heat cement,missing,missing,missing,missing,missing,missing,missing,missing,missing,MTC
2466,-2.1811,-2.15799,-2.27738,-2.63174,-5.82964,-7.04168,-7.46583,-12.5456,-15.8462,s1-procureScaling-h,high,NC,regional biomass,missing,missing,missing,missing,missing,missing,missing,missing,missing,MTC
2467,0.0,-0.00121266,-0.0383577,-0.0461966,-0.0655923,-0.0717355,-0.070761,-0.0898805,-0.100894,s1-procureScaling-h,high,NC,regional biomassOil,missing,missing,missing,missing,missing,missing,missing,missing,missing,MTC
2468,0.0,0.0,-0.0198084,-0.0444411,-0.125045,-0.157339,-0.166097,-0.24259,-0.289827,s1-procureScaling-h,high,NC,regional corn for ethanol,missing,missing,missing,missing,missing,missing,missing,missing,missing,MTC
2469,0.0068302,0.0171536,0.00802044,0.00819188,0.00797285,0.00763378,0.007776666,0.007512483,0.00718847,s1-procureScaling-h,high,NC,resid clothes dryers,missing,missing,missing,missing,missing,missing,missing,missing,missing,MTC
2470,0.0286372,0.05588999,0.044212696,0.0422696439999999,0.038266197,0.034516761,0.030663944,0.028934926,0.027074763,s1-procureScaling-h,high,NC,resid cooking,missing,missing,missing,missing,missing,missing,missing,missing,missing,MTC
2471,1.29019755,1.5508131,0.92233637,0.8537734899999999,0.7516042000000001,0.6283785199999998,0.5009084899999999,0.378613256,0.2833913330000001,s1-procureScaling-h,high,NC,resid heating,missing,missing,missing,missing,missing,missing,missing,missing,missing,MTC
2472,0.18487091,0.39152193,0.25649275,0.2441262,0.230127814,0.204764369,0.2147592689999999,0.201766973,0.1916323899999999,s1-procureScaling-h,high,NC,resid hot water,missing,missing,missing,missing,missing,missing,missing,missing,missing,MTC
2473,0.0230746999999999,0.0214483,0.0482501,0.0497162,0.0530031,0.0560865,0.0598691,0.0522895,0.0527216999999999,s1-procureScaling-h,high,NC,resid other,missing,missing,missing,missing,missing,missing,missing,missing,missing,MTC
2474,0.4266756710999999,0.1242897,0.3234710773,0.2954707416230001,0.186512088715,0.161579016765,0.142997009653,0.099853481801,0.0801766711579999,s1-procureScaling-h,high,NC,subpeak generation,missing,missing,missing,missing,missing,missing,missing,missing,missing,MTC
2475,0.128531,0.173466,0.0873099,0.0923918,0.0907375,0.0928237,0.0956703,0.0963467,0.0989575,s1-procureScaling-h,high,NC,trn_aviation_intl,missing,missing,missing,missing,missing,missing,missing,missing,missing,MTC
2476,0.1906668,0.2666192,0.247564823,0.266695964,0.2724159399999999,0.285165436,0.297426376,0.307904457,0.326146118,s1-procureScaling-h,high,NC,trn_freight,missing,missing,missing,missing,missing,missing,missing,missing,missing,MTC
2477,2.735446,3.881462,3.7039161,3.90402315,3.5973727000000006,3.300165029,3.17125327,2.8439064499999995,2.59771849,s1-procureScaling-h,high,NC,trn_freight_road,missing,missing,missing,missing,missing,missing,missing,missing,missing,MTC
2478,0.49885369,0.6737828,0.3604484,0.3896627,0.3660284,0.3832121,0.3980007,0.3958173,0.4126447,s1-procureScaling-h,high,NC,trn_pass,missing,missing,missing,missing,missing,missing,missing,missing,missing,MTC
2479,0.104903,0.15112725,0.20022367,0.20741308,0.15135499,0.1164509,0.1031221,0.0985930799999999,0.09647373,s1-procureScaling-h,high,NC,trn_pass_road,missing,missing,missing,missing,missing,missing,missing,missing,missing,MTC
2480,0.021797,0.031105,0.0302509,0.0282408,0.0253137,0.0236506,0.0224032,0.0209304,0.0202074,s1-procureScaling-h,high,NC,trn_pass_road_LDV,missing,missing,missing,missing,missing,missing,missing,missing,missing,MTC
2481,6.19300011,8.837666290000001,9.0486753,8.207844919999998,6.25476642,4.752913857,3.54734993,3.07751632,2.8602036899999987,s1-procureScaling-h,high,NC,trn_pass_road_LDV_4W,missing,missing,missing,missing,missing,missing,missing,missing,missing,MTC
2482,0.0870021,0.095927,0.00360033,0.0037502,0.00342243,0.00351151,0.00359979,0.00352889,0.00364572,s1-procureScaling-h,high,NC,trn_shipping_intl,missing,missing,missing,missing,missing,missing,missing,missing,missing,MTC
2483,0.0,0.0,0.0,-0.05232326,-0.09997627,-0.1053619,-0.302928,-0.997258,-3.682139,s1-procureScaling-h,high,ND,CDR_regional,missing,missing,missing,missing,missing,missing,missing,missing,missing,MTC
2484,4.152765037097998,5.2026149307359,4.797789830000001,4.79938358779,1.1737421523,0.9722456319,0.900964362,0.2852023687800001,0.2784959144200001,s1-procureScaling-h,high,ND,base load generation,missing,missing,missing,missing,missing,missing,missing,missing,missing,MTC
2485,0.0,0.012493573,0.1862510999999999,0.1791962,0.1371309,0.10714636,0.08043169,0.05125325,0.02271705,s1-procureScaling-h,high,ND,biomass liquids,missing,missing,missing,missing,missing,missing,missing,missing,missing,MTC
2486,0.0,0.0,0.060046032,0.241279431,1.066762932,1.33714361,1.3910687459999995,1.7786598239999996,1.9561498969999995,s1-procureScaling-h,high,ND,biorefining,missing,missing,missing,missing,missing,missing,missing,missing,missing,MTC
2487,0.0,0.0,0.0,0.0,0.0,0.0,0.0,0.000949393,0.0101218059999999,s1-procureScaling-h,high,ND,coal to liquids,missing,missing,missing,missing,missing,missing,missing,missing,missing,MTC
2488,0.00601099,0.00470037,0.0045571399999999,0.004446322,0.003865023,0.00333529,0.0029725604999999,0.0024139103,0.0022269739,s1-procureScaling-h,high,ND,comm cooking,missing,missing,missing,missing,missing,missing,missing,missing,missing,MTC
2489,1.42003e-05,0.000444455,4.136434e-05,4.119517e-05,3.952116e-05,3.841787e-05,3.77325e-05,3.51925e-05,3.476553e-05,s1-procureScaling-h,high,ND,comm cooling,missing,missing,missing,missing,missing,missing,missing,missing,missing,MTC
2490,0.2309373,0.2546,0.17827986,0.172084279,0.151183086,0.130863719,0.1118546890999999,0.0704754608,0.0635932150999999,s1-procureScaling-h,high,ND,comm heating,missing,missing,missing,missing,missing,missing,missing,missing,missing,MTC
2491,0.0366326,0.0133500499999999,0.024659905,0.024384458,0.0222074139999999,0.0201388069999999,0.0184187519999999,0.0147957523,0.0140646006,s1-procureScaling-h,high,ND,comm hot water,missing,missing,missing,missing,missing,missing,missing,missing,missing,MTC
2492,0.01232962,0.00816552,0.03199607,0.03582252,0.0415947,0.05307343,0.05968231,0.05839272,0.06043729,s1-procureScaling-h,high,ND,comm other,missing,missing,missing,missing,missing,missing,missing,missing,missing,MTC
2493,0.0,0.0,0.0,0.0,0.0,0.0,0.0,0.00175587,0.01815832,s1-procureScaling-h,high,ND,gas to liquids,missing,missing,missing,missing,missing,missing,missing,missing,missing,MTC
2494,2.5057432590000004,2.2755453,3.039112264,3.148462438,2.8923191370000003,2.98830883,3.098640225,3.05445525394,2.9887721179999995,s1-procureScaling-h,high,ND,industrial energy use,missing,missing,missing,missing,missing,missing,missing,missing,missing,MTC
2495,3.41970505,3.9817119,3.791084747,3.835021983200001,2.391178625700001,2.1468078667999992,2.2382286815000003,1.4669425859,1.2688839432000003,s1-procureScaling-h,high,ND,intermediate generation,missing,missing,missing,missing,missing,missing,missing,missing,missing,MTC
2496,0.202063,0.147582,0.2401663,0.2342114,0.1876492,0.1640368999999999,0.1521915,0.13051761,0.11032959,s1-procureScaling-h,high,ND,oil refining,missing,missing,missing,missing,missing,missing,missing,missing,missing,MTC
2497,0.0410931165706999,0.0,0.008480902516,0.00751647553995,0.0043215421108099,0.0037601624516399,0.00303417371889,0.0023789690400999,0.0017065649395999,s1-procureScaling-h,high,ND,peak generation,missing,missing,missing,missing,missing,missing,missing,missing,missing,MTC
2498,-0.037681,-0.0675072,-0.156857,-0.463145,-3.23595,-4.19648,-4.407,-6.3369,-7.45809,s1-procureScaling-h,high,ND,regional biomass,missing,missing,missing,missing,missing,missing,missing,missing,missing,MTC
2499,0.0,-0.010307,-0.219783,-0.220774,-0.198256,-0.175171,-0.148251,-0.138559,-0.120618,s1-procureScaling-h,high,ND,regional biomassOil,missing,missing,missing,missing,missing,missing,missing,missing,missing,MTC
2500,0.0,-0.0510745,-0.765196,-0.761523,-0.673299,-0.585166,-0.486916,-0.445064,-0.374515,s1-procureScaling-h,high,ND,regional corn for ethanol,missing,missing,missing,missing,missing,missing,missing,missing,missing,MTC
2501,0.00070716,0.00137172,0.0002484757,0.0002500423,0.0002389149,0.0002244259,0.0002269704,0.0002188006,0.0002098002,s1-procureScaling-h,high,ND,resid clothes dryers,missing,missing,missing,missing,missing,missing,missing,missing,missing,MTC
2502,0.003364622,0.00512178,0.001679094,0.0015566211,0.001342422,0.0011586265,0.00095616757,0.00089697451,0.0008363735300000001,s1-procureScaling-h,high,ND,resid cooking,missing,missing,missing,missing,missing,missing,missing,missing,missing,MTC
2503,0.28167885,0.26239385,0.1829461539999999,0.1694760219999999,0.1484716279999999,0.1231865489999999,0.096692852,0.0716088519999999,0.0520599117,s1-procureScaling-h,high,ND,resid heating,missing,missing,missing,missing,missing,missing,missing,missing,missing,MTC
2504,0.0322804499999999,0.05665778,0.027970872,0.026107496,0.0236327599999999,0.0197762441999999,0.0198763454,0.0183282617,0.016924952,s1-procureScaling-h,high,ND,resid hot water,missing,missing,missing,missing,missing,missing,missing,missing,missing,MTC
2505,0.00359228,0.00487648,0.001896801,0.001900049,0.001929575,0.00208557,0.00216175,0.001928586,0.001943162,s1-procureScaling-h,high,ND,resid other,missing,missing,missing,missing,missing,missing,missing,missing,missing,MTC
2506,0.2745734737760001,0.007992413156,0.0108454359959999,0.0107313716171899,0.00660948786083,0.00593011533088,0.00532609992744,0.0088637899416999,0.0073683738267999,s1-procureScaling-h,high,ND,subpeak generation,missing,missing,missing,missing,missing,missing,missing,missing,missing,MTC
2507,0.026609,0.0152108,0.0244765,0.0253946,0.0249091,0.0253487,0.026069,0.0263027,0.0269671,s1-procureScaling-h,high,ND,trn_aviation_intl,missing,missing,missing,missing,missing,missing,missing,missing,missing,MTC
2508,0.0341709,0.0497402,0.0874558,0.0936391,0.0960468,0.101272,0.106665,0.112108,0.122781,s1-procureScaling-h,high,ND,trn_freight,missing,missing,missing,missing,missing,missing,missing,missing,missing,MTC
2509,0.5174744,0.7532086,1.321690195,1.38199047,1.269648833,1.1590641499999998,1.125004259,1.017554457,0.948828902,s1-procureScaling-h,high,ND,trn_freight_road,missing,missing,missing,missing,missing,missing,missing,missing,missing,MTC
2510,0.10314023,0.06024258,0.10027254,0.1059182,0.10010522,0.1039528,0.10758259,0.10744402,0.1114287599999999,s1-procureScaling-h,high,ND,trn_pass,missing,missing,missing,missing,missing,missing,missing,missing,missing,MTC
2511,0.0198447,0.03588781,0.09203887,0.0946139499999999,0.06862573,0.05255296,0.0463219599999999,0.04393102,0.04258566,s1-procureScaling-h,high,ND,trn_pass_road,missing,missing,missing,missing,missing,missing,missing,missing,missing,MTC
2512,0.00208933,0.00246371,0.0024653,0.0022007,0.00198105,0.00186956,0.00178428,0.00168472,0.00163887,s1-procureScaling-h,high,ND,trn_pass_road_LDV,missing,missing,missing,missing,missing,missing,missing,missing,missing,MTC
2513,0.593872959,0.699876513,0.849770195,0.7414970580000001,0.5493481339999999,0.4080347764999999,0.296223049,0.26131734,0.2425735819999999,s1-procureScaling-h,high,ND,trn_pass_road_LDV_4W,missing,missing,missing,missing,missing,missing,missing,missing,missing,MTC
2514,0.0,0.0,0.0,-0.13522002,-0.2490456,-0.342202,-0.99651,-2.943164,-8.44486,s1-procureScaling-h,high,OH,CDR_regional,missing,missing,missing,missing,missing,missing,missing,missing,missing,MTC
2515,0.468962,0.312496,0.3447466,0.3638982,0.3245850899999999,0.2833768599999999,0.2459041,0.19285587,0.15862314,s1-procureScaling-h,high,OH,N fertilizer,missing,missing,missing,missing,missing,missing,missing,missing,missing,MTC
2516,19.43065164,23.562066,12.208397817,12.3394325583,4.340785069000002,3.2145168779999995,3.0346964909999987,1.59972842969,1.7818120746900004,s1-procureScaling-h,high,OH,base load generation,missing,missing,missing,missing,missing,missing,missing,missing,missing,MTC
2517,0.0,0.001161976,0.2215317,0.2131327,0.16317473,0.12749816,0.0957098099999999,0.0609908299999999,0.02703309,s1-procureScaling-h,high,OH,biomass liquids,missing,missing,missing,missing,missing,missing,missing,missing,missing,MTC
2518,0.0,0.0,0.059020361,0.2387954109999999,1.1033214030000005,1.386181686,1.4455134230000002,2.015809989,2.415138594,s1-procureScaling-h,high,OH,biorefining,missing,missing,missing,missing,missing,missing,missing,missing,missing,MTC
2519,0.293729,0.415123,0.301047,0.329816,0.0599948,0.0549934,0.0572038,0.0408714,0.04212135,s1-procureScaling-h,high,OH,cement,missing,missing,missing,missing,missing,missing,missing,missing,missing,MTC
2520,0.0,0.0,0.0,0.0,0.0,0.0,0.0,0.000481757,0.005163633,s1-procureScaling-h,high,OH,coal to liquids,missing,missing,missing,missing,missing,missing,missing,missing,missing,MTC
2521,0.1264433,0.0960401999999999,0.08920887,0.08921245,0.08220937,0.07749023,0.0753181499999999,0.067714552,0.06533258,s1-procureScaling-h,high,OH,comm cooking,missing,missing,missing,missing,missing,missing,missing,missing,missing,MTC
2522,0.00405409,0.0220995,0.01017462,0.00996754,0.00959146,0.00935356,0.009264528,0.0086583229999999,0.008575458,s1-procureScaling-h,high,OH,comm cooling,missing,missing,missing,missing,missing,missing,missing,missing,missing,MTC
2523,2.5282593,2.382042,1.859869,1.8525175,1.7384042,1.6702001800000004,1.6102189500000004,1.3635257799999998,1.3229274599999998,s1-procureScaling-h,high,OH,comm heating,missing,missing,missing,missing,missing,missing,missing,missing,missing,MTC
2524,0.5501654,0.24521115,0.3181456,0.31933932,0.30572401,0.29870057,0.297737851,0.2731467780000001,0.273130238,s1-procureScaling-h,high,OH,comm hot water,missing,missing,missing,missing,missing,missing,missing,missing,missing,MTC
2525,0.1192478999999999,0.096111,0.480685,0.5122869999999999,0.560227,0.651178,0.716407,0.699164,0.723387,s1-procureScaling-h,high,OH,comm other,missing,missing,missing,missing,missing,missing,missing,missing,missing,MTC
2526,0.0,0.0,0.0,0.0,0.0,0.0,0.0,0.00408168,0.04221085,s1-procureScaling-h,high,OH,gas to liquids,missing,missing,missing,missing,missing,missing,missing,missing,missing,MTC
2527,11.0864758,6.8080323,7.504276858000001,7.670139252000001,7.60985976,7.749927574189998,7.88293637214,7.745341789180001,7.592586770379998,s1-procureScaling-h,high,OH,industrial energy use,missing,missing,missing,missing,missing,missing,missing,missing,missing,MTC
2528,11.70101834,14.329933,7.255012000999999,7.198242246,5.194488223000001,4.438624532,4.0135250430000005,2.483776813,2.0945196143,s1-procureScaling-h,high,OH,intermediate generation,missing,missing,missing,missing,missing,missing,missing,missing,missing,MTC
2529,1.59254,1.29993,1.4348299999999998,1.399071,1.1206332,0.9796503,0.9088862,0.7798018,0.6601005,s1-procureScaling-h,high,OH,oil refining,missing,missing,missing,missing,missing,missing,missing,missing,missing,MTC
2530,0.12149482,0.0478397,0.0847123285999999,0.0765976910491999,0.0322703874464,0.0354667029105,0.0320012389102,0.0228900771503999,0.0167993290909999,s1-procureScaling-h,high,OH,peak generation,missing,missing,missing,missing,missing,missing,missing,missing,missing,MTC
2531,0.23597474,0.3370115999999999,0.24090327,0.26081123,0.17152527,0.17961459,0.1906767999999999,0.19072866,0.19919377,s1-procureScaling-h,high,OH,process heat cement,missing,missing,missing,missing,missing,missing,missing,missing,missing,MTC
2532,-1.40585,-1.14065,-1.23181,-1.52971,-4.8276,-6.06463,-6.48377,-13.1864,-18.3394,s1-procureScaling-h,high,OH,regional biomass,missing,missing,missing,missing,missing,missing,missing,missing,missing,MTC
2533,0.0,-0.00776147,-0.168704,-0.171511,-0.161502,-0.146899,-0.12745,-0.134321,-0.138185,s1-procureScaling-h,high,OH,regional biomassOil,missing,missing,missing,missing,missing,missing,missing,missing,missing,MTC
2534,0.0,-0.00266842,-0.93308,-0.922159,-0.796651,-0.681523,-0.559421,-0.516186,-0.457319,s1-procureScaling-h,high,OH,regional corn for ethanol,missing,missing,missing,missing,missing,missing,missing,missing,missing,MTC
2535,0.0429948,0.0845482,0.01791419,0.0177051199999999,0.01701807,0.01617479,0.01659531,0.01613524,0.01547453,s1-procureScaling-h,high,OH,resid clothes dryers,missing,missing,missing,missing,missing,missing,missing,missing,missing,MTC
2536,0.15438754,0.25716318,0.0803960619999999,0.075555674,0.068117707,0.0617323549999999,0.0549606671,0.0521784829,0.048711033,s1-procureScaling-h,high,OH,resid cooking,missing,missing,missing,missing,missing,missing,missing,missing,missing,MTC
2537,4.685877100000001,4.1220987,3.411155699999999,3.22042619,2.928717,2.5994493,2.25128222,1.86653889,1.5473676910000005,s1-procureScaling-h,high,OH,resid heating,missing,missing,missing,missing,missing,missing,missing,missing,missing,MTC
2538,0.97562932,1.2125838,0.8424601899999998,0.80368359,0.76516999,0.69724825,0.7170837979999999,0.678082606,0.63946072,s1-procureScaling-h,high,OH,resid hot water,missing,missing,missing,missing,missing,missing,missing,missing,missing,MTC
2539,0.0676104,0.0170226,0.0769315999999999,0.0767787,0.0816153,0.0872288,0.0926791,0.0808554,0.0804837,s1-procureScaling-h,high,OH,resid other,missing,missing,missing,missing,missing,missing,missing,missing,missing,MTC
2540,0.8994172410000001,0.51800593,0.605320286,0.5504880375720002,0.3754745029499999,0.3381135395099999,0.2924820771000002,0.2342128063599999,0.19579482531,s1-procureScaling-h,high,OH,subpeak generation,missing,missing,missing,missing,missing,missing,missing,missing,missing,MTC
2541,0.249878,0.43837,0.29017,0.299402,0.295111,0.303868,0.315781,0.321304,0.332888,s1-procureScaling-h,high,OH,trn_aviation_intl,missing,missing,missing,missing,missing,missing,missing,missing,missing,MTC
2542,0.2800779549,0.394848,0.388643899,0.411072981,0.422359119,0.445362559,0.468832587,0.4899846,0.522325905,s1-procureScaling-h,high,OH,trn_freight,missing,missing,missing,missing,missing,missing,missing,missing,missing,MTC
2543,4.239747,5.979234999999999,5.84416039,6.056720029999999,5.59845401,5.144708241999999,4.98376921,4.496608220000001,4.10077748,s1-procureScaling-h,high,OH,trn_freight_road,missing,missing,missing,missing,missing,missing,missing,missing,missing,MTC
2544,0.9667772,1.6919461,1.178631,1.2417007,1.1731719,1.2364507999999998,1.2954094,1.303253,1.3704962,s1-procureScaling-h,high,OH,trn_pass,missing,missing,missing,missing,missing,missing,missing,missing,missing,MTC
2545,0.162593,0.23661435,0.32920437,0.3361563199999999,0.23973924,0.18296927,0.16201892,0.1549773499999999,0.15147068,s1-procureScaling-h,high,OH,trn_pass_road,missing,missing,missing,missing,missing,missing,missing,missing,missing,MTC
2546,0.0311304,0.0372161,0.0321946,0.0291,0.0263503,0.0249234,0.0239379,0.022721,0.0222722,s1-procureScaling-h,high,OH,trn_pass_road_LDV,missing,missing,missing,missing,missing,missing,missing,missing,missing,MTC
2547,8.84498216,10.57418471,9.650212989999998,8.55242894,6.427386850000001,4.84728731,3.595185290000001,3.168097139999999,2.9633649499999994,s1-procureScaling-h,high,OH,trn_pass_road_LDV_4W,missing,missing,missing,missing,missing,missing,missing,missing,missing,MTC
2548,0.000862223,0.0,0.00250983,0.00258983,0.00237761,0.00245009,0.00252556,0.00249421,0.00259339,s1-procureScaling-h,high,OH,trn_shipping_intl,missing,missing,missing,missing,missing,missing,missing,missing,missing,MTC
2549,0.0,0.0,0.0,-0.09042012,-0.18644628,-0.1709043,-0.507596,-1.790711,-6.60347,s1-procureScaling-h,high,OK,CDR_regional,missing,missing,missing,missing,missing,missing,missing,missing,missing,MTC
2550,5.581172399999999,8.605342170999998,4.2953360291900005,4.37429859665,1.25911240014,0.8663939605100002,0.8260063438699998,0.461450733597,0.4465116274939999,s1-procureScaling-h,high,OK,base load generation,missing,missing,missing,missing,missing,missing,missing,missing,missing,MTC
2551,0.0,0.000444577,0.00887063,0.00853667,0.00650302,0.00508068,0.0038138,0.00242996,0.00107704,s1-procureScaling-h,high,OK,biomass liquids,missing,missing,missing,missing,missing,missing,missing,missing,missing,MTC
2552,0.0,0.0,0.06038398,0.242119478,1.0946780769999995,1.37430289,1.429943093,1.871402899,2.123301615000001,s1-procureScaling-h,high,OK,biorefining,missing,missing,missing,missing,missing,missing,missing,missing,missing,MTC
2553,0.135008,0.190805,0.12946,0.142482,0.0256436899999999,0.0234716,0.024443,0.01746014,0.01803731,s1-procureScaling-h,high,OK,cement,missing,missing,missing,missing,missing,missing,missing,missing,missing,MTC
2554,0.0,0.0,0.0,0.0,0.0,0.0,0.0,3.15949e-05,0.000337471,s1-procureScaling-h,high,OK,coal to liquids,missing,missing,missing,missing,missing,missing,missing,missing,missing,MTC
2555,0.01917871,0.0603164,0.03604374,0.03642831,0.0338811699999999,0.03243752,0.03172702,0.028956614,0.0281275839999999,s1-procureScaling-h,high,OK,comm cooking,missing,missing,missing,missing,missing,missing,missing,missing,missing,MTC
2556,0.000225781,0.00307572,0.01108242,0.0113955,0.01152899,0.01181148,0.012041662,0.011766725,0.011612834,s1-procureScaling-h,high,OK,comm cooling,missing,missing,missing,missing,missing,missing,missing,missing,missing,MTC
2557,0.49540413,0.4313886329999999,0.3357084099999999,0.3306440799999999,0.30350815,0.2816617899999999,0.2606218489999999,0.2040721479999999,0.191641552,s1-procureScaling-h,high,OK,comm heating,missing,missing,missing,missing,missing,missing,missing,missing,missing,MTC
2558,0.0871438,0.08950191,0.08272143,0.08279594,0.0782397,0.075157905,0.073590295,0.0662085954,0.0654569943,s1-procureScaling-h,high,OK,comm hot water,missing,missing,missing,missing,missing,missing,missing,missing,missing,MTC
2559,0.03660006,0.0345091,0.2462439,0.254287,0.261143,0.285355,0.303857,0.296065,0.303536,s1-procureScaling-h,high,OK,comm other,missing,missing,missing,missing,missing,missing,missing,missing,missing,MTC
2560,0.0,0.0,0.0,0.0,0.0,0.0,0.0,0.00602163,0.06227287,s1-procureScaling-h,high,OK,gas to liquids,missing,missing,missing,missing,missing,missing,missing,missing,missing,MTC
2561,4.5995019,3.820772,4.575460795000001,4.690633373,4.627240867,4.7410744535000005,4.882277207299999,4.803161190849999,4.831917617620001,s1-procureScaling-h,high,OK,industrial energy use,missing,missing,missing,missing,missing,missing,missing,missing,missing,MTC
2562,3.498157,4.784824,2.8765277667,2.8717646275,1.9649275989,1.6785171098,1.5361535675000002,1.4542389581000004,1.2944515941,s1-procureScaling-h,high,OK,intermediate generation,missing,missing,missing,missing,missing,missing,missing,missing,missing,MTC
2563,1.37795,1.23898,1.314442,1.2819903,1.0273335,0.8982559,0.8331525,0.7141094,0.6017666,s1-procureScaling-h,high,OK,oil refining,missing,missing,missing,missing,missing,missing,missing,missing,missing,MTC
2564,0.0513256589999999,0.067706796,0.05215774,0.047072694,0.0206748195076599,0.01627772117231,0.0141260499070699,0.0107069083438,0.0073697339012,s1-procureScaling-h,high,OK,peak generation,missing,missing,missing,missing,missing,missing,missing,missing,missing,MTC
2565,0.10846215,0.15490227,0.10362046,0.11271366,0.0731651899999999,0.07700492,0.08181827,0.08190873,0.08559644,s1-procureScaling-h,high,OK,process heat cement,missing,missing,missing,missing,missing,missing,missing,missing,missing,MTC
2566,-0.470455,-0.616185,-0.704145,-1.02201,-3.94862,-4.9713,-5.23274,-8.1506,-9.86402,s1-procureScaling-h,high,OK,regional biomass,missing,missing,missing,missing,missing,missing,missing,missing,missing,MTC
2567,0.0,-0.00630581,-0.140017,-0.144042,-0.140516,-0.130522,-0.115077,-0.120463,-0.119553,s1-procureScaling-h,high,OK,regional biomassOil,missing,missing,missing,missing,missing,missing,missing,missing,missing,MTC
2568,0.0,0.0,-0.0199696,-0.0448295,-0.127968,-0.161341,-0.170421,-0.254918,-0.313066,s1-procureScaling-h,high,OK,regional corn for ethanol,missing,missing,missing,missing,missing,missing,missing,missing,missing,MTC
2569,0.0124548,0.014112,0.00482905,0.00522896,0.00537975,0.0054508149999999,0.0056000849999999,0.0054927699999999,0.005386333,s1-procureScaling-h,high,OK,resid clothes dryers,missing,missing,missing,missing,missing,missing,missing,missing,missing,MTC
2570,0.0446349,0.0437758799999999,0.022705487,0.0226780699999999,0.0216563809999999,0.0205125499999999,0.0191665816,0.018398691,0.0175730419,s1-procureScaling-h,high,OK,resid cooking,missing,missing,missing,missing,missing,missing,missing,missing,missing,MTC
2571,0.7789177800000002,0.6621644799,0.7047886799999998,0.666152318,0.599824096,0.5177215039999999,0.4308871999999999,0.342463315,0.272303977,s1-procureScaling-h,high,OK,resid heating,missing,missing,missing,missing,missing,missing,missing,missing,missing,MTC
2572,0.21502986,0.29468752,0.1621534079999999,0.1625064429999999,0.1590891489999999,0.1494381629999999,0.1538835399999999,0.146432353,0.140358257,s1-procureScaling-h,high,OK,resid hot water,missing,missing,missing,missing,missing,missing,missing,missing,missing,MTC
2573,0.01932852,0.00696192,0.02671123,0.02718912,0.02808331,0.02983062,0.0319856399999999,0.0293032,0.02991246,s1-procureScaling-h,high,OK,resid other,missing,missing,missing,missing,missing,missing,missing,missing,missing,MTC
2574,0.36164011,0.330152033,0.031512905,0.029640302,0.0149959477,0.012952630054,0.01202948943,0.0264634618905,0.0184278704492999,s1-procureScaling-h,high,OK,subpeak generation,missing,missing,missing,missing,missing,missing,missing,missing,missing,MTC
2575,0.182653,0.140442,0.191879,0.198524,0.196002,0.202085,0.210021,0.213547,0.221311,s1-procureScaling-h,high,OK,trn_aviation_intl,missing,missing,missing,missing,missing,missing,missing,missing,missing,MTC
2576,0.128321,0.224632,0.231814,0.246115,0.254524,0.269701,0.284772,0.298151,0.321407,s1-procureScaling-h,high,OK,trn_freight,missing,missing,missing,missing,missing,missing,missing,missing,missing,MTC
2577,1.943165,3.4016340000000005,3.49144758,3.622413190000001,3.344169732,3.0578838490000004,2.96026281,2.665211190000001,2.4437964000000005,s1-procureScaling-h,high,OK,trn_freight_road,missing,missing,missing,missing,missing,missing,missing,missing,missing,MTC
2578,0.7034232300000001,0.54624034,0.7738102,0.8179662000000001,0.7735379,0.8169978,0.8564796,0.8615364999999999,0.9067998,s1-procureScaling-h,high,OK,trn_pass,missing,missing,missing,missing,missing,missing,missing,missing,missing,MTC
2579,0.0745182,0.1470127,0.246265,0.2549719,0.1854182,0.1420201999999999,0.12451755,0.1178277999999999,0.11399577,s1-procureScaling-h,high,OK,trn_pass_road,missing,missing,missing,missing,missing,missing,missing,missing,missing,MTC
2580,0.0108465,0.0132377,0.0113233,0.0101911,0.00932252,0.00890852,0.00862738,0.00827512,0.00819664,s1-procureScaling-h,high,OK,trn_pass_road_LDV,missing,missing,missing,missing,missing,missing,missing,missing,missing,MTC
2581,3.08192622,3.76118502,3.6017977200000004,3.1675484400000005,2.3649853069999995,1.771361597,1.302323276,1.1531223399999997,1.0785641300000002,s1-procureScaling-h,high,OK,trn_pass_road_LDV_4W,missing,missing,missing,missing,missing,missing,missing,missing,missing,MTC
2582,0.0,0.0,0.0,0.0,0.0,0.0,0.0,0.0,0.0,s1-procureScaling-h,high,OK,trn_shipping_intl,missing,missing,missing,missing,missing,missing,missing,missing,missing,MTC
2583,0.0,0.0,0.0,-0.025429855,-0.0576555199999999,-0.092144,-0.2674879,-0.8942300000000001,-3.220907,s1-procureScaling-h,high,OR,CDR_regional,missing,missing,missing,missing,missing,missing,missing,missing,missing,MTC
2584,0.2417489,0.4488071,0.29909167308,0.31799230326,0.2782218834370001,0.255194722471,0.2533128510059999,0.2973413769423,0.3580429187321999,s1-procureScaling-h,high,OR,base load generation,missing,missing,missing,missing,missing,missing,missing,missing,missing,MTC
2585,0.0,0.000145342,0.01925632,0.01852664,0.014176,0.01107641,0.00831473,0.005298354,0.002348401,s1-procureScaling-h,high,OR,biomass liquids,missing,missing,missing,missing,missing,missing,missing,missing,missing,MTC
2586,0.0,0.0,0.0592521499999999,0.239305501,1.0796524360000002,1.354865192,1.4095711810000002,1.802608534,1.9005308459999997,s1-procureScaling-h,high,OR,biorefining,missing,missing,missing,missing,missing,missing,missing,missing,missing,MTC
2587,0.0978202,0.138248,0.109537,0.124947,0.02369038,0.0217026099999999,0.0225914,0.01596782,0.01647226,s1-procureScaling-h,high,OR,cement,missing,missing,missing,missing,missing,missing,missing,missing,missing,MTC
2588,0.02039236,0.0398318,0.02444521,0.02524477,0.02336388,0.0215774899999999,0.020295503,0.017601289,0.0164497919999999,s1-procureScaling-h,high,OR,comm cooking,missing,missing,missing,missing,missing,missing,missing,missing,missing,MTC
2589,0.000318079,0.00204053,0.001027879,0.001048432,0.001017081,0.000979153,0.000946898,0.0008638761,0.0008405166999999999,s1-procureScaling-h,high,OR,comm cooling,missing,missing,missing,missing,missing,missing,missing,missing,missing,MTC
2590,0.37590962,0.3436245999999999,0.2560084099999999,0.2592038599999999,0.24613281,0.2326869599999999,0.21646009,0.172963819,0.16017241,s1-procureScaling-h,high,OR,comm heating,missing,missing,missing,missing,missing,missing,missing,missing,missing,MTC
2591,0.0656658,0.0875074,0.06488969,0.06635341,0.0619587599999999,0.057351964,0.0543128189999999,0.0464312332,0.0451414342,s1-procureScaling-h,high,OR,comm hot water,missing,missing,missing,missing,missing,missing,missing,missing,missing,MTC
2592,0.0374019,0.0319798,0.1797842,0.1975697,0.2077393,0.236817,0.258828,0.254496,0.26345,s1-procureScaling-h,high,OR,comm other,missing,missing,missing,missing,missing,missing,missing,missing,missing,MTC
2593,0.0,0.0,0.0,0.0,0.0,0.0,0.0,1.77003e-06,1.830473e-05,s1-procureScaling-h,high,OR,gas to liquids,missing,missing,missing,missing,missing,missing,missing,missing,missing,MTC
2594,1.91977993,1.66595182,1.8792349697,1.9564718905,1.997085160499,2.0486870357500004,2.088784356802,2.075366583122,2.0594403332918008,s1-procureScaling-h,high,OR,industrial energy use,missing,missing,missing,missing,missing,missing,missing,missing,missing,MTC
2595,0.3781387903,1.6277269622,1.297875931,1.1062170215,0.9424618143,0.8269110859000002,0.7150729277000002,0.5364102612,0.4616707171999997,s1-procureScaling-h,high,OR,intermediate generation,missing,missing,missing,missing,missing,missing,missing,missing,missing,MTC
2596,0.00865998672,0.0424335224,0.027954395438,0.02510478920691,0.01368303404998,0.0106118537051399,0.0083015528774299,0.00423793306013,0.0027148736287,s1-procureScaling-h,high,OR,peak generation,missing,missing,missing,missing,missing,missing,missing,missing,missing,MTC
2597,0.0785861549999999,0.11223432,0.087631846,0.098777205,0.0654252199999999,0.06874374,0.07306016,0.0730845099999999,0.07641871,s1-procureScaling-h,high,OR,process heat cement,missing,missing,missing,missing,missing,missing,missing,missing,missing,MTC
2598,-1.31957,-1.1062,-1.54426,-1.87703,-4.81608,-5.82181,-6.03763,-8.45917,-9.57666,s1-procureScaling-h,high,OR,regional biomass,missing,missing,missing,missing,missing,missing,missing,missing,missing,MTC
2599,0.0,-0.00206151,-0.0550328,-0.0621345,-0.0776088,-0.0810143,-0.0776195,-0.0937842,-0.0957108,s1-procureScaling-h,high,OR,regional biomassOil,missing,missing,missing,missing,missing,missing,missing,missing,missing,MTC
2600,0.0,0.0,-0.0900797,-0.111289,-0.175442,-0.196163,-0.194732,-0.258944,-0.277035,s1-procureScaling-h,high,OR,regional corn for ethanol,missing,missing,missing,missing,missing,missing,missing,missing,missing,MTC
2601,0.0027051,0.00663282,0.002511161,0.0026515849999999,0.002601849,0.002442966,0.002446058,0.002359168,0.002282507,s1-procureScaling-h,high,OR,resid clothes dryers,missing,missing,missing,missing,missing,missing,missing,missing,missing,MTC
2602,0.010003306,0.02097444,0.01163202,0.011337679,0.010104595,0.0088227434,0.0073961472999999,0.0068807448,0.0063996487999999,s1-procureScaling-h,high,OR,resid cooking,missing,missing,missing,missing,missing,missing,missing,missing,missing,MTC
2603,0.56128909,0.7373045600000001,0.701490552,0.6620843459999999,0.597635864,0.517197756,0.4289663109999999,0.340520179,0.2679714627,s1-procureScaling-h,high,OR,resid heating,missing,missing,missing,missing,missing,missing,missing,missing,missing,MTC
2604,0.06711892,0.1425608759999999,0.165171824,0.161780572,0.14866331,0.1249081899999999,0.127957811,0.120199385,0.114525435,s1-procureScaling-h,high,OR,resid hot water,missing,missing,missing,missing,missing,missing,missing,missing,missing,MTC
2605,0.00511786,0.0052038,0.01214093,0.01287542,0.01260546,0.01337636,0.01430393,0.01288305,0.0130345599999999,s1-procureScaling-h,high,OR,resid other,missing,missing,missing,missing,missing,missing,missing,missing,missing,MTC
2606,0.0618268606,0.2986658083,0.1580033320999999,0.1447726125184,0.089062877816,0.071803160725,0.0588970287299999,0.037529051374,0.028374822608,s1-procureScaling-h,high,OR,subpeak generation,missing,missing,missing,missing,missing,missing,missing,missing,missing,MTC
2607,0.0782043,0.127208,0.118955,0.127199,0.126474,0.130409,0.135572,0.138111,0.143206,s1-procureScaling-h,high,OR,trn_aviation_intl,missing,missing,missing,missing,missing,missing,missing,missing,missing,MTC
2608,0.1926356,0.18236,0.1670298,0.1822704,0.182457,0.1927179,0.2023918999999999,0.2080376,0.2215576,s1-procureScaling-h,high,OR,trn_freight,missing,missing,missing,missing,missing,missing,missing,missing,missing,MTC
2609,1.821828,2.068817,2.13845991,2.28554962,2.128999398,1.944637156,1.848946944,1.6382410009999997,1.4660028900000002,s1-procureScaling-h,high,OR,trn_freight_road,missing,missing,missing,missing,missing,missing,missing,missing,missing,MTC
2610,0.30396121,0.4919219999999999,0.48540784,0.53085122,0.50619938,0.53450263,0.56044182,0.56513695,0.59501537,s1-procureScaling-h,high,OR,trn_pass,missing,missing,missing,missing,missing,missing,missing,missing,missing,MTC
2611,0.0698675,0.08326436,0.11129383,0.11407344,0.08171136,0.06215654,0.0548558099999999,0.05250576,0.0513570599999999,s1-procureScaling-h,high,OR,trn_pass_road,missing,missing,missing,missing,missing,missing,missing,missing,missing,MTC
2612,0.00890615,0.0111249,0.0108977,0.010305,0.00931626,0.00881447,0.00846065,0.00805588,0.0079168,s1-procureScaling-h,high,OR,trn_pass_road_LDV,missing,missing,missing,missing,missing,missing,missing,missing,missing,MTC
2613,2.53063171,3.16061718,3.08862161,2.78918487,2.115015456,1.594031832,1.177404252,1.0169786999999997,0.94694137,s1-procureScaling-h,high,OR,trn_pass_road_LDV_4W,missing,missing,missing,missing,missing,missing,missing,missing,missing,MTC
2614,0.627574,0.42593,0.100566,0.105601,0.0976441,0.10077,0.10395,0.102886,0.107093,s1-procureScaling-h,high,OR,trn_shipping_intl,missing,missing,missing,missing,missing,missing,missing,missing,missing,MTC
2615,0.0,0.0,0.0,-0.1086767,-0.2286095,-0.6388774,-1.712301,-4.390566,-11.8454,s1-procureScaling-h,high,PA,CDR_regional,missing,missing,missing,missing,missing,missing,missing,missing,missing,MTC
2616,14.694852,17.215411,9.506586940000002,9.589417491,4.522414124000001,3.981003778,4.411913529999999,3.0834752590000005,3.5974545059999987,s1-procureScaling-h,high,PA,base load generation,missing,missing,missing,missing,missing,missing,missing,missing,missing,MTC
2617,0.0,0.000436027,0.05255545,0.05056351,0.03870128,0.03023959,0.02270006,0.01446564,0.00641165,s1-procureScaling-h,high,PA,biomass liquids,missing,missing,missing,missing,missing,missing,missing,missing,missing,MTC
2618,0.0,0.0,0.0578784989999999,0.236048615,1.075024764,1.349252911,1.403429224,1.906714652,2.24355216,s1-procureScaling-h,high,PA,biorefining,missing,missing,missing,missing,missing,missing,missing,missing,missing,MTC
2619,0.474541,0.670662,0.490365,0.541661,0.1025513999999999,0.0946101,0.0990101999999999,0.0703186,0.0728104,s1-procureScaling-h,high,PA,cement,missing,missing,missing,missing,missing,missing,missing,missing,missing,MTC
2620,0.0,0.0,0.0,0.0,0.0,0.0,0.0,0.002047967,0.02190288,s1-procureScaling-h,high,PA,coal to liquids,missing,missing,missing,missing,missing,missing,missing,missing,missing,MTC
2621,0.1566368,0.1335729,0.09382491,0.0956064,0.09052855,0.0883484,0.08836404,0.08250985,0.08128838,s1-procureScaling-h,high,PA,comm cooking,missing,missing,missing,missing,missing,missing,missing,missing,missing,MTC
2622,0.0154084,0.0361234,0.0566530299999999,0.05627745,0.0548584899999999,0.05416803,0.05417545,0.05130129,0.05087687,s1-procureScaling-h,high,PA,comm cooling,missing,missing,missing,missing,missing,missing,missing,missing,missing,MTC
2623,3.6488766,2.633851,1.549194,1.5486574999999998,1.4755611999999998,1.4323123,1.3825441,1.1814711999999998,1.13853979,s1-procureScaling-h,high,PA,comm heating,missing,missing,missing,missing,missing,missing,missing,missing,missing,MTC
2624,0.6220140000000001,0.3227398,0.33394181,0.33780559,0.3269566199999999,0.32255554,0.3240007640000001,0.3023500149999999,0.3039205340000001,s1-procureScaling-h,high,PA,comm hot water,missing,missing,missing,missing,missing,missing,missing,missing,missing,MTC
2625,0.08659172,0.1582046,0.6986950000000001,0.716767,0.701204,0.68648,0.6869215,0.6385810000000001,0.6455255999999999,s1-procureScaling-h,high,PA,comm other,missing,missing,missing,missing,missing,missing,missing,missing,missing,MTC
2626,0.0,0.0,0.0,0.0,0.0,0.0,0.0,0.0118981,0.1230445,s1-procureScaling-h,high,PA,gas to liquids,missing,missing,missing,missing,missing,missing,missing,missing,missing,MTC
2627,13.7417539,8.5058205,11.4863719,11.851094924,11.571089747,11.9199843548,12.2082262333,11.95817394915,11.813327517759996,s1-procureScaling-h,high,PA,industrial energy use,missing,missing,missing,missing,missing,missing,missing,missing,missing,MTC
2628,14.77898295,18.7002047,9.74735393,9.636830548,7.391707781999999,7.007064076,6.869780010999998,5.236820275,4.85355479,s1-procureScaling-h,high,PA,intermediate generation,missing,missing,missing,missing,missing,missing,missing,missing,missing,MTC
2629,2.59323,1.9592,1.543877,1.505232,1.2057516,1.0540444,0.9777936,0.8389565000000001,0.709992,s1-procureScaling-h,high,PA,oil refining,missing,missing,missing,missing,missing,missing,missing,missing,missing,MTC
2630,0.155793708,0.0685318999999999,0.0824022752799999,0.074037730102,0.0462000396009999,0.0401258706664,0.034265979859,0.0222912758594999,0.0160696406187,s1-procureScaling-h,high,PA,peak generation,missing,missing,missing,missing,missing,missing,missing,missing,missing,MTC
2631,0.38123429,0.54446731,0.39236823,0.42826315,0.28703613,0.30283266,0.32304915,0.32443367,0.34039065,s1-procureScaling-h,high,PA,process heat cement,missing,missing,missing,missing,missing,missing,missing,missing,missing,MTC
2632,-1.35039,-1.96052,-2.38427,-2.689,-5.95207,-7.43101,-8.23678,-18.1808,-26.4378,s1-procureScaling-h,high,PA,regional biomass,missing,missing,missing,missing,missing,missing,missing,missing,missing,MTC
2633,0.0,-0.00618454,-0.136953,-0.140838,-0.137303,-0.127441,-0.112268,-0.120743,-0.125437,s1-procureScaling-h,high,PA,regional biomassOil,missing,missing,missing,missing,missing,missing,missing,missing,missing,MTC
2634,0.0,0.0,-0.208383,-0.223988,-0.257332,-0.257072,-0.237939,-0.295531,-0.334726,s1-procureScaling-h,high,PA,regional corn for ethanol,missing,missing,missing,missing,missing,missing,missing,missing,missing,MTC
2635,0.0408548,0.0771032,0.0222531799999999,0.02225519,0.02161396,0.02080205,0.02138995,0.0208234,0.0200611,s1-procureScaling-h,high,PA,resid clothes dryers,missing,missing,missing,missing,missing,missing,missing,missing,missing,MTC
2636,0.14210477,0.2372057699999999,0.1117822099999999,0.1067418,0.09854146,0.091540359,0.084593406,0.081087149,0.076898248,s1-procureScaling-h,high,PA,resid cooking,missing,missing,missing,missing,missing,missing,missing,missing,missing,MTC
2637,5.355317899999999,4.7306165,3.7539464,3.5289329000000005,3.2046903,2.8264507,2.4188943800000007,1.97033012,1.5915115800000004,s1-procureScaling-h,high,PA,resid heating,missing,missing,missing,missing,missing,missing,missing,missing,missing,MTC
2638,0.9411633,1.1438022,0.8263626899999998,0.7856912600000001,0.7397485399999999,0.65610994,0.6684044,0.62129572,0.5759825000000001,s1-procureScaling-h,high,PA,resid hot water,missing,missing,missing,missing,missing,missing,missing,missing,missing,MTC
2639,0.0504450799999999,0.02852,0.1164733,0.1170438,0.1222964,0.1301003,0.1399291,0.1220774999999999,0.1230834,s1-procureScaling-h,high,PA,resid other,missing,missing,missing,missing,missing,missing,missing,missing,missing,MTC
2640,0.8700521200000001,0.6148743,0.5711243039,0.522782823868,0.3565010070760001,0.3159233510699999,0.27763698641,0.20733645068,0.1709233311,s1-procureScaling-h,high,PA,subpeak generation,missing,missing,missing,missing,missing,missing,missing,missing,missing,MTC
2641,0.2843,0.396247,0.175323,0.181374,0.179083,0.184986,0.192572,0.196505,0.203859,s1-procureScaling-h,high,PA,trn_aviation_intl,missing,missing,missing,missing,missing,missing,missing,missing,missing,MTC
2642,0.374164,0.471105,0.3750294,0.3996128,0.4043498,0.4299728,0.45533,0.4768612,0.5129284000000001,s1-procureScaling-h,high,PA,trn_freight,missing,missing,missing,missing,missing,missing,missing,missing,missing,MTC
2643,4.01321,5.430732,5.18310977,5.41642421,5.04267678,4.687290014,4.577904899999999,4.16595363,3.84249636,s1-procureScaling-h,high,PA,trn_freight_road,missing,missing,missing,missing,missing,missing,missing,missing,missing,MTC
2644,1.0976672,1.5294396,0.7170217,0.7577780000000001,0.7189996999999999,0.7600757,0.7977751000000001,0.8054919,0.8474086000000001,s1-procureScaling-h,high,PA,trn_pass,missing,missing,missing,missing,missing,missing,missing,missing,missing,MTC
2645,0.153906,0.2246768,0.3161518,0.3242735999999999,0.2324831,0.1778392999999999,0.15680167,0.14886842,0.14452775,s1-procureScaling-h,high,PA,trn_pass_road,missing,missing,missing,missing,missing,missing,missing,missing,missing,MTC
2646,0.0303072,0.0371573,0.0317565,0.0291185,0.0264952,0.0253673,0.0245883,0.0234883,0.023196,s1-procureScaling-h,high,PA,trn_pass_road_LDV,missing,missing,missing,missing,missing,missing,missing,missing,missing,MTC
2647,8.610967330000001,10.55717295,9.34052226,8.27262449,6.212767080000002,4.683064150999999,3.4697932,3.0533201599999997,2.85040807,s1-procureScaling-h,high,PA,trn_pass_road_LDV_4W,missing,missing,missing,missing,missing,missing,missing,missing,missing,MTC
2648,0.947039,1.04737,0.127676,0.132315,0.121787,0.126077,0.1304,0.129305,0.134969,s1-procureScaling-h,high,PA,trn_shipping_intl,missing,missing,missing,missing,missing,missing,missing,missing,missing,MTC
2649,0.0,0.0,0.0,-0.002644969,-0.006320155,-0.0200088699999999,-0.04769631,-0.102613,-0.3378107,s1-procureScaling-h,high,RI,CDR_regional,missing,missing,missing,missing,missing,missing,missing,missing,missing,MTC
2650,0.01770801,0.212661133,0.1878273601,0.1717911173889999,0.11911100815,0.1002149472499999,0.08530233806,0.0377290304499999,0.04203941307,s1-procureScaling-h,high,RI,base load generation,missing,missing,missing,missing,missing,missing,missing,missing,missing,MTC
2651,0.0,1.70991e-05,0.000341177,0.000328332,0.000250116,0.000195411,0.000146684,9.34601e-05,4.14246e-05,s1-procureScaling-h,high,RI,biomass liquids,missing,missing,missing,missing,missing,missing,missing,missing,missing,MTC
2652,0.0,0.0,0.055501981,0.23055119,0.938770575,1.1670116439999996,1.212218345,1.5226648499999995,1.576540487,s1-procureScaling-h,high,RI,biorefining,missing,missing,missing,missing,missing,missing,missing,missing,missing,MTC
2653,0.0065910499999999,0.00823049,0.0050817649999999,0.005037145,0.0046639959999999,0.004449417,0.004388259,0.0040440609,0.0039853645,s1-procureScaling-h,high,RI,comm cooking,missing,missing,missing,missing,missing,missing,missing,missing,missing,MTC
2654,0.000881819,0.00351025,0.00355343,0.003476901,0.003354426,0.003289677,0.003276621,0.003104575,0.0031042594,s1-procureScaling-h,high,RI,comm cooling,missing,missing,missing,missing,missing,missing,missing,missing,missing,MTC
2655,0.18432579,0.2346018799999999,0.12632047,0.1237033299999999,0.115345263,0.10853385,0.1013725139999999,0.0807548219999999,0.076672403,s1-procureScaling-h,high,RI,comm heating,missing,missing,missing,missing,missing,missing,missing,missing,missing,MTC
2656,0.0698502,0.02267951,0.014032104,0.013817948,0.012959154,0.012379138,0.0121523133,0.010887896,0.0108948559,s1-procureScaling-h,high,RI,comm hot water,missing,missing,missing,missing,missing,missing,missing,missing,missing,MTC
2657,0.01200048,0.00860688,0.0658908,0.0663913,0.0646816,0.06475455,0.06573574,0.06231046,0.0635324199999999,s1-procureScaling-h,high,RI,comm other,missing,missing,missing,missing,missing,missing,missing,missing,missing,MTC
2658,0.1169678894,0.1108534939999999,0.1310531168,0.13379768186,0.1352464323999999,0.1400095439099999,0.1453553795099999,0.1445388921199999,0.1450526859599999,s1-procureScaling-h,high,RI,industrial energy use,missing,missing,missing,missing,missing,missing,missing,missing,missing,MTC
2659,0.14366762,0.34831614,0.4113485544999999,0.3952494327,0.3434425382899998,0.3127129831699998,0.2791724629400001,0.23831472288,0.2108791481800001,s1-procureScaling-h,high,RI,intermediate generation,missing,missing,missing,missing,missing,missing,missing,missing,missing,MTC
2660,0.000733963,0.0091245742,0.0058477199886,0.005176416999613,0.0030510475931499,0.0027280755778899,0.0023830679486099,0.00150017981201,0.0010815711201899,s1-procureScaling-h,high,RI,peak generation,missing,missing,missing,missing,missing,missing,missing,missing,missing,MTC
2661,-0.093338,-0.0192096,-0.160543,-0.452471,-2.70884,-3.44877,-3.60199,-4.63754,-4.90729,s1-procureScaling-h,high,RI,regional biomass,missing,missing,missing,missing,missing,missing,missing,missing,missing,MTC
2662,0.0,-0.000242531,-0.0177559,-0.0258782,-0.0460603,-0.0537252,-0.055105,-0.0725912,-0.0769033,s1-procureScaling-h,high,RI,regional biomassOil,missing,missing,missing,missing,missing,missing,missing,missing,missing,MTC
2663,0.0,0.0,-0.0162036,-0.0371995,-0.0994075,-0.123937,-0.130601,-0.185907,-0.20356,s1-procureScaling-h,high,RI,regional corn for ethanol,missing,missing,missing,missing,missing,missing,missing,missing,missing,MTC
2664,0.0031808,0.00419326,0.001832807,0.001826106,0.001775091,0.001717219,0.001779595,0.001757095,0.001726474,s1-procureScaling-h,high,RI,resid clothes dryers,missing,missing,missing,missing,missing,missing,missing,missing,missing,MTC
2665,0.0117439379999999,0.01376006,0.01011959,0.009756245,0.0090945889999999,0.0085874869999999,0.0080778533,0.0078732033,0.007650463,s1-procureScaling-h,high,RI,resid cooking,missing,missing,missing,missing,missing,missing,missing,missing,missing,MTC
2666,0.47212837,0.50783554,0.3766169899999999,0.36473185,0.34542079,0.32593515,0.30169761,0.268551157,0.236238916,s1-procureScaling-h,high,RI,resid heating,missing,missing,missing,missing,missing,missing,missing,missing,missing,MTC
2667,0.1198813099999999,0.12888254,0.1064095499999999,0.1032465309999999,0.098807687,0.09108605,0.0926340239999999,0.088558813,0.0846697729999999,s1-procureScaling-h,high,RI,resid hot water,missing,missing,missing,missing,missing,missing,missing,missing,missing,MTC
2668,0.0059600799999999,0.00571732,0.01112773,0.01106448,0.0112135,0.0121366899999999,0.0130371599999999,0.01177767,0.01209808,s1-procureScaling-h,high,RI,resid other,missing,missing,missing,missing,missing,missing,missing,missing,missing,MTC
2669,0.0152817293,0.0478762467,0.03624720617,0.0327014665872999,0.0210617788891,0.0190576827203,0.0170317592783999,0.0127348743151999,0.0100879016239999,s1-procureScaling-h,high,RI,subpeak generation,missing,missing,missing,missing,missing,missing,missing,missing,missing,MTC
2670,0.0182898,0.0194174,0.0150597,0.0153283,0.0152202,0.0159247,0.0168613,0.0174366,0.0183107,s1-procureScaling-h,high,RI,trn_aviation_intl,missing,missing,missing,missing,missing,missing,missing,missing,missing,MTC
2671,0.013860427,0.0141133,0.0145780967,0.0151563252,0.015718094,0.0168823148,0.0182115213,0.0194851945,0.0213095931,s1-procureScaling-h,high,RI,trn_freight,missing,missing,missing,missing,missing,missing,missing,missing,missing,MTC
2672,0.1997663,0.2137144,0.2195188898,0.2240879147999999,0.2086105018999999,0.1953227833,0.1947577551,0.1807833490999999,0.1705324941,s1-procureScaling-h,high,RI,trn_freight_road,missing,missing,missing,missing,missing,missing,missing,missing,missing,MTC
2673,0.070448018,0.074797117,0.0606834189999999,0.0630105919999999,0.059987359,0.064414667,0.068950282,0.070653004,0.075412013,s1-procureScaling-h,high,RI,trn_pass,missing,missing,missing,missing,missing,missing,missing,missing,missing,MTC
2674,0.0076616,0.0086269379999999,0.01575207,0.01653966,0.012213174,0.009495152,0.008335479,0.007870637,0.0076007409999999,s1-procureScaling-h,high,RI,trn_pass_road,missing,missing,missing,missing,missing,missing,missing,missing,missing,MTC
2675,0.00249506,0.00277339,0.00228982,0.0020233,0.00185862,0.00181518,0.00181598,0.00178616,0.00180564,s1-procureScaling-h,high,RI,trn_pass_road_LDV,missing,missing,missing,missing,missing,missing,missing,missing,missing,MTC
2676,0.708853392,0.7882373090000001,0.716433605,0.6349995930000001,0.478324233,0.3633985270999999,0.272744928,0.243137519,0.2292959339999999,s1-procureScaling-h,high,RI,trn_pass_road_LDV_4W,missing,missing,missing,missing,missing,missing,missing,missing,missing,MTC
2677,0.00580096,0.0,6.05734e-05,6.19314e-05,5.70993e-05,5.94121e-05,6.20192e-05,6.19514e-05,6.50871e-05,s1-procureScaling-h,high,RI,trn_shipping_intl,missing,missing,missing,missing,missing,missing,missing,missing,missing,MTC
2678,0.0,0.0,0.0,-0.04274531,-0.08367917,-0.1695837,-0.4539014999999999,-1.254297,-3.775386,s1-procureScaling-h,high,SC,CDR_regional,missing,missing,missing,missing,missing,missing,missing,missing,missing,MTC
2679,2.8497452999999995,5.8860248,5.572173599999999,5.8869466221,2.7967362319999998,2.480575014000001,2.670883403999999,1.9182669110000008,1.9948604688000005,s1-procureScaling-h,high,SC,base load generation,missing,missing,missing,missing,missing,missing,missing,missing,missing,MTC
2680,0.0,0.0,0.0601642529999999,0.241464446,1.078031649,1.352251545,1.4068009679999998,1.799964554,1.929006419,s1-procureScaling-h,high,SC,biorefining,missing,missing,missing,missing,missing,missing,missing,missing,missing,MTC
2681,0.225082,0.318105,0.235773,0.256301,0.0472197,0.0427243,0.0439901,0.03076216,0.03136701,s1-procureScaling-h,high,SC,cement,missing,missing,missing,missing,missing,missing,missing,missing,missing,MTC
2682,0.01642937,0.0358749,0.03240514,0.03272913,0.02988225,0.02805101,0.02710768,0.024113638,0.0231262599999999,s1-procureScaling-h,high,SC,comm cooking,missing,missing,missing,missing,missing,missing,missing,missing,missing,MTC
2683,0.0023714,0.00520997,0.001621205,0.001614403,0.001561718,0.0015315489999999,0.001522009,0.0014339902,0.0014160122,s1-procureScaling-h,high,SC,comm cooling,missing,missing,missing,missing,missing,missing,missing,missing,missing,MTC
2684,0.26089061,0.3270041,0.17941947,0.176006462,0.157835876,0.140084372,0.123029697,0.084481244,0.075927178,s1-procureScaling-h,high,SC,comm heating,missing,missing,missing,missing,missing,missing,missing,missing,missing,MTC
2685,0.0758606,0.07074649,0.08059848,0.08036983,0.07418118,0.068963649,0.065968068,0.0560338269999999,0.054450249,s1-procureScaling-h,high,SC,comm hot water,missing,missing,missing,missing,missing,missing,missing,missing,missing,MTC
2686,0.0564,0.0374677,0.1660018,0.1805344,0.198072,0.2306615,0.2537876,0.2451508999999999,0.2531522,s1-procureScaling-h,high,SC,comm other,missing,missing,missing,missing,missing,missing,missing,missing,missing,MTC
2687,4.3860611,3.7444951,3.5160938669999995,3.63678736,3.812679573350001,3.939981059969999,4.015877385140002,3.9295823352,3.9032259904600006,s1-procureScaling-h,high,SC,industrial energy use,missing,missing,missing,missing,missing,missing,missing,missing,missing,MTC
2688,3.3578335000000004,5.5902993,2.42546828,2.4225325628000007,1.829055883,1.7152342724999994,1.6815564560000007,1.3688504620000002,1.2987650800000003,s1-procureScaling-h,high,SC,intermediate generation,missing,missing,missing,missing,missing,missing,missing,missing,missing,MTC
2689,0.02970178349,0.0285873481,0.023300019811,0.02094977654582,0.0120995689412099,0.01029348387348,0.0089318023670699,0.0055129298519999,0.003952206938,s1-procureScaling-h,high,SC,peak generation,missing,missing,missing,missing,missing,missing,missing,missing,missing,MTC
2690,0.1808245299999999,0.25824882,0.18871814,0.2027460099999999,0.1342926099999999,0.13927803,0.1463209,0.14422112,0.14886326,s1-procureScaling-h,high,SC,process heat cement,missing,missing,missing,missing,missing,missing,missing,missing,missing,MTC
2691,-1.5994,-1.75943,-2.15824,-2.51495,-5.72706,-6.94773,-7.38033,-12.7557,-15.9354,s1-procureScaling-h,high,SC,regional biomass,missing,missing,missing,missing,missing,missing,missing,missing,missing,MTC
2692,0.0,0.0,-0.0141616,-0.0229115,-0.0478542,-0.0578771,-0.0603583,-0.083053,-0.0933236,s1-procureScaling-h,high,SC,regional biomassOil,missing,missing,missing,missing,missing,missing,missing,missing,missing,MTC
2693,0.0,0.0,-0.0198084,-0.0444411,-0.125045,-0.157339,-0.166097,-0.241954,-0.276733,s1-procureScaling-h,high,SC,regional corn for ethanol,missing,missing,missing,missing,missing,missing,missing,missing,missing,MTC
2694,0.00437076,0.00929248,0.00433596,0.0044005699999999,0.0042728309999999,0.004098826,0.004184774,0.004054319,0.003887615,s1-procureScaling-h,high,SC,resid clothes dryers,missing,missing,missing,missing,missing,missing,missing,missing,missing,MTC
2695,0.01719718,0.02922864,0.019879507,0.019012254,0.017164146,0.0154000467,0.0135852209999999,0.0127531566,0.0118435388,s1-procureScaling-h,high,SC,resid cooking,missing,missing,missing,missing,missing,missing,missing,missing,missing,MTC
2696,0.4818131,0.43939273,0.265800049,0.24594463,0.215637255,0.1792186909999999,0.142153266,0.106981068,0.0801783842,s1-procureScaling-h,high,SC,resid heating,missing,missing,missing,missing,missing,missing,missing,missing,missing,MTC
2697,0.10615853,0.18559918,0.127789863,0.122667862,0.116830908,0.1061921289999999,0.112348809,0.106376234,0.101978523,s1-procureScaling-h,high,SC,resid hot water,missing,missing,missing,missing,missing,missing,missing,missing,missing,MTC
2698,0.01138756,0.00654444,0.02027871,0.02095115,0.02253231,0.02377942,0.0254521799999999,0.02212245,0.02218353,s1-procureScaling-h,high,SC,resid other,missing,missing,missing,missing,missing,missing,missing,missing,missing,MTC
2699,0.2203528547999999,0.209422588,0.1630771718999999,0.1490001989445,0.0940283750707,0.0815320009509999,0.072244247887,0.050519509462,0.0406220531769999,s1-procureScaling-h,high,SC,subpeak generation,missing,missing,missing,missing,missing,missing,missing,missing,missing,MTC
2700,0.0669326,0.0378915,0.0516587,0.053764,0.0524901,0.0540172,0.0559164,0.0564533,0.0582757,s1-procureScaling-h,high,SC,trn_aviation_intl,missing,missing,missing,missing,missing,missing,missing,missing,missing,MTC
2701,0.12996804,0.1979765,0.329478,0.344661,0.31196,0.326361,0.340075,0.34064,0.362516,s1-procureScaling-h,high,SC,trn_freight,missing,missing,missing,missing,missing,missing,missing,missing,missing,MTC
2702,1.819405,2.419643,2.61506754,2.69231803,2.514592221,2.3084949099999994,2.224238631,2.0109275599999994,1.83274939,s1-procureScaling-h,high,SC,trn_freight_road,missing,missing,missing,missing,missing,missing,missing,missing,missing,MTC
2703,0.26089038,0.15160787,0.21489976,0.22786242,0.21164458,0.2233817,0.23322342,0.23232656,0.24393259,s1-procureScaling-h,high,SC,trn_pass,missing,missing,missing,missing,missing,missing,missing,missing,missing,MTC
2704,0.0697736,0.0940741599999999,0.14276455,0.1497648999999999,0.11080234,0.08617069,0.0763559799999999,0.07296799,0.07138928,s1-procureScaling-h,high,SC,trn_pass_road,missing,missing,missing,missing,missing,missing,missing,missing,missing,MTC
2705,0.0121421,0.0177536,0.018623,0.0165048,0.014598,0.0136936,0.0130269,0.0122486,0.0119031,s1-procureScaling-h,high,SC,trn_pass_road_LDV,missing,missing,missing,missing,missing,missing,missing,missing,missing,MTC
2706,3.4501392500000003,5.04439167,5.63254626,5.096698109999998,3.88792036,2.964267755,2.22542479,1.9424067999999997,1.8164414,s1-procureScaling-h,high,SC,trn_pass_road_LDV_4W,missing,missing,missing,missing,missing,missing,missing,missing,missing,MTC
2707,0.0852206,0.355642,0.641012,0.658036,0.598123,0.613832,0.629377,0.617116,0.637702,s1-procureScaling-h,high,SC,trn_shipping_intl,missing,missing,missing,missing,missing,missing,missing,missing,missing,MTC
2708,0.0,0.0,0.0,-0.0236947819999999,-0.04527358,-0.0476052,-0.1370369,-0.4575019999999999,-1.835213,s1-procureScaling-h,high,SD,CDR_regional,missing,missing,missing,missing,missing,missing,missing,missing,missing,MTC
2709,0.4494969353999999,0.5108762780000001,0.2631004356299999,0.2660889090403999,0.074360578112,0.064869760998,0.060107369891,0.024401878204,0.0239509375649999,s1-procureScaling-h,high,SD,base load generation,missing,missing,missing,missing,missing,missing,missing,missing,missing,MTC
2710,0.0,0.157926,0.417484,0.401662,0.307492,0.240259,0.180356,0.114929,0.0509401,s1-procureScaling-h,high,SD,biomass liquids,missing,missing,missing,missing,missing,missing,missing,missing,missing,MTC
2711,0.0,0.0,0.060046032,0.241279431,1.066762932,1.33714361,1.3910687459999995,1.7786598239999996,1.879183167,s1-procureScaling-h,high,SD,biorefining,missing,missing,missing,missing,missing,missing,missing,missing,missing,MTC
2712,0.0421617,0.0595865,0.0417537,0.0451855,0.00834057,0.0075680899999999,0.00782704,0.00545923,0.00558996,s1-procureScaling-h,high,SD,cement,missing,missing,missing,missing,missing,missing,missing,missing,missing,MTC
2713,0.00561729,0.0052793,0.004535651,0.004432041,0.003887175,0.003419165,0.0031020389999999,0.0025709786,0.0023857644,s1-procureScaling-h,high,SD,comm cooking,missing,missing,missing,missing,missing,missing,missing,missing,missing,MTC
2714,1.98801e-05,0.000769624,6.71948e-05,6.636046e-05,6.350903e-05,6.165545e-05,6.052272e-05,5.638027e-05,5.5512360000000005e-05,s1-procureScaling-h,high,SD,comm cooling,missing,missing,missing,missing,missing,missing,missing,missing,missing,MTC
2715,0.11334505,0.14147866,0.12284117,0.120124129,0.107953444,0.097290297,0.0872345159999999,0.063068029,0.057977494,s1-procureScaling-h,high,SD,comm heating,missing,missing,missing,missing,missing,missing,missing,missing,missing,MTC
2716,0.0443782,0.01474178,0.0209053459999999,0.020663347,0.018880952,0.0174313709999999,0.0164219886,0.0138036645999999,0.0133651631,s1-procureScaling-h,high,SD,comm hot water,missing,missing,missing,missing,missing,missing,missing,missing,missing,MTC
2717,0.01376802,0.0087319,0.02169568,0.02464028,0.02971497,0.0387072,0.04377938,0.04275561,0.04409519,s1-procureScaling-h,high,SD,comm other,missing,missing,missing,missing,missing,missing,missing,missing,missing,MTC
2718,0.0,0.0,0.0,0.0,0.0,0.0,0.0,1.77003e-06,1.830473e-05,s1-procureScaling-h,high,SD,gas to liquids,missing,missing,missing,missing,missing,missing,missing,missing,missing,MTC
2719,0.4251576999999999,0.2385447,0.3842907420000001,0.3948910882999998,0.3930235465690001,0.4010052041560001,0.4071110798730001,0.398200452871,0.3927955196914,s1-procureScaling-h,high,SD,industrial energy use,missing,missing,missing,missing,missing,missing,missing,missing,missing,MTC
2720,0.36991253978,0.3873475795,0.2469297425199999,0.2461437937199999,0.1584722611499999,0.13902360434,0.1367398437999999,0.085352565,0.06366540802,s1-procureScaling-h,high,SD,intermediate generation,missing,missing,missing,missing,missing,missing,missing,missing,missing,MTC
2721,0.00480780094,0.0063740048,0.0075478281469999,0.0067015510149999,0.00390602885257,0.0033843539888,0.00272963502717,0.0021319931335999,0.0015339597970999,s1-procureScaling-h,high,SD,peak generation,missing,missing,missing,missing,missing,missing,missing,missing,missing,MTC
2722,0.033871535,0.0483742989999999,0.033415157,0.035738758,0.022739388,0.0237084919999999,0.02505105,0.02494712,0.0258985019999999,s1-procureScaling-h,high,SD,process heat cement,missing,missing,missing,missing,missing,missing,missing,missing,missing,MTC
2723,-0.0439643,-0.0385251,-0.152338,-0.454046,-3.19003,-4.09865,-4.28394,-5.63306,-6.08306,s1-procureScaling-h,high,SD,regional biomass,missing,missing,missing,missing,missing,missing,missing,missing,missing,MTC
2724,0.0,0.0,-0.0141163,-0.0228503,-0.0474829,-0.057375,-0.059828,-0.0822203,-0.090574,s1-procureScaling-h,high,SD,regional biomassOil,missing,missing,missing,missing,missing,missing,missing,missing,missing,MTC
2725,0.0,-0.685481,-1.8318,-1.78771,-1.45889,-1.19899,-0.947698,-0.73869,-0.490384,s1-procureScaling-h,high,SD,regional corn for ethanol,missing,missing,missing,missing,missing,missing,missing,missing,missing,MTC
2726,0.00089602,0.00175796,0.0003265444,0.0003278789,0.00031411950000000003,0.0002963368,0.0002997868,0.0002892028,0.0002769122,s1-procureScaling-h,high,SD,resid clothes dryers,missing,missing,missing,missing,missing,missing,missing,missing,missing,MTC
2727,0.00469184,0.005999781,0.0018829851,0.0017625514,0.0015362413,0.0013354527,0.00111534479,0.00104144376,0.00096573912,s1-procureScaling-h,high,SD,resid cooking,missing,missing,missing,missing,missing,missing,missing,missing,missing,MTC
2728,0.31378559,0.2283317801,0.198584298,0.1857681229999999,0.165434295,0.1412112529999999,0.115312596,0.089598766,0.0688982062999999,s1-procureScaling-h,high,SD,resid heating,missing,missing,missing,missing,missing,missing,missing,missing,missing,MTC
2729,0.04714323,0.05669639,0.033749035,0.032073536,0.029602718,0.0256060638,0.0258372268,0.0239434882999999,0.0222279509999999,s1-procureScaling-h,high,SD,resid hot water,missing,missing,missing,missing,missing,missing,missing,missing,missing,MTC
2730,0.00583718,0.00352604,0.002066305,0.002088732,0.002148716,0.0023139479999999,0.002398239,0.002126146,0.002129997,s1-procureScaling-h,high,SD,resid other,missing,missing,missing,missing,missing,missing,missing,missing,missing,MTC
2731,0.0342468863,0.0393765249999999,0.009703187925,0.00970647621253,0.0062185500116,0.00567130985649,0.0053602346165899,0.0117241823,0.0099794167707499,s1-procureScaling-h,high,SD,subpeak generation,missing,missing,missing,missing,missing,missing,missing,missing,missing,MTC
2732,0.024737,0.0234541,0.019717,0.0203009,0.0198518,0.0203281,0.021019,0.0212463,0.0218904,s1-procureScaling-h,high,SD,trn_aviation_intl,missing,missing,missing,missing,missing,missing,missing,missing,missing,MTC
2733,0.02689181981,0.0421752,0.0517625,0.054035,0.0550417,0.0579207,0.0609132,0.063782,0.0695265,s1-procureScaling-h,high,SD,trn_freight,missing,missing,missing,missing,missing,missing,missing,missing,missing,MTC
2734,0.407171,0.6386582000000001,0.7803324019999999,0.7981042859999999,0.7289812380000001,0.663966921,0.6412585760000001,0.5794620840000001,0.5382168319999999,s1-procureScaling-h,high,SD,trn_freight_road,missing,missing,missing,missing,missing,missing,missing,missing,missing,MTC
2735,0.09567299,0.09142177,0.0805242599999999,0.0843581599999999,0.07893484,0.082836,0.08640721,0.08644226,0.0904691099999999,s1-procureScaling-h,high,SD,trn_pass,missing,missing,missing,missing,missing,missing,missing,missing,missing,MTC
2736,0.0156152,0.0274328,0.05065039,0.0530804199999999,0.0392986,0.03032876,0.0265626,0.02505362,0.02416515,s1-procureScaling-h,high,SD,trn_pass_road,missing,missing,missing,missing,missing,missing,missing,missing,missing,MTC
2737,0.00241666,0.00288706,0.00281484,0.00244847,0.00217587,0.00206033,0.00197973,0.0018868,0.00185232,s1-procureScaling-h,high,SD,trn_pass_road_LDV,missing,missing,missing,missing,missing,missing,missing,missing,missing,MTC
2738,0.6866377140000001,0.820315905,0.918897725,0.8162705299999999,0.61292418,0.4595847946000001,0.3379149879999999,0.2945499419999999,0.273670029,s1-procureScaling-h,high,SD,trn_pass_road_LDV_4W,missing,missing,missing,missing,missing,missing,missing,missing,missing,MTC
2739,2.74779e-05,0.0,0.0,0.0,0.0,0.0,0.0,0.0,0.0,s1-procureScaling-h,high,SD,trn_shipping_intl,missing,missing,missing,missing,missing,missing,missing,missing,missing,MTC
2740,0.0,0.0,0.0,-0.06589129,-0.11942617,-0.1356464,-0.382235,-1.158741,-3.51243,s1-procureScaling-h,high,TN,CDR_regional,missing,missing,missing,missing,missing,missing,missing,missing,missing,MTC
2741,6.147195173000001,8.493323858999998,5.376514463099998,5.186645069240003,1.888426070387,1.439417416568,1.4784773190369995,1.082079211137999,1.1275046850127994,s1-procureScaling-h,high,TN,base load generation,missing,missing,missing,missing,missing,missing,missing,missing,missing,MTC
2742,0.0,0.0236532889999999,0.09217486,0.08868035,0.06787852,0.05303708,0.0398134,0.025370425,0.011244974,s1-procureScaling-h,high,TN,biomass liquids,missing,missing,missing,missing,missing,missing,missing,missing,missing,MTC
2743,0.0,0.0,0.059003757,0.238724409,1.0750277620000002,1.348780055,1.403060696,1.815170758,2.022897367,s1-procureScaling-h,high,TN,biorefining,missing,missing,missing,missing,missing,missing,missing,missing,missing,MTC
2744,0.211325,0.298662,0.226737,0.257984,0.0490136,0.0448205,0.0468516,0.03326482,0.0344092,s1-procureScaling-h,high,TN,cement,missing,missing,missing,missing,missing,missing,missing,missing,missing,MTC
2745,0.0,0.0,0.0,0.0,0.0,0.0,0.0,1.68913e-05,0.00018073044,s1-procureScaling-h,high,TN,coal to liquids,missing,missing,missing,missing,missing,missing,missing,missing,missing,MTC
2746,0.027236,0.0551049,0.05855778,0.06009431,0.05608949,0.05263918,0.05090781,0.0452556769999999,0.0431125059999999,s1-procureScaling-h,high,TN,comm cooking,missing,missing,missing,missing,missing,missing,missing,missing,missing,MTC
2747,2.556e-05,0.00160318,0.000896811,0.000912896,0.000905608,0.000898198,0.0009033221,0.0008591682000000001,0.0008516469,s1-procureScaling-h,high,TN,comm cooling,missing,missing,missing,missing,missing,missing,missing,missing,missing,MTC
2748,0.8950813,0.6978816,0.47711078,0.47659535,0.4371935700000001,0.3949134399999999,0.3547734299999999,0.2559982029999999,0.233336542,s1-procureScaling-h,high,TN,comm heating,missing,missing,missing,missing,missing,missing,missing,missing,missing,MTC
2749,0.19686183,0.14288057,0.2106285,0.2157372499999999,0.2069664399999999,0.19813488,0.194184907,0.172087203,0.169371337,s1-procureScaling-h,high,TN,comm hot water,missing,missing,missing,missing,missing,missing,missing,missing,missing,MTC
2750,0.0356526,0.0361263,0.1556296,0.1831086,0.2305209999999999,0.3020859,0.3502295,0.3442248,0.3595828,s1-procureScaling-h,high,TN,comm other,missing,missing,missing,missing,missing,missing,missing,missing,missing,MTC
2751,0.0,0.0,0.0,0.0,0.0,0.0,0.0,7.08011e-06,7.321913e-05,s1-procureScaling-h,high,TN,gas to liquids,missing,missing,missing,missing,missing,missing,missing,missing,missing,MTC
2752,4.8805351,4.424858,4.237834494,4.412167579000002,4.498529908000001,4.612309098100001,4.7141330334,4.624344396450001,4.577188786409999,s1-procureScaling-h,high,TN,industrial energy use,missing,missing,missing,missing,missing,missing,missing,missing,missing,MTC
2753,7.125170335699999,7.419630625,1.662533799371,1.6635392834809997,1.146727640087,1.0458412712599996,1.0236161103209005,0.8945226778018998,0.8884446509574999,s1-procureScaling-h,high,TN,intermediate generation,missing,missing,missing,missing,missing,missing,missing,missing,missing,MTC
2754,0.209026,0.457983,0.4887055,0.4765403,0.3817023,0.3337171,0.3095587999999999,0.26551547,0.22432999,s1-procureScaling-h,high,TN,oil refining,missing,missing,missing,missing,missing,missing,missing,missing,missing,MTC
2755,0.0562457624399999,0.0035324393999999,0.0116696732149999,0.01049296333901,0.00605958208553,0.0051532244582799,0.00447009339079,0.0027571128083,0.001974476622,s1-procureScaling-h,high,TN,peak generation,missing,missing,missing,missing,missing,missing,missing,missing,missing,MTC
2756,0.16977255,0.24246423,0.18148574,0.20407706,0.1399248,0.14660683,0.15635364,0.15620392,0.16353864,s1-procureScaling-h,high,TN,process heat cement,missing,missing,missing,missing,missing,missing,missing,missing,missing,MTC
2757,-1.20507,-1.52015,-1.53431,-1.88316,-4.83683,-5.94901,-6.32428,-10.0208,-12.4617,s1-procureScaling-h,high,TN,regional biomass,missing,missing,missing,missing,missing,missing,missing,missing,missing,MTC
2758,0.0,-0.00169764,-0.0477202,-0.0550797,-0.0721125,-0.0766347,-0.0742583,-0.0924484,-0.102661,s1-procureScaling-h,high,TN,regional biomassOil,missing,missing,missing,missing,missing,missing,missing,missing,missing,MTC
2759,0.0,-0.102148,-0.408617,-0.417559,-0.407845,-0.376378,-0.328929,-0.344236,-0.332318,s1-procureScaling-h,high,TN,regional corn for ethanol,missing,missing,missing,missing,missing,missing,missing,missing,missing,MTC
2760,0.0056232,0.00912066,0.01097713,0.01140802,0.01136881,0.0110806,0.01143369,0.01115821,0.01079394,s1-procureScaling-h,high,TN,resid clothes dryers,missing,missing,missing,missing,missing,missing,missing,missing,missing,MTC
2761,0.02114655,0.02882164,0.045387615,0.044271683,0.041211311,0.0380697011,0.0348384750999999,0.033116107,0.0311171025999999,s1-procureScaling-h,high,TN,resid cooking,missing,missing,missing,missing,missing,missing,missing,missing,missing,MTC
2762,1.0428306199999997,1.06817926,0.7636107999999999,0.708896648,0.6262014520000002,0.5257702320000001,0.4231413139999998,0.3238984989999999,0.2474998219999999,s1-procureScaling-h,high,TN,resid heating,missing,missing,missing,missing,missing,missing,missing,missing,missing,MTC
2763,0.155345448,0.29579429,0.189408637,0.182787544,0.1759797849999999,0.161605089,0.172427518,0.1643296319999999,0.158563343,s1-procureScaling-h,high,TN,resid hot water,missing,missing,missing,missing,missing,missing,missing,missing,missing,MTC
2764,0.01171096,0.00705992,0.0442278599999999,0.04597874,0.05003143,0.05301722,0.05714755,0.0502745599999999,0.05052581,s1-procureScaling-h,high,TN,resid other,missing,missing,missing,missing,missing,missing,missing,missing,missing,MTC
2765,0.4224665588,0.032595314,0.0815446881,0.0744709975086,0.0469341497747999,0.0406355044238,0.0359330494119999,0.0249677311009999,0.019935044894,s1-procureScaling-h,high,TN,subpeak generation,missing,missing,missing,missing,missing,missing,missing,missing,missing,MTC
2766,0.0984853,0.327706,0.290498,0.309835,0.31003,0.319318,0.33277,0.33884,0.35176,s1-procureScaling-h,high,TN,trn_aviation_intl,missing,missing,missing,missing,missing,missing,missing,missing,missing,MTC
2767,0.2270580351,0.27401973,0.25493766,0.27825808,0.291287259,0.30808743,0.32668031,0.343697494,0.3702512699999999,s1-procureScaling-h,high,TN,trn_freight,missing,missing,missing,missing,missing,missing,missing,missing,missing,MTC
2768,3.436939,4.127852,3.80850236,4.0634886,3.8284390900000007,3.56110615,3.475236769999999,3.1632717100000005,2.9342909200000005,s1-procureScaling-h,high,TN,trn_freight_road,missing,missing,missing,missing,missing,missing,missing,missing,missing,MTC
2769,0.38601636,1.2638486000000002,1.1778671,1.2857846,1.2340105,1.3011768,1.367907,1.377426,1.4518521,s1-procureScaling-h,high,TN,trn_pass,missing,missing,missing,missing,missing,missing,missing,missing,missing,MTC
2770,0.131805,0.1631393,0.20465765,0.21024722,0.1509482099999999,0.11468823,0.1005361899999999,0.09537051,0.0924492699999999,s1-procureScaling-h,high,TN,trn_pass_road,missing,missing,missing,missing,missing,missing,missing,missing,missing,MTC
2771,0.0163482,0.0222869,0.0224664,0.0214449,0.0201035,0.0191134,0.0186027,0.0178134,0.0176615,s1-procureScaling-h,high,TN,trn_pass_road_LDV,missing,missing,missing,missing,missing,missing,missing,missing,missing,MTC
2772,4.64484709,6.3324321900000005,6.5289763800000005,5.9073713,4.508571810000001,3.431476757000001,2.5699215199999994,2.2408644900000003,2.08813624,s1-procureScaling-h,high,TN,trn_pass_road_LDV_4W,missing,missing,missing,missing,missing,missing,missing,missing,missing,MTC
2773,0.000836827,0.0133268,0.00462118,0.00484734,0.00448258,0.00462529,0.00478411,0.0047315,0.00493729,s1-procureScaling-h,high,TN,trn_shipping_intl,missing,missing,missing,missing,missing,missing,missing,missing,missing,MTC
2774,0.0,0.0,0.0,-0.7944077,-1.7125809,-2.041351,-5.547024,-16.25529,-58.1976,s1-procureScaling-h,high,TX,CDR_regional,missing,missing,missing,missing,missing,missing,missing,missing,missing,MTC
2775,0.434903,0.2898,0.3001464,0.3131225,0.27768757,0.23630325,0.19810558,0.14968708,0.12133448,s1-procureScaling-h,high,TX,N fertilizer,missing,missing,missing,missing,missing,missing,missing,missing,missing,MTC
2776,32.19895911,42.314492500000014,38.783238023,39.5100032603,14.245302978,11.442436194,10.659847787000004,5.591744212299997,6.1074656942,s1-procureScaling-h,high,TX,base load generation,missing,missing,missing,missing,missing,missing,missing,missing,missing,MTC
2777,0.0,0.00338562,0.2150794999999999,0.2069473,0.1580811,0.1235109,0.0927142,0.0590758,0.02618429,s1-procureScaling-h,high,TX,biomass liquids,missing,missing,missing,missing,missing,missing,missing,missing,missing,MTC
2778,0.0,0.0,0.06369308,0.249809295,1.1297222420000002,1.4763220899999996,1.5802752479999995,2.5819797060000007,3.521208708999999,s1-procureScaling-h,high,TX,biorefining,missing,missing,missing,missing,missing,missing,missing,missing,missing,MTC
2779,1.08227,1.52955,1.13936,1.30308,0.2335894,0.215675,0.226009,0.1637109,0.1701903,s1-procureScaling-h,high,TX,cement,missing,missing,missing,missing,missing,missing,missing,missing,missing,MTC
2780,0.0,0.0,0.0,0.0,0.0,0.0,0.0,0.001251325,0.013388912,s1-procureScaling-h,high,TX,coal to liquids,missing,missing,missing,missing,missing,missing,missing,missing,missing,MTC
2781,0.1403327,0.356933,0.2047176,0.2107786,0.1938607,0.1817615,0.1746455199999999,0.15478814,0.1479765,s1-procureScaling-h,high,TX,comm cooking,missing,missing,missing,missing,missing,missing,missing,missing,missing,MTC
2782,0.00214278,0.0218126,0.0739423999999999,0.076371,0.0763568,0.0769258999999999,0.0778355199999999,0.07553862,0.0751944,s1-procureScaling-h,high,TX,comm cooling,missing,missing,missing,missing,missing,missing,missing,missing,missing,MTC
2783,1.96682,1.5551707600000002,0.99270267,0.99459673,0.89915072,0.8085748499999998,0.7224857720000001,0.5197719860000001,0.4738035379999999,s1-procureScaling-h,high,TX,comm heating,missing,missing,missing,missing,missing,missing,missing,missing,missing,MTC
2784,0.6362080999999999,0.5425224000000001,0.4614889,0.46999596,0.43907604,0.41362641,0.3998642999999999,0.3495240389999999,0.344340304,s1-procureScaling-h,high,TX,comm hot water,missing,missing,missing,missing,missing,missing,missing,missing,missing,MTC
2785,0.2666958,0.276284,1.336293,1.455224,1.5679059999999998,1.793522,1.958257,1.929465,1.995155,s1-procureScaling-h,high,TX,comm other,missing,missing,missing,missing,missing,missing,missing,missing,missing,MTC
2786,0.0,0.0,0.0,0.0,0.0,0.0,0.0,0.0177003,0.1830473,s1-procureScaling-h,high,TX,gas to liquids,missing,missing,missing,missing,missing,missing,missing,missing,missing,MTC
2787,42.970313,37.164743,40.73647312000001,43.19235221,43.460421116800006,45.1413988063,46.8649369629,46.36791890560001,47.22808790860001,s1-procureScaling-h,high,TX,industrial energy use,missing,missing,missing,missing,missing,missing,missing,missing,missing,MTC
2788,2.54362,2.03219,3.63081,3.69312,1.94669,1.80852,1.85825,1.47572,1.45843,s1-procureScaling-h,high,TX,industrial feedstocks,missing,missing,missing,missing,missing,missing,missing,missing,missing,MTC
2789,15.2722814,19.754107,16.388346649999995,16.465757645,10.804358248000003,9.492508347000005,9.032258809000004,7.619495340999999,7.120061980000002,s1-procureScaling-h,high,TX,intermediate generation,missing,missing,missing,missing,missing,missing,missing,missing,missing,MTC
2790,13.5023,10.7917,13.91201,13.56825,10.871086,9.505403,8.81576,7.555962,6.362435,s1-procureScaling-h,high,TX,oil refining,missing,missing,missing,missing,missing,missing,missing,missing,missing,MTC
2791,0.194472362,0.2237105799999999,0.19721895414,0.17753648048772,0.08717849456084,0.0684154376677999,0.0577213451796999,0.0364191395646999,0.0252207928153,s1-procureScaling-h,high,TX,peak generation,missing,missing,missing,missing,missing,missing,missing,missing,missing,MTC
2792,0.86946518,1.2417431,0.91212102,1.0312502,0.680051,0.7200791,0.7694152,0.7749079,0.8146159,s1-procureScaling-h,high,TX,process heat cement,missing,missing,missing,missing,missing,missing,missing,missing,missing,MTC
2793,-2.12199,-1.90565,-1.82321,-2.25741,-6.02529,-7.81137,-8.68578,-24.077,-38.5804,s1-procureScaling-h,high,TX,regional biomass,missing,missing,missing,missing,missing,missing,missing,missing,missing,MTC
2794,0.0,-0.0480211,-0.97325,-0.946249,-0.752933,-0.611647,-0.479289,-0.381596,-0.295715,s1-procureScaling-h,high,TX,regional biomassOil,missing,missing,missing,missing,missing,missing,missing,missing,missing,MTC
2795,0.0,0.0,-0.662937,-0.666035,-0.612782,-0.552527,-0.477042,-0.557578,-0.647513,s1-procureScaling-h,high,TX,regional corn for ethanol,missing,missing,missing,missing,missing,missing,missing,missing,missing,MTC
2796,0.0540381,0.0889957,0.0378974,0.041562,0.0427262,0.04299715,0.04461477,0.04412926,0.04359255,s1-procureScaling-h,high,TX,resid clothes dryers,missing,missing,missing,missing,missing,missing,missing,missing,missing,MTC
2797,0.18976297,0.280022,0.1682654499999999,0.17095632,0.16341808,0.1545413379999999,0.1445015799999999,0.139453639,0.133942957,s1-procureScaling-h,high,TX,resid cooking,missing,missing,missing,missing,missing,missing,missing,missing,missing,MTC
2798,2.46455486,1.48661843,1.6515744200000002,1.5603661900000003,1.3861629100000004,1.1685229600000002,0.94489398,0.727511902,0.5623721979999999,s1-procureScaling-h,high,TX,resid heating,missing,missing,missing,missing,missing,missing,missing,missing,missing,MTC
2799,0.9645928,1.6087678,1.00692802,1.03087259,1.01958861,0.964375326,1.0118192389999998,0.97625765,0.94895958,s1-procureScaling-h,high,TX,resid hot water,missing,missing,missing,missing,missing,missing,missing,missing,missing,MTC
2800,0.0721289,0.0630787,0.1816918,0.1956671999999999,0.2097021,0.2263556,0.2456459,0.227284,0.2327311,s1-procureScaling-h,high,TX,resid other,missing,missing,missing,missing,missing,missing,missing,missing,missing,MTC
2801,1.3822652000000002,1.6104086,0.7262752845,0.6685263496089998,0.3620084379740001,0.292637506791,0.2550829498740001,0.218098404084,0.167282809368,s1-procureScaling-h,high,TX,subpeak generation,missing,missing,missing,missing,missing,missing,missing,missing,missing,MTC
2802,2.26116,1.89296,1.91401,2.04646,2.04871,2.11541,2.20296,2.24788,2.33316,s1-procureScaling-h,high,TX,trn_aviation_intl,missing,missing,missing,missing,missing,missing,missing,missing,missing,MTC
2803,1.047003,1.518093,3.20337,3.49839,3.18654,3.39027,3.59229,3.63495,3.97464,s1-procureScaling-h,high,TX,trn_freight,missing,missing,missing,missing,missing,missing,missing,missing,missing,MTC
2804,8.19866,14.67305,20.7074364,22.1719724,21.386533050000004,19.97662385,19.47733518,17.868096880000003,16.60787409,s1-procureScaling-h,high,TX,trn_freight_road,missing,missing,missing,missing,missing,missing,missing,missing,missing,MTC
2805,8.663328100000001,7.2746578,7.6774824,8.3733033,8.0483485,8.4899416,8.9030941,8.9839067,9.4451549,s1-procureScaling-h,high,TX,trn_pass,missing,missing,missing,missing,missing,missing,missing,missing,missing,MTC
2806,0.314412,0.6060747999999999,1.1943427999999998,1.2413152,0.9111359,0.7022693999999999,0.6217198,0.594856,0.5816131999999999,s1-procureScaling-h,high,TX,trn_pass_road,missing,missing,missing,missing,missing,missing,missing,missing,missing,MTC
2807,0.0570543,0.0830478,0.0901981,0.085262,0.0788319,0.0752645,0.07281,0.069697,0.068837,s1-procureScaling-h,high,TX,trn_pass_road_LDV,missing,missing,missing,missing,missing,missing,missing,missing,missing,MTC
2808,16.2105162,23.5957842,27.6913436,25.0648611,19.09792754,14.511018189999998,10.835510579999996,9.44853,8.83544791,s1-procureScaling-h,high,TX,trn_pass_road_LDV_4W,missing,missing,missing,missing,missing,missing,missing,missing,missing,MTC
2809,4.38692,5.11345,7.49835,7.87687,7.27037,7.52719,7.78806,7.71147,8.05577,s1-procureScaling-h,high,TX,trn_shipping_intl,missing,missing,missing,missing,missing,missing,missing,missing,missing,MTC
2810,0.0,0.0,0.0,-0.03795522,-0.0835882699999999,-0.0994515,-0.2921783,-0.875362,-2.402778,s1-procureScaling-h,high,UT,CDR_regional,missing,missing,missing,missing,missing,missing,missing,missing,missing,MTC
2811,3.065167,3.65541428,1.7504321678,1.82698685754,0.4336870502,0.3391699191,0.3368520658900001,0.2919355654500001,0.3395682212189999,s1-procureScaling-h,high,UT,base load generation,missing,missing,missing,missing,missing,missing,missing,missing,missing,MTC
2812,0.0,8.54956e-05,0.00170589,0.00164167,0.00125058,0.000977054,0.000733422,0.000467301,0.000207123,s1-procureScaling-h,high,UT,biomass liquids,missing,missing,missing,missing,missing,missing,missing,missing,missing,MTC
2813,0.0,0.0,0.0592521499999999,0.239305501,1.0830197759999995,1.3593157299999998,1.4142102410000004,1.80867553,1.948073601,s1-procureScaling-h,high,UT,biorefining,missing,missing,missing,missing,missing,missing,missing,missing,missing,MTC
2814,0.102437,0.144772,0.116379,0.13735,0.02660192,0.0246764,0.0259186,0.0184621799999999,0.01917946,s1-procureScaling-h,high,UT,cement,missing,missing,missing,missing,missing,missing,missing,missing,missing,MTC
2815,0.0,0.0,0.0,0.0,0.0,0.0,0.0,0.000613146,0.00653677,s1-procureScaling-h,high,UT,coal to liquids,missing,missing,missing,missing,missing,missing,missing,missing,missing,MTC
2816,0.00915213,0.0288119999999999,0.05493318,0.0618156899999999,0.06189471,0.06230909,0.06326429,0.06006674,0.05921596,s1-procureScaling-h,high,UT,comm cooking,missing,missing,missing,missing,missing,missing,missing,missing,missing,MTC
2817,1.42e-06,0.000559478,0.000527623,0.0005711550000000001,0.000578155,0.000574172,0.0005698260000000001,0.0005338332,0.0005236339,s1-procureScaling-h,high,UT,comm cooling,missing,missing,missing,missing,missing,missing,missing,missing,missing,MTC
2818,0.56892325,0.45856369,0.3627571999999999,0.3927737199999999,0.37941322,0.36288419,0.3451842299999999,0.2853513009999999,0.269307312,s1-procureScaling-h,high,UT,comm heating,missing,missing,missing,missing,missing,missing,missing,missing,missing,MTC
2819,0.06573516,0.07159016,0.10193304,0.11185716,0.1110856899999999,0.10854951,0.1069337309999999,0.0967465,0.0953731939999999,s1-procureScaling-h,high,UT,comm hot water,missing,missing,missing,missing,missing,missing,missing,missing,missing,MTC
2820,0.01622212,0.03106858,0.1148574,0.1359169,0.1509222,0.1796851,0.201651,0.2009013,0.2105712,s1-procureScaling-h,high,UT,comm other,missing,missing,missing,missing,missing,missing,missing,missing,missing,MTC
2821,0.0,0.0,0.0,0.0,0.0,0.0,0.0,0.000709781,0.007340215,s1-procureScaling-h,high,UT,gas to liquids,missing,missing,missing,missing,missing,missing,missing,missing,missing,MTC
2822,1.96635784,1.39206789,1.3391845235,1.4214724218,1.412908730985,1.434425404769,1.4579820152400005,1.423735534196,1.394947892979001,s1-procureScaling-h,high,UT,industrial energy use,missing,missing,missing,missing,missing,missing,missing,missing,missing,MTC
2823,4.555337283999999,6.712904741000001,6.655067480000001,6.791621731000001,4.003634417,3.275499621000001,3.070110768,2.1866508819999995,2.267828264,s1-procureScaling-h,high,UT,intermediate generation,missing,missing,missing,missing,missing,missing,missing,missing,missing,MTC
2824,0.538299,0.425804,0.4655741,0.4539702,0.3639329,0.3182313,0.2952348999999999,0.25327516,0.21459407,s1-procureScaling-h,high,UT,oil refining,missing,missing,missing,missing,missing,missing,missing,missing,missing,MTC
2825,0.1229963513,0.0060419699999999,0.01383244267,0.01242648646822,0.00678099801714,0.0052585494600999,0.0041170048544799,0.00210404630249,0.0013572156611099,s1-procureScaling-h,high,UT,peak generation,missing,missing,missing,missing,missing,missing,missing,missing,missing,MTC
2826,0.082294835,0.11753092,0.093106289,0.10858228,0.07373435,0.07842067,0.08409102,0.0846379999999999,0.08911031,s1-procureScaling-h,high,UT,process heat cement,missing,missing,missing,missing,missing,missing,missing,missing,missing,MTC
2827,-0.0677306,-0.0836852,-0.197638,-0.507053,-3.39731,-4.38888,-4.62427,-6.84443,-8.14649,s1-procureScaling-h,high,UT,regional biomass,missing,missing,missing,missing,missing,missing,missing,missing,missing,MTC
2828,0.0,-0.00121266,-0.0380954,-0.0458348,-0.0652747,-0.0714286,-0.0704605,-0.0893366,-0.0965878,s1-procureScaling-h,high,UT,regional biomassOil,missing,missing,missing,missing,missing,missing,missing,missing,missing,MTC
2829,0.0,0.0,-0.0190852,-0.0429873,-0.123405,-0.155665,-0.164448,-0.240009,-0.276676,s1-procureScaling-h,high,UT,regional corn for ethanol,missing,missing,missing,missing,missing,missing,missing,missing,missing,MTC
2830,0.00379992,0.0122901,0.00365137,0.0039003199999999,0.00385174,0.0036359219999999,0.003638032,0.003497192,0.003377866,s1-procureScaling-h,high,UT,resid clothes dryers,missing,missing,missing,missing,missing,missing,missing,missing,missing,MTC
2831,0.013198797,0.037376569,0.0154415229999999,0.0153857350999999,0.0140609684,0.0125787482,0.0109161774,0.0101887851999999,0.0094925436,s1-procureScaling-h,high,UT,resid cooking,missing,missing,missing,missing,missing,missing,missing,missing,missing,MTC
2832,0.6547013399999999,0.6163278899999999,0.6322170120000001,0.6197003059999998,0.5714664380000001,0.5079297169999999,0.4389026769999999,0.3629522087999999,0.3010679602,s1-procureScaling-h,high,UT,resid heating,missing,missing,missing,missing,missing,missing,missing,missing,missing,MTC
2833,0.139207727,0.240684818,0.220627587,0.22895186,0.2244935269999999,0.2096914195999999,0.2139057224,0.2058089709999999,0.1992223689999999,s1-procureScaling-h,high,UT,resid hot water,missing,missing,missing,missing,missing,missing,missing,missing,missing,MTC
2834,0.0046388,0.00244412,0.01537672,0.01644505,0.0162077399999999,0.0170451,0.01811558,0.01623043,0.01628029,s1-procureScaling-h,high,UT,resid other,missing,missing,missing,missing,missing,missing,missing,missing,missing,MTC
2835,0.865315472,0.043910039,0.0788020628,0.0724580353246,0.0449273188869,0.0363153655456999,0.0300104184036999,0.019568882078,0.0150378702683,s1-procureScaling-h,high,UT,subpeak generation,missing,missing,missing,missing,missing,missing,missing,missing,missing,MTC
2836,0.124039,0.17412,0.159278,0.17571,0.178166,0.185346,0.193956,0.198532,0.206884,s1-procureScaling-h,high,UT,trn_aviation_intl,missing,missing,missing,missing,missing,missing,missing,missing,missing,MTC
2837,0.058716611,0.0926483,0.113933,0.12777,0.13511,0.144442,0.153197,0.160073,0.171075,s1-procureScaling-h,high,UT,trn_freight,missing,missing,missing,missing,missing,missing,missing,missing,missing,MTC
2838,0.875042,1.4029919999999998,1.71379662,1.876535084,1.77465361,1.645378066,1.578584334,1.4047357459999998,1.2634441479999998,s1-procureScaling-h,high,UT,trn_freight_road,missing,missing,missing,missing,missing,missing,missing,missing,missing,MTC
2839,0.47644364,0.6693012700000001,0.64540718,0.7291023,0.71039297,0.75755375,0.8000601199999999,0.81101231,0.8581142,s1-procureScaling-h,high,UT,trn_pass,missing,missing,missing,missing,missing,missing,missing,missing,missing,MTC
2840,0.0335565,0.05864369,0.10319326,0.10823783,0.07998643,0.06171481,0.05421364,0.05153068,0.05010337,s1-procureScaling-h,high,UT,trn_pass_road,missing,missing,missing,missing,missing,missing,missing,missing,missing,MTC
2841,0.00471567,0.00733614,0.00836043,0.00821501,0.00769747,0.00742682,0.00723671,0.00695906,0.00691326,s1-procureScaling-h,high,UT,trn_pass_road_LDV,missing,missing,missing,missing,missing,missing,missing,missing,missing,MTC
2842,1.33991182,2.08463772,2.40490438,2.209311871,1.696133233,1.291132586,0.96435406,0.8318022300000001,0.774627351,s1-procureScaling-h,high,UT,trn_pass_road_LDV_4W,missing,missing,missing,missing,missing,missing,missing,missing,missing,MTC
2843,0.00809411,0.0,0.0,0.0,0.0,0.0,0.0,0.0,0.0,s1-procureScaling-h,high,UT,trn_shipping_intl,missing,missing,missing,missing,missing,missing,missing,missing,missing,MTC
2844,0.0,0.0,0.0,-0.001801469,-0.003929445,-0.01040937,-0.03281569,-0.1079025999999999,-0.3296311,s1-procureScaling-h,high,VT,CDR_regional,missing,missing,missing,missing,missing,missing,missing,missing,missing,MTC
2845,0.01407385965,0.07564024237,0.02627491199,0.0252926007842,0.048898068019,0.0530226569129999,0.046783194918,0.0428009815302,0.0533836564585999,s1-procureScaling-h,high,VT,base load generation,missing,missing,missing,missing,missing,missing,missing,missing,missing,MTC
2846,0.0,0.0,0.055501981,0.23055119,0.943218255,1.1729296079999998,1.2184029950000006,1.5309290870000003,1.585319892000001,s1-procureScaling-h,high,VT,biorefining,missing,missing,missing,missing,missing,missing,missing,missing,missing,MTC
2847,0.001083563,0.00118904,0.0017511899,0.0017187715,0.0015551531,0.0014196354999999,0.0013391403999999,0.0011729258,0.0011149219,s1-procureScaling-h,high,VT,comm cooking,missing,missing,missing,missing,missing,missing,missing,missing,missing,MTC
2848,6.67423e-05,0.00023716,0.0005678503000000001,0.0005544998,0.0005279771,0.0005062398,0.0004923999,0.0004542054,0.0004443728,s1-procureScaling-h,high,VT,comm cooling,missing,missing,missing,missing,missing,missing,missing,missing,missing,MTC
2849,0.11953938,0.175841745,0.1843674099999999,0.18197156,0.1754891999999999,0.17045794,0.16210905,0.138723069,0.130508933,s1-procureScaling-h,high,VT,comm heating,missing,missing,missing,missing,missing,missing,missing,missing,missing,MTC
2850,0.02419418,0.00735455,0.007111617,0.006963326,0.006414028,0.0058107149,0.0052839386999999,0.0042613325,0.0040138787,s1-procureScaling-h,high,VT,comm hot water,missing,missing,missing,missing,missing,missing,missing,missing,missing,MTC
2851,0.0032451,0.00294564,0.0408619,0.0413858,0.040402,0.0413093999999999,0.0421272,0.0400073,0.0405186,s1-procureScaling-h,high,VT,comm other,missing,missing,missing,missing,missing,missing,missing,missing,missing,MTC
2852,0.129893723,0.13802908,0.0624915619,0.0631735226999999,0.0637647426,0.0649943028,0.0659791164,0.06474173034,0.0637082982199999,s1-procureScaling-h,high,VT,industrial energy use,missing,missing,missing,missing,missing,missing,missing,missing,missing,MTC
2853,0.022077199,0.0766862454099999,0.07649615366,0.08550452379,0.10283187625,0.10875310191,0.11232547748,0.119269130632,0.121520401396,s1-procureScaling-h,high,VT,intermediate generation,missing,missing,missing,missing,missing,missing,missing,missing,missing,MTC
2854,1.487762e-05,2.8401865e-06,2.125341411e-06,1.931444746e-06,1.4565561450000004e-06,1.2567100149999996e-06,1.0343790039999996e-06,7.091869110000002e-07,5.08410444e-07,s1-procureScaling-h,high,VT,peak generation,missing,missing,missing,missing,missing,missing,missing,missing,missing,MTC
2855,-0.118114,-0.31438,-0.506239,-0.789748,-3.10075,-3.87426,-4.03657,-5.1255,-5.43327,s1-procureScaling-h,high,VT,regional biomass,missing,missing,missing,missing,missing,missing,missing,missing,missing,MTC
2856,0.0,0.0,-0.0129167,-0.0212212,-0.0426214,-0.0511063,-0.053188,-0.0715284,-0.0766175,s1-procureScaling-h,high,VT,regional biomassOil,missing,missing,missing,missing,missing,missing,missing,missing,missing,MTC
2857,0.0,0.0,-0.0162036,-0.0371995,-0.099725,-0.124381,-0.131076,-0.186667,-0.204417,s1-procureScaling-h,high,VT,regional corn for ethanol,missing,missing,missing,missing,missing,missing,missing,missing,missing,MTC
2858,0.00025134,0.00042884,0.0002332858,0.0002311233,0.0002204649,0.0002057361,0.0002075033,0.0001996439,0.0001907465,s1-procureScaling-h,high,VT,resid clothes dryers,missing,missing,missing,missing,missing,missing,missing,missing,missing,MTC
2859,0.00138083,0.00195484,0.0024077208,0.0022575365,0.0019937407,0.0017686525,0.00154048172,0.0014587524,0.0013810785999999,s1-procureScaling-h,high,VT,resid cooking,missing,missing,missing,missing,missing,missing,missing,missing,missing,MTC
2860,0.330190415,0.4407275141999999,0.4876487109999999,0.471433913,0.4540390080000001,0.437973119,0.414959293,0.3805184539999999,0.342738538,s1-procureScaling-h,high,VT,resid heating,missing,missing,missing,missing,missing,missing,missing,missing,missing,MTC
2861,0.028823524,0.045045559,0.0257996309999999,0.0237561949999999,0.0208556939999999,0.0159962301999999,0.0151983971999999,0.013131029,0.011070284,s1-procureScaling-h,high,VT,resid hot water,missing,missing,missing,missing,missing,missing,missing,missing,missing,MTC
2862,0.00183698,0.00322224,0.003042668,0.003007132,0.002951202,0.0031656099999999,0.003339,0.0029328009999999,0.00298571,s1-procureScaling-h,high,VT,resid other,missing,missing,missing,missing,missing,missing,missing,missing,missing,MTC
2863,0.00091108352,0.000164759256,2.422836300000001e-05,3.9678992232e-05,6.705758817400002e-05,7.072160381e-05,9.292527633e-05,0.00016219204448000008,0.00017529893169999998,s1-procureScaling-h,high,VT,subpeak generation,missing,missing,missing,missing,missing,missing,missing,missing,missing,MTC
2864,0.00417764,0.00995623,0.00592832,0.00607009,0.00595979,0.00611375,0.00635227,0.00644793,0.00664286,s1-procureScaling-h,high,VT,trn_aviation_intl,missing,missing,missing,missing,missing,missing,missing,missing,missing,MTC
2865,0.0119829173,0.0139271,0.0168668,0.0176852,0.0182118,0.0192516,0.0204582,0.0215957,0.0232321,s1-procureScaling-h,high,VT,trn_freight,missing,missing,missing,missing,missing,missing,missing,missing,missing,MTC
2866,0.1805189999999999,0.2109005,0.253859064,0.2612847416,0.2419903636,0.2236722656,0.2193803622,0.2008635460999999,0.1866180266,s1-procureScaling-h,high,VT,trn_freight_road,missing,missing,missing,missing,missing,missing,missing,missing,missing,MTC
2867,0.01647774,0.038637277,0.024491673,0.02561185,0.024118025,0.025383848,0.026652901,0.0268071249999999,0.028067573,s1-procureScaling-h,high,VT,trn_pass,missing,missing,missing,missing,missing,missing,missing,missing,missing,MTC
2868,0.00692272,0.00809402998,0.0135174141,0.0137453150999999,0.009654776,0.00718473,0.0061707709999999,0.005750707,0.005476669,s1-procureScaling-h,high,VT,trn_pass_road,missing,missing,missing,missing,missing,missing,missing,missing,missing,MTC
2869,0.00188748,0.00248919,0.0019932,0.00179123,0.00163168,0.00156105,0.00153185,0.00147921,0.00146697,s1-procureScaling-h,high,VT,trn_pass_road_LDV,missing,missing,missing,missing,missing,missing,missing,missing,missing,MTC
2870,0.5361397269999999,0.707350433,0.5964737800000001,0.5289658500000001,0.396497356,0.2968802278999999,0.217776517,0.189545444,0.174725133,s1-procureScaling-h,high,VT,trn_pass_road_LDV_4W,missing,missing,missing,missing,missing,missing,missing,missing,missing,MTC
2871,0.000538941,0.0,0.0,0.0,0.0,0.0,0.0,0.0,0.0,s1-procureScaling-h,high,VT,trn_shipping_intl,missing,missing,missing,missing,missing,missing,missing,missing,missing,MTC
2872,0.0,0.0,0.0,-0.06397282,-0.1267366,-0.2758751,-0.7568697,-2.127464,-6.175656,s1-procureScaling-h,high,VA,CDR_regional,missing,missing,missing,missing,missing,missing,missing,missing,missing,MTC
2873,2.9473603,5.6340658,2.80523046,2.9297626145999995,1.6542578010000006,1.5056497960000017,1.5800895869999998,1.2485014815999995,1.3244784500999998,s1-procureScaling-h,high,VA,base load generation,missing,missing,missing,missing,missing,missing,missing,missing,missing,MTC
2874,0.0,7.6946e-05,0.02098996,0.02019446,0.01545379,0.012074825,0.009064212,0.005775979,0.002560096,s1-procureScaling-h,high,VA,biomass liquids,missing,missing,missing,missing,missing,missing,missing,missing,missing,MTC
2875,0.0,0.0,0.0601642529999999,0.241464446,1.078031649,1.352251545,1.4068009679999998,1.799964554,1.9783927889999997,s1-procureScaling-h,high,VA,biorefining,missing,missing,missing,missing,missing,missing,missing,missing,missing,MTC
2876,0.260444,0.368081,0.271851,0.303715,0.0564435,0.0512086999999999,0.0528759,0.03707418,0.03789686,s1-procureScaling-h,high,VA,cement,missing,missing,missing,missing,missing,missing,missing,missing,missing,MTC
2877,0.0,0.0,0.0,0.0,0.0,0.0,0.0,0.000522599,0.005591436,s1-procureScaling-h,high,VA,coal to liquids,missing,missing,missing,missing,missing,missing,missing,missing,missing,MTC
2878,0.0328843,0.0736469,0.0689454,0.06949147,0.0636767499999999,0.05952009,0.05728964,0.0508366919999999,0.04863134,s1-procureScaling-h,high,VA,comm cooking,missing,missing,missing,missing,missing,missing,missing,missing,missing,MTC
2879,0.0032234,0.0072775,0.002402372,0.002387218,0.002311303,0.0022631419999999,0.002246649,0.0021120877,0.0020864187,s1-procureScaling-h,high,VA,comm cooling,missing,missing,missing,missing,missing,missing,missing,missing,missing,MTC
2880,1.149667,1.3004986,0.8185253,0.8017327000000001,0.73810414,0.68005078,0.61956442,0.46543727,0.42882273,s1-procureScaling-h,high,VA,comm heating,missing,missing,missing,missing,missing,missing,missing,missing,missing,MTC
2881,0.1500046,0.1461512999999999,0.16941651,0.1678671299999999,0.1550682799999999,0.1436266,0.1370245109999999,0.115962399,0.1126689729999999,s1-procureScaling-h,high,VA,comm hot water,missing,missing,missing,missing,missing,missing,missing,missing,missing,MTC
2882,0.1115369,0.0801493,0.335893,0.365839,0.409547,0.489622,0.545636,0.529622,0.548658,s1-procureScaling-h,high,VA,comm other,missing,missing,missing,missing,missing,missing,missing,missing,missing,MTC
2883,0.0,0.0,0.0,0.0,0.0,0.0,0.0,0.000249574,0.002580972,s1-procureScaling-h,high,VA,gas to liquids,missing,missing,missing,missing,missing,missing,missing,missing,missing,MTC
2884,5.869945,4.940788199999999,3.950441954,4.105980096,4.2284138707,4.3714536268,4.4881979028000005,4.378171521400001,4.3452465702900005,s1-procureScaling-h,high,VA,industrial energy use,missing,missing,missing,missing,missing,missing,missing,missing,missing,MTC
2885,3.6368985,6.175626799999999,3.35184754,3.2691946789999995,2.707408814,2.485347888,2.28633602,1.9234211919999995,1.7613649189999994,s1-procureScaling-h,high,VA,intermediate generation,missing,missing,missing,missing,missing,missing,missing,missing,missing,MTC
2886,0.197557,0.0,0.0,0.0,0.0,0.0,0.0,0.0,0.0,s1-procureScaling-h,high,VA,oil refining,missing,missing,missing,missing,missing,missing,missing,missing,missing,MTC
2887,0.031265633,0.0424064899999999,0.042689919,0.0383724086426199,0.02215682096058,0.0188397496492999,0.0163328888188999,0.0100690505494999,0.0071967296497,s1-procureScaling-h,high,VA,peak generation,missing,missing,missing,missing,missing,missing,missing,missing,missing,MTC
2888,0.20923361,0.29882079,0.21759599,0.2402526699999999,0.16052498,0.16693625,0.17587624,0.17381365,0.17985298,s1-procureScaling-h,high,VA,process heat cement,missing,missing,missing,missing,missing,missing,missing,missing,missing,MTC
2889,-2.03375,-2.66563,-2.16114,-2.48365,-5.73128,-6.91954,-7.28531,-11.6469,-14.357,s1-procureScaling-h,high,VA,regional biomass,missing,missing,missing,missing,missing,missing,missing,missing,missing,MTC
2890,0.0,-0.00109139,-0.0359375,-0.0438675,-0.063818,-0.0703493,-0.0697205,-0.0890182,-0.0992178,s1-procureScaling-h,high,VA,regional biomassOil,missing,missing,missing,missing,missing,missing,missing,missing,missing,MTC
2891,0.0,0.0,-0.104252,-0.125682,-0.187237,-0.205933,-0.202576,-0.2652,-0.296169,s1-procureScaling-h,high,VA,regional corn for ethanol,missing,missing,missing,missing,missing,missing,missing,missing,missing,MTC
2892,0.00864922,0.0200206,0.0090022,0.00911106,0.00885323,0.008484,0.0086664599999999,0.0083994799999999,0.0080679899999999,s1-procureScaling-h,high,VA,resid clothes dryers,missing,missing,missing,missing,missing,missing,missing,missing,missing,MTC
2893,0.03399935,0.06429836,0.045482113,0.043302108,0.03935188,0.035746107,0.0320400616,0.030407351,0.028584506,s1-procureScaling-h,high,VA,resid cooking,missing,missing,missing,missing,missing,missing,missing,missing,missing,MTC
2894,1.5315227,1.9119908,1.2249745,1.1341888699999998,1.00247348,0.8451301300000003,0.68190305,0.5229242709999999,0.398174974,s1-procureScaling-h,high,VA,resid heating,missing,missing,missing,missing,missing,missing,missing,missing,missing,MTC
2895,0.20970153,0.43330903,0.27744788,0.262251057,0.246356717,0.218186806,0.227774484,0.214037559,0.20286867,s1-procureScaling-h,high,VA,resid hot water,missing,missing,missing,missing,missing,missing,missing,missing,missing,MTC
2896,0.02242212,0.0205036,0.047735,0.0484891,0.051518,0.0545583999999999,0.0584138,0.0513059,0.0517617,s1-procureScaling-h,high,VA,resid other,missing,missing,missing,missing,missing,missing,missing,missing,missing,MTC
2897,0.27039669,0.4480300999999999,0.298272836,0.272103288133,0.1713199414019999,0.148162029285,0.1307517774269999,0.0907997208639999,0.07219592667,s1-procureScaling-h,high,VA,subpeak generation,missing,missing,missing,missing,missing,missing,missing,missing,missing,MTC
2898,0.36923,0.443788,0.264988,0.277286,0.272381,0.278494,0.287193,0.289752,0.297603,s1-procureScaling-h,high,VA,trn_aviation_intl,missing,missing,missing,missing,missing,missing,missing,missing,missing,MTC
2899,0.2562497,0.3100062,0.2641187,0.2838745,0.2842062999999999,0.2981297,0.3115366,0.3211253,0.3402857999999999,s1-procureScaling-h,high,VA,trn_freight,missing,missing,missing,missing,missing,missing,missing,missing,missing,MTC
2900,2.8990080000000003,3.979773,3.60512974,3.7936150299999993,3.50770765,3.224410814,3.10783482,2.79338888,2.5502133,s1-procureScaling-h,high,VA,trn_freight_road,missing,missing,missing,missing,missing,missing,missing,missing,missing,MTC
2901,1.41905723,1.7070031,1.0690716,1.1418758,1.0749026,1.1224675,1.1650948,1.1606203,1.2077444000000002,s1-procureScaling-h,high,VA,trn_pass,missing,missing,missing,missing,missing,missing,missing,missing,missing,MTC
2902,0.111176,0.15532749,0.1973435999999999,0.20242792,0.14581452,0.11178115,0.0993444499999999,0.0953334899999999,0.09361093,s1-procureScaling-h,high,VA,trn_pass_road,missing,missing,missing,missing,missing,missing,missing,missing,missing,MTC
2903,0.0198486,0.0285235,0.0262647,0.0244281,0.0219088,0.0204689,0.0193845,0.0180795,0.0174237,s1-procureScaling-h,high,VA,trn_pass_road_LDV,missing,missing,missing,missing,missing,missing,missing,missing,missing,MTC
2904,5.63941555,8.104002190000001,7.84209577,7.030538770000001,5.317022870000001,4.020967583999999,2.98623003,2.605119459999999,2.425366219999999,s1-procureScaling-h,high,VA,trn_pass_road_LDV_4W,missing,missing,missing,missing,missing,missing,missing,missing,missing,MTC
2905,0.562343,0.439475,0.0999118,0.103969,0.0949391,0.0975383,0.100122,0.0982759,0.101655,s1-procureScaling-h,high,VA,trn_shipping_intl,missing,missing,missing,missing,missing,missing,missing,missing,missing,MTC
2906,0.0,0.0,0.0,-0.04742619,-0.10918085,-0.2073025,-0.6000136,-1.875606,-5.951819,s1-procureScaling-h,high,WA,CDR_regional,missing,missing,missing,missing,missing,missing,missing,missing,missing,MTC
2907,0.8286754,1.24568,0.6412141489700001,0.7844979135100001,0.753861575061,0.7063914386380002,0.7267635733239994,0.6910013504473003,0.8060451276125997,s1-procureScaling-h,high,WA,base load generation,missing,missing,missing,missing,missing,missing,missing,missing,missing,MTC
2908,0.0,0.001050894,0.0177412,0.0170733,0.013006,0.0101614,0.00762759,0.00485993,0.00215408,s1-procureScaling-h,high,WA,biomass liquids,missing,missing,missing,missing,missing,missing,missing,missing,missing,MTC
2909,0.0,0.0,0.0592521499999999,0.239305501,1.0796524360000002,1.354865192,1.4095711810000002,1.802608534,1.9496025059999995,s1-procureScaling-h,high,WA,biorefining,missing,missing,missing,missing,missing,missing,missing,missing,missing,MTC
2910,0.206666,0.292078,0.245914,0.297816,0.0574343,0.0526981,0.0549205,0.0388695,0.0401555,s1-procureScaling-h,high,WA,cement,missing,missing,missing,missing,missing,missing,missing,missing,missing,MTC
2911,0.0400803,0.0721468,0.05051916,0.05386375,0.05075599,0.0473073799999999,0.04462501,0.038838971,0.036019297,s1-procureScaling-h,high,WA,comm cooking,missing,missing,missing,missing,missing,missing,missing,missing,missing,MTC
2912,0.000593561,0.00386951,0.002289709,0.002401266,0.002346844,0.002259422,0.0021784309999999,0.001980648,0.0019114244,s1-procureScaling-h,high,WA,comm cooling,missing,missing,missing,missing,missing,missing,missing,missing,missing,MTC
2913,0.6467201,0.5847763,0.4671953,0.48446585,0.45703839,0.42324214,0.3853243299999999,0.29666965,0.2692805299999999,s1-procureScaling-h,high,WA,comm heating,missing,missing,missing,missing,missing,missing,missing,missing,missing,MTC
2914,0.1218297999999999,0.1584132999999999,0.13633487,0.14330768,0.13575008,0.12620793,0.11937902,0.1025573619999999,0.09902091,s1-procureScaling-h,high,WA,comm hot water,missing,missing,missing,missing,missing,missing,missing,missing,missing,MTC
2915,0.0573188,0.0578484,0.393583,0.441028,0.457745,0.508696,0.5478620000000001,0.535506,0.551707,s1-procureScaling-h,high,WA,comm other,missing,missing,missing,missing,missing,missing,missing,missing,missing,MTC
2916,3.642624,2.415849,2.8998731997,3.052903476,3.144825882777999,3.235979187809,3.300831806829999,3.2711917019447,3.249890516525201,s1-procureScaling-h,high,WA,industrial energy use,missing,missing,missing,missing,missing,missing,missing,missing,missing,MTC
2917,1.2061936599999998,2.7886319362999994,1.864874037,1.0996671190000002,0.984112312,0.8930991609,0.8020727507999998,0.6450104559000002,0.5905288274000001,s1-procureScaling-h,high,WA,intermediate generation,missing,missing,missing,missing,missing,missing,missing,missing,missing,MTC
2918,1.72842,1.58734,1.629599,1.588987,1.273833,1.1138736,1.0333803,0.8865147,0.7511218,s1-procureScaling-h,high,WA,oil refining,missing,missing,missing,missing,missing,missing,missing,missing,missing,MTC
2919,0.0311060833679999,0.0318343446999999,0.024449620074,0.0219584487798099,0.0119662894030799,0.00927823063615,0.0072563459737199,0.00369854624477,0.0023640324112899,s1-procureScaling-h,high,WA,peak generation,missing,missing,missing,missing,missing,missing,missing,missing,missing,MTC
2920,0.1660302599999999,0.23711831,0.19673722,0.23543924,0.15861494,0.16692244,0.17761094,0.1779054099999999,0.18629118,s1-procureScaling-h,high,WA,process heat cement,missing,missing,missing,missing,missing,missing,missing,missing,missing,MTC
2921,-2.09378,-1.95124,-2.42701,-2.8293,-5.87087,-6.94404,-7.20431,-10.5813,-12.6868,s1-procureScaling-h,high,WA,regional biomass,missing,missing,missing,missing,missing,missing,missing,missing,missing,MTC
2922,0.0,-0.0126121,-0.265538,-0.264715,-0.23193,-0.201582,-0.168123,-0.151449,-0.124504,s1-procureScaling-h,high,WA,regional biomassOil,missing,missing,missing,missing,missing,missing,missing,missing,missing,MTC
2923,0.0,-0.000701889,-0.0190852,-0.0429873,-0.123139,-0.155295,-0.164054,-0.239395,-0.277448,s1-procureScaling-h,high,WA,regional corn for ethanol,missing,missing,missing,missing,missing,missing,missing,missing,missing,MTC
2924,0.00486634,0.0123654,0.00522537,0.0057314199999999,0.00567702,0.00533548,0.005291105,0.00505696,0.004867131,s1-procureScaling-h,high,WA,resid clothes dryers,missing,missing,missing,missing,missing,missing,missing,missing,missing,MTC
2925,0.0180034,0.03953452,0.024900442,0.024915424,0.022492445,0.019793633,0.016757744,0.0155110969,0.0144041189,s1-procureScaling-h,high,WA,resid cooking,missing,missing,missing,missing,missing,missing,missing,missing,missing,MTC
2926,0.9835222999999998,1.21651962,1.09304743,1.0402744600000002,0.93582792,0.8023951099999999,0.6579479920000001,0.5146192329999998,0.3993488739999999,s1-procureScaling-h,high,WA,resid heating,missing,missing,missing,missing,missing,missing,missing,missing,missing,MTC
2927,0.12073354,0.27046909,0.34306106,0.3449218699999999,0.319267264,0.269848929,0.2740861890000001,0.255612005,0.24196367,s1-procureScaling-h,high,WA,resid hot water,missing,missing,missing,missing,missing,missing,missing,missing,missing,MTC
2928,0.00924106,0.0117874,0.02686321,0.02932115,0.0287545,0.03042181,0.0323693699999999,0.0290860199999999,0.0293661699999999,s1-procureScaling-h,high,WA,resid other,missing,missing,missing,missing,missing,missing,missing,missing,missing,MTC
2929,0.2190343685699999,0.22295585006,0.1376874993,0.1258765803738001,0.0769288277762999,0.061789693467,0.0503853913189999,0.0315090505429999,0.0233716397359999,s1-procureScaling-h,high,WA,subpeak generation,missing,missing,missing,missing,missing,missing,missing,missing,missing,MTC
2930,0.525609,0.435205,0.486721,0.536166,0.538683,0.551196,0.569707,0.57859,0.596005,s1-procureScaling-h,high,WA,trn_aviation_intl,missing,missing,missing,missing,missing,missing,missing,missing,missing,MTC
2931,0.410825,0.370723,1.1351330000000002,1.302114,1.157517,1.224435,1.288276,1.269855,1.363787,s1-procureScaling-h,high,WA,trn_freight,missing,missing,missing,missing,missing,missing,missing,missing,missing,MTC
2932,2.009291,2.736135,3.2759999900000003,3.68375284,3.66636936,3.4155095490000003,3.2651133800000007,2.93645508,2.62129788,s1-procureScaling-h,high,WA,trn_freight_road,missing,missing,missing,missing,missing,missing,missing,missing,missing,MTC
2933,2.01410038,1.67070858,1.96429799,2.21163665,2.14352102,2.2342991,2.3219608,2.3333161,2.4286624000000003,s1-procureScaling-h,high,WA,trn_pass,missing,missing,missing,missing,missing,missing,missing,missing,missing,MTC
2934,0.0770558,0.1094786099999999,0.16771914,0.17147215,0.12283105,0.09352489,0.08284447,0.07949744,0.07794343,s1-procureScaling-h,high,WA,trn_pass_road,missing,missing,missing,missing,missing,missing,missing,missing,missing,MTC
2935,0.015076,0.0194566,0.0211608,0.021477,0.0196898,0.0184363,0.0174981,0.0164241,0.0159116,s1-procureScaling-h,high,WA,trn_pass_road_LDV,missing,missing,missing,missing,missing,missing,missing,missing,missing,MTC
2936,4.28356992,5.5279210800000005,5.75123676,5.237208709999998,3.98180692,2.996625077,2.20276225,1.8795902200000003,1.7367293900000005,s1-procureScaling-h,high,WA,trn_pass_road_LDV_4W,missing,missing,missing,missing,missing,missing,missing,missing,missing,MTC
2937,2.41336,1.76959,3.586,3.86761,3.60486,3.7226,3.84187,3.80457,3.96244,s1-procureScaling-h,high,WA,trn_shipping_intl,missing,missing,missing,missing,missing,missing,missing,missing,missing,MTC
2938,0.0,0.0,0.0,-0.0627132599999999,-0.1162976,-0.1649108,-0.43089,-1.044688,-1.964489,s1-procureScaling-h,high,WV,CDR_regional,missing,missing,missing,missing,missing,missing,missing,missing,missing,MTC
2939,12.42587291511,15.367012350899998,12.191765917999996,12.3312108589,3.6587384000000007,2.6443811250000007,2.5606328339,0.9682154659100002,1.05020712355,s1-procureScaling-h,high,WV,base load generation,missing,missing,missing,missing,missing,missing,missing,missing,missing,MTC
2940,0.0,0.0,0.059020361,0.2387954109999999,1.1033214030000005,1.386181686,1.442080042,1.8586323740000004,2.069160937,s1-procureScaling-h,high,WV,biorefining,missing,missing,missing,missing,missing,missing,missing,missing,missing,MTC
2941,0.0585828,0.0827942,0.059539,0.0653659,0.0116862099999999,0.01053474,0.01077009,0.0075493999999999,0.00764254,s1-procureScaling-h,high,WV,cement,missing,missing,missing,missing,missing,missing,missing,missing,missing,MTC
2942,0.0,0.0,0.0,0.0,0.0,0.0,0.0,0.00493488,0.05289363,s1-procureScaling-h,high,WV,coal to liquids,missing,missing,missing,missing,missing,missing,missing,missing,missing,MTC
2943,0.0146134599999999,0.0225083599999999,0.0187883849999999,0.018468981,0.0169308359999999,0.01595311,0.015443021,0.0139435639999999,0.013471276,s1-procureScaling-h,high,WV,comm cooking,missing,missing,missing,missing,missing,missing,missing,missing,missing,MTC
2944,0.000820754,0.00131492,0.0003809161,0.0003625051,0.000339404,0.000322048,0.0003105561,0.0002812921,0.00027429621,s1-procureScaling-h,high,WV,comm cooling,missing,missing,missing,missing,missing,missing,missing,missing,missing,MTC
2945,0.55384726,0.4013791,0.25922721,0.247865,0.2258248899999999,0.20753529,0.18978169,0.1439452749999999,0.133849557,s1-procureScaling-h,high,WV,comm heating,missing,missing,missing,missing,missing,missing,missing,missing,missing,MTC
2946,0.05525678,0.04094973,0.04340876,0.041792406,0.038393157,0.035774699,0.0342644782,0.0295117502,0.0287309820999999,s1-procureScaling-h,high,WV,comm hot water,missing,missing,missing,missing,missing,missing,missing,missing,missing,MTC
2947,0.04119634,0.01137474,0.0684194,0.0701724,0.0746071,0.0849146,0.0916189,0.087667,0.0891762,s1-procureScaling-h,high,WV,comm other,missing,missing,missing,missing,missing,missing,missing,missing,missing,MTC
2948,0.0,0.0,0.0,0.0,0.0,0.0,0.0,0.00396309,0.04098437,s1-procureScaling-h,high,WV,gas to liquids,missing,missing,missing,missing,missing,missing,missing,missing,missing,MTC
2949,4.29801211,2.1228203,2.2818280530000004,2.3048089114999994,2.2047999573999992,2.2619849755000008,2.3067467354699995,2.254581801875,2.195783460471,s1-procureScaling-h,high,WV,industrial energy use,missing,missing,missing,missing,missing,missing,missing,missing,missing,MTC
2950,7.46907952105,9.3298386857,5.856818516999997,5.994736826999999,4.2344422046000005,3.9925592338999993,4.060599091699999,2.3503311242000007,2.049852011,s1-procureScaling-h,high,WV,intermediate generation,missing,missing,missing,missing,missing,missing,missing,missing,missing,MTC
2951,0.0435527,0.0508777,0.05733308,0.05590444,0.04477872,0.03914509,0.03631751,0.03115949,0.0263764099999999,s1-procureScaling-h,high,WV,oil refining,missing,missing,missing,missing,missing,missing,missing,missing,missing,MTC
2952,0.0769488733,0.0039556732,0.00757807041,0.00685239376364,0.0028896047097899,0.0031751210685099,0.00286629423798,0.0020531881631899,0.00151449377481,s1-procureScaling-h,high,WV,peak generation,missing,missing,missing,missing,missing,missing,missing,missing,missing,MTC
2953,0.047063887,0.067215162,0.047644077,0.051689868,0.0334109499999999,0.0344076799999999,0.03589982,0.035229655,0.036141814,s1-procureScaling-h,high,WV,process heat cement,missing,missing,missing,missing,missing,missing,missing,missing,missing,MTC
2954,-0.101894,-0.302991,-0.319775,-0.607517,-3.67385,-4.73281,-5.00462,-8.94121,-11.7114,s1-procureScaling-h,high,WV,regional biomass,missing,missing,missing,missing,missing,missing,missing,missing,missing,MTC
2955,0.0,0.0,-0.013849,-0.0224861,-0.047978,-0.0582057,-0.0607333,-0.084429,-0.100033,s1-procureScaling-h,high,WV,regional biomassOil,missing,missing,missing,missing,missing,missing,missing,missing,missing,MTC
2956,0.0,0.0,-0.0189102,-0.0426595,-0.123128,-0.155258,-0.163939,-0.241163,-0.289781,s1-procureScaling-h,high,WV,regional corn for ethanol,missing,missing,missing,missing,missing,missing,missing,missing,missing,MTC
2957,0.00454684,0.00573538,0.002049434,0.00198327,0.001869758,0.001736053,0.00175434,0.0016795809999999,0.001585257,s1-procureScaling-h,high,WV,resid clothes dryers,missing,missing,missing,missing,missing,missing,missing,missing,missing,MTC
2958,0.015944076,0.017592883,0.0095213457,0.0086932173,0.0076043946,0.0066763522,0.0057022025399999,0.0053483204,0.0049215566999999,s1-procureScaling-h,high,WV,resid cooking,missing,missing,missing,missing,missing,missing,missing,missing,missing,MTC
2959,0.59128775,0.6388028899999999,0.451113283,0.412559255,0.3627926390000001,0.305292574,0.245320251,0.1875296839999999,0.1417816280999999,s1-procureScaling-h,high,WV,resid heating,missing,missing,missing,missing,missing,missing,missing,missing,missing,MTC
2960,0.089421614,0.103233623,0.0604014489999999,0.054520807,0.0494781975999999,0.0420572436999999,0.0435916305,0.0405541809999999,0.037825205,s1-procureScaling-h,high,WV,resid hot water,missing,missing,missing,missing,missing,missing,missing,missing,missing,MTC
2961,0.00599724,0.00187376,0.00910629,0.00883389,0.00922146,0.00974893,0.01024338,0.00880338,0.00867391,s1-procureScaling-h,high,WV,resid other,missing,missing,missing,missing,missing,missing,missing,missing,missing,MTC
2962,0.5705093512099999,0.058579773,0.0414433196,0.0372986452873,0.0246750456176,0.0222956523839999,0.0190998029309999,0.014792001888,0.0118640896889999,s1-procureScaling-h,high,WV,subpeak generation,missing,missing,missing,missing,missing,missing,missing,missing,missing,MTC
2963,0.00636765,0.00561235,0.00476044,0.00491009,0.00476063,0.00484782,0.00497437,0.00498009,0.00509374,s1-procureScaling-h,high,WV,trn_aviation_intl,missing,missing,missing,missing,missing,missing,missing,missing,missing,MTC
2964,0.06686,0.0848559,0.0713827,0.0758809,0.0769743,0.0800984,0.0830917,0.0853394,0.0888968,s1-procureScaling-h,high,WV,trn_freight,missing,missing,missing,missing,missing,missing,missing,missing,missing,MTC
2965,1.012461,1.284984,1.0753360960000002,1.119410415,1.0231976390000002,0.927840262,0.8863879510000001,0.7862981819999999,0.7024410980000002,s1-procureScaling-h,high,WV,trn_freight_road,missing,missing,missing,missing,missing,missing,missing,missing,missing,MTC
2966,0.0271891,0.02506252,0.02226163,0.02352041,0.0219268499999999,0.0228793,0.02368382,0.02347283,0.02439927,s1-procureScaling-h,high,WV,trn_pass,missing,missing,missing,missing,missing,missing,missing,missing,missing,MTC
2967,0.0388275,0.0599578999999999,0.0892189999999999,0.0922119,0.06672939,0.0514964,0.0451587199999999,0.04243682,0.04081117,s1-procureScaling-h,high,WV,trn_pass_road,missing,missing,missing,missing,missing,missing,missing,missing,missing,MTC
2968,0.00547229,0.00603089,0.00518667,0.0047603,0.00426496,0.00398079,0.00375804,0.0034979,0.00336642,s1-procureScaling-h,high,WV,trn_pass_road_LDV,missing,missing,missing,missing,missing,missing,missing,missing,missing,MTC
2969,1.55470594,1.71360977,1.488454206,1.300579877,0.965531903,0.719838558,0.525914259,0.4640894009999999,0.430719999,s1-procureScaling-h,high,WV,trn_pass_road_LDV_4W,missing,missing,missing,missing,missing,missing,missing,missing,missing,MTC
2970,0.0,0.0,0.0,-0.05802748,-0.1108866,-0.1827579999999999,-0.600197,-2.08395,-5.9414,s1-procureScaling-h,high,WI,CDR_regional,missing,missing,missing,missing,missing,missing,missing,missing,missing,MTC
2971,3.76433182,6.483220799999999,4.781373999999999,4.8146434744,1.4588386216000002,1.1415153995999998,1.1216279371000002,0.5962171313000002,0.8330141074400002,s1-procureScaling-h,high,WI,base load generation,missing,missing,missing,missing,missing,missing,missing,missing,missing,MTC
2972,0.0,0.064913626,0.21097611,0.20297186,0.15550771,0.12150948,0.0912152399999999,0.0581291799999999,0.0257647619999999,s1-procureScaling-h,high,WI,biomass liquids,missing,missing,missing,missing,missing,missing,missing,missing,missing,MTC
2973,0.0,0.0,0.057396517,0.234966466,1.086682757,1.3648384000000002,1.41966469,1.8450740280000004,2.083363638999999,s1-procureScaling-h,high,WI,biorefining,missing,missing,missing,missing,missing,missing,missing,missing,missing,MTC
2974,0.160893,0.227388,0.169502,0.188739,0.0344487,0.0313711,0.0324744,0.02301345,0.02360177,s1-procureScaling-h,high,WI,cement,missing,missing,missing,missing,missing,missing,missing,missing,missing,MTC
2975,0.04473,0.0355737,0.0354635,0.03516336,0.03186398,0.0290183,0.027317697,0.023881532,0.022710077,s1-procureScaling-h,high,WI,comm cooking,missing,missing,missing,missing,missing,missing,missing,missing,missing,MTC
2976,0.0011431,0.00674496,0.003395409,0.003294018,0.003093253,0.002914315,0.002799764,0.002540813,0.0025036087,s1-procureScaling-h,high,WI,comm cooling,missing,missing,missing,missing,missing,missing,missing,missing,missing,MTC
2977,0.92310809,1.480428,1.1162454,1.11288572,1.04612636,0.9957920399999998,0.94786922,0.79228293,0.75998645,s1-procureScaling-h,high,WI,comm heating,missing,missing,missing,missing,missing,missing,missing,missing,missing,MTC
2978,0.209065,0.09192974,0.12588489,0.12583808,0.11880607,0.113427563,0.111020252,0.1000225269999999,0.0992328889999999,s1-procureScaling-h,high,WI,comm hot water,missing,missing,missing,missing,missing,missing,missing,missing,missing,MTC
2979,0.054416,0.03915928,0.183937,0.2009389,0.225621,0.2727977,0.3044057,0.2986138,0.3068766,s1-procureScaling-h,high,WI,comm other,missing,missing,missing,missing,missing,missing,missing,missing,missing,MTC
2980,4.4839894000000005,4.3841902,3.67245092223,3.75645810098,3.7994884206535,3.884673990644401,3.9552202159109,3.907872963082099,3.8462836796342,s1-procureScaling-h,high,WI,industrial energy use,missing,missing,missing,missing,missing,missing,missing,missing,missing,MTC
2981,5.389542409999999,6.9650769,6.08641211,6.109734922,4.608002893,4.184599327000001,4.115781536000002,2.4569216449999987,2.1977161760000024,s1-procureScaling-h,high,WI,intermediate generation,missing,missing,missing,missing,missing,missing,missing,missing,missing,MTC
2982,0.115674,0.0872707,0.09767883,0.09523524,0.0762984499999999,0.0666984499999999,0.06188715,0.05310648,0.04507457,s1-procureScaling-h,high,WI,oil refining,missing,missing,missing,missing,missing,missing,missing,missing,missing,MTC
2983,0.075506832,0.0836186,0.07344710377,0.0654433129982999,0.0411312858766999,0.0353936670115999,0.0290841976682,0.0198666051796999,0.0141150863065,s1-procureScaling-h,high,WI,peak generation,missing,missing,missing,missing,missing,missing,missing,missing,missing,MTC
2984,0.12925732,0.18460072,0.13563105,0.14923268,0.09708275,0.10119627,0.10684225,0.1064227,0.11067158,s1-procureScaling-h,high,WI,process heat cement,missing,missing,missing,missing,missing,missing,missing,missing,missing,MTC
2985,-1.81091,-2.43302,-2.06269,-2.34402,-5.47746,-6.59172,-6.86124,-10.438,-13.9327,s1-procureScaling-h,high,WI,regional biomass,missing,missing,missing,missing,missing,missing,missing,missing,missing,MTC
2986,0.0,-0.00351655,-0.0835734,-0.0894055,-0.098292,-0.0970458,-0.089495,-0.10247,-0.109049,s1-procureScaling-h,high,WI,regional biomassOil,missing,missing,missing,missing,missing,missing,missing,missing,missing,MTC
2987,0.0,-0.280682,-0.911916,-0.900443,-0.77563,-0.661912,-0.541691,-0.476477,-0.390498,s1-procureScaling-h,high,WI,regional corn for ethanol,missing,missing,missing,missing,missing,missing,missing,missing,missing,MTC
2988,0.0118286,0.0256906,0.00573674,0.00559404,0.0052555,0.004799528,0.004867206,0.0047152539999999,0.0045138639999999,s1-procureScaling-h,high,WI,resid clothes dryers,missing,missing,missing,missing,missing,missing,missing,missing,missing,MTC
2989,0.04644864,0.08000712,0.030201333,0.0280477179999999,0.0246043899999999,0.0216085239999999,0.0184744378999999,0.0175723847999999,0.0164552524,s1-procureScaling-h,high,WI,resid cooking,missing,missing,missing,missing,missing,missing,missing,missing,missing,MTC
2990,2.2353273600000003,2.5790883,2.0982153599999998,1.97371493,1.79245507,1.5832638600000004,1.3571661000000002,1.1180232700000003,0.91427801,s1-procureScaling-h,high,WI,resid heating,missing,missing,missing,missing,missing,missing,missing,missing,missing,MTC
2991,0.30222234,0.4344057299999999,0.29275446,0.27332163,0.250520616,0.2121636659999999,0.2152617319999999,0.201482955,0.186555044,s1-procureScaling-h,high,WI,resid hot water,missing,missing,missing,missing,missing,missing,missing,missing,missing,MTC
2992,0.0305192,0.0141904,0.02904498,0.02909162,0.02988472,0.0319006,0.0337575,0.03006299,0.02966599,s1-procureScaling-h,high,WI,resid other,missing,missing,missing,missing,missing,missing,missing,missing,missing,MTC
2993,0.4656230499999999,0.6685239999999999,0.467502316,0.4291920270499999,0.3091187765379999,0.27182333246,0.23476615452,0.19286027481,0.17083791958,s1-procureScaling-h,high,WI,subpeak generation,missing,missing,missing,missing,missing,missing,missing,missing,missing,MTC
2994,0.0333669,0.0673121,0.0453857,0.0473509,0.0466411,0.047725,0.0493131,0.049902,0.0514189,s1-procureScaling-h,high,WI,trn_aviation_intl,missing,missing,missing,missing,missing,missing,missing,missing,missing,MTC
2995,0.1416223583999999,0.16425956,0.186236,0.199744,0.205623,0.215925,0.226413,0.235485,0.249841,s1-procureScaling-h,high,WI,trn_freight,missing,missing,missing,missing,missing,missing,missing,missing,missing,MTC
2996,2.144122,2.450053,2.8003567800000004,2.93968304,2.719802554,2.492519193,2.399037199,2.1533095929999995,1.9534981600000003,s1-procureScaling-h,high,WI,trn_freight_road,missing,missing,missing,missing,missing,missing,missing,missing,missing,MTC
2997,0.13354071,0.2641231,0.18998941,0.20255265,0.1916108899999999,0.20058462,0.20890577,0.20917036,0.21864975,s1-procureScaling-h,high,WI,trn_pass,missing,missing,missing,missing,missing,missing,missing,missing,missing,MTC
2998,0.0822256,0.09589355,0.1480746299999999,0.1502773899999999,0.10604514,0.08000113,0.07036618,0.0671081,0.06534215,s1-procureScaling-h,high,WI,trn_pass_road,missing,missing,missing,missing,missing,missing,missing,missing,missing,MTC
2999,0.0137454,0.0181613,0.0171973,0.0159394,0.0144333,0.013559,0.0129417,0.0122276,0.0119021,s1-procureScaling-h,high,WI,trn_pass_road_LDV,missing,missing,missing,missing,missing,missing,missing,missing,missing,MTC
3000,3.9056191,5.1600981,5.06074972,4.50903566,3.39001019,2.5470130549999994,1.8764040500000003,1.63748023,1.52089388,s1-procureScaling-h,high,WI,trn_pass_road_LDV_4W,missing,missing,missing,missing,missing,missing,missing,missing,missing,MTC
3001,0.000270407,0.0229592,0.0,0.0,0.0,0.0,0.0,0.0,0.0,s1-procureScaling-h,high,WI,trn_shipping_intl,missing,missing,missing,missing,missing,missing,missing,missing,missing,MTC
3002,0.0,0.0,0.0,-0.05976736,-0.12225437,-0.1205894,-0.359559,-1.20473,-4.10769,s1-procureScaling-h,high,WY,CDR_regional,missing,missing,missing,missing,missing,missing,missing,missing,missing,MTC
3003,6.49447889314,8.5040941456,9.050067530000002,9.1560736547,2.1419723712999987,1.4747132055000007,1.418933195499999,0.62277079926,0.8284927331999999,s1-procureScaling-h,high,WY,base load generation,missing,missing,missing,missing,missing,missing,missing,missing,missing,MTC
3004,0.0,0.00175402,0.00299608,0.00288251,0.0022065,0.00172405,0.0012942,0.000824697,0.000365532,s1-procureScaling-h,high,WY,biomass liquids,missing,missing,missing,missing,missing,missing,missing,missing,missing,MTC
3005,0.0,0.0,0.06039502,0.242072145,1.111892817,1.3969317999999995,1.4534817249999996,1.862713185,2.034249621,s1-procureScaling-h,high,WY,biorefining,missing,missing,missing,missing,missing,missing,missing,missing,missing,MTC
3006,0.0,0.0,0.0,0.0,0.0,0.0,0.0,0.01374173,0.14673288,s1-procureScaling-h,high,WY,coal to liquids,missing,missing,missing,missing,missing,missing,missing,missing,missing,MTC
3007,0.0043882,0.00685577,0.015477528,0.0161332179999999,0.015838025,0.016151846,0.01673968,0.016047563,0.016114706,s1-procureScaling-h,high,WY,comm cooking,missing,missing,missing,missing,missing,missing,missing,missing,missing,MTC
3008,0.0,7.52594e-05,9.36112e-05,9.53679e-05,9.77344e-05,0.0001009247,0.00010417901,0.00010079142,0.00010087623,s1-procureScaling-h,high,WY,comm cooling,missing,missing,missing,missing,missing,missing,missing,missing,missing,MTC
3009,0.26936291,0.18524393,0.13380153,0.1352251599999999,0.13063979,0.128393681,0.12502803,0.104032486,0.1002317689999999,s1-procureScaling-h,high,WY,comm heating,missing,missing,missing,missing,missing,missing,missing,missing,missing,MTC
3010,0.03174667,0.01835498,0.0388961,0.03998789,0.039768049,0.039571717,0.039008639,0.0343525438,0.033436706,s1-procureScaling-h,high,WY,comm hot water,missing,missing,missing,missing,missing,missing,missing,missing,missing,MTC
3011,0.00784044,0.01015266,0.0522216999999999,0.0559038,0.059491,0.0667075,0.0724952,0.0710326,0.0743477,s1-procureScaling-h,high,WY,comm other,missing,missing,missing,missing,missing,missing,missing,missing,missing,MTC
3012,0.0,0.0,0.0,0.0,0.0,0.0,0.0,0.00365864,0.03783594,s1-procureScaling-h,high,WY,gas to liquids,missing,missing,missing,missing,missing,missing,missing,missing,missing,MTC
3013,2.01507722,1.6778811,1.8218205048,1.83944046091,1.76732000745,1.8296053118260005,1.8576349742580005,1.808327305873,1.768374796448001,s1-procureScaling-h,high,WY,industrial energy use,missing,missing,missing,missing,missing,missing,missing,missing,missing,MTC
3014,4.503208461609999,4.096260636299999,2.995609366,3.1450657630000003,1.9448498301000003,1.805416815499999,1.9105643813,1.0938995089000003,1.0921420809,s1-procureScaling-h,high,WY,intermediate generation,missing,missing,missing,missing,missing,missing,missing,missing,missing,MTC
3015,0.591306,0.389299,0.4566415,0.4453194,0.3568378,0.3119838,0.2894192,0.24825391,0.20985325,s1-procureScaling-h,high,WY,oil refining,missing,missing,missing,missing,missing,missing,missing,missing,missing,MTC
3016,0.0595876509459999,0.00020946725,0.0003296183767,0.000296897144793,0.00016701651867300003,0.00013833282209699995,0.00011095316232499998,5.551305752299997e-05,3.610805788299999e-05,s1-procureScaling-h,high,WY,peak generation,missing,missing,missing,missing,missing,missing,missing,missing,missing,MTC
3017,-0.0437527,-0.0604737,-0.194082,-0.494365,-3.51781,-4.53624,-4.78028,-7.71416,-10.3668,s1-procureScaling-h,high,WY,regional biomass,missing,missing,missing,missing,missing,missing,missing,missing,missing,MTC
3018,0.0,0.0,-0.0142017,-0.0229626,-0.0487112,-0.0590555,-0.0616172,-0.0850915,-0.0982058,s1-procureScaling-h,high,WY,regional biomassOil,missing,missing,missing,missing,missing,missing,missing,missing,missing,MTC
3019,0.0,-0.00761333,-0.0329837,-0.0573207,-0.138725,-0.170399,-0.177699,-0.255303,-0.296887,s1-procureScaling-h,high,WY,regional corn for ethanol,missing,missing,missing,missing,missing,missing,missing,missing,missing,MTC
3020,0.00091164,0.00222798,0.000586908,0.0005862279999999999,0.0005714229999999999,0.000549608,0.0005625675999999999,0.0005437751,0.0005213679,s1-procureScaling-h,high,WY,resid clothes dryers,missing,missing,missing,missing,missing,missing,missing,missing,missing,MTC
3021,0.0033103869999999,0.007189934,0.0038622455,0.0036460461,0.0032886996,0.0029812726,0.0026420023,0.0025027891,0.0023503588,s1-procureScaling-h,high,WY,resid cooking,missing,missing,missing,missing,missing,missing,missing,missing,missing,MTC
3022,0.21297706,0.19187629,0.196683484,0.185543678,0.171157491,0.155280199,0.136924777,0.1155228458,0.0966366828,s1-procureScaling-h,high,WY,resid heating,missing,missing,missing,missing,missing,missing,missing,missing,missing,MTC
3023,0.0356073369999999,0.052402357,0.042351127,0.0407571649999999,0.038818897,0.0352829517,0.0358743461,0.0335817103,0.031412598,s1-procureScaling-h,high,WY,resid hot water,missing,missing,missing,missing,missing,missing,missing,missing,missing,MTC
3024,0.00154668,0.0024598,0.00443443,0.0044160899999999,0.00447084,0.00480111,0.00507485,0.0044599,0.00451865,s1-procureScaling-h,high,WY,resid other,missing,missing,missing,missing,missing,missing,missing,missing,missing,MTC
3025,0.4059577726699999,0.0100654163,0.0007103030819999999,0.0008165689059100001,0.0006955900399300001,0.0006980007972200002,0.0008216719126599997,0.0020608433439599,0.00151132008281,s1-procureScaling-h,high,WY,subpeak generation,missing,missing,missing,missing,missing,missing,missing,missing,missing,MTC
3026,0.00332838,0.004792,0.0105401,0.0105463,0.0103518,0.0106213,0.0109995,0.011135,0.011475,s1-procureScaling-h,high,WY,trn_aviation_intl,missing,missing,missing,missing,missing,missing,missing,missing,missing,MTC
3027,0.0762461,0.0996276,0.0799181,0.0823256,0.0847275,0.0901644,0.0955735,0.100368,0.10935,s1-procureScaling-h,high,WY,trn_freight,missing,missing,missing,missing,missing,missing,missing,missing,missing,MTC
3028,1.154594,1.508683,1.2081070180000002,1.2193803500000002,1.1195735590000002,1.022177557,0.9966257960000002,0.8989440200000001,0.8263299380000001,s1-procureScaling-h,high,WY,trn_freight_road,missing,missing,missing,missing,missing,missing,missing,missing,missing,MTC
3029,0.01597198,0.0225654299999999,0.04511973,0.0459008999999999,0.04348331,0.04558709,0.0475504099999999,0.04768345,0.04973898,s1-procureScaling-h,high,WY,trn_pass,missing,missing,missing,missing,missing,missing,missing,missing,missing,MTC
3030,0.0442777,0.06536122,0.0806663,0.08177047,0.0577484199999999,0.04381234,0.03857703,0.0365537799999999,0.03542815,s1-procureScaling-h,high,WY,trn_pass_road,missing,missing,missing,missing,missing,missing,missing,missing,missing,MTC
3031,0.00189921,0.00225201,0.00185525,0.0015491,0.00141118,0.00135544,0.00131232,0.00124526,0.00122445,s1-procureScaling-h,high,WY,trn_pass_road_LDV,missing,missing,missing,missing,missing,missing,missing,missing,missing,MTC
3032,0.539344681,0.6400663169999999,0.6180539059999999,0.5266804380000001,0.3857273309999999,0.2844105501,0.2054031938,0.183991462,0.17168439,s1-procureScaling-h,high,WY,trn_pass_road_LDV_4W,missing,missing,missing,missing,missing,missing,missing,missing,missing,MTC
